Workflow Construction Summary Table
========================================================================================================================

 Comp  Groups Wall Time/Evt (s) CPU Time/Evt (s) Throughput (evt/s) Write Remote (MB/evt) Read Remote (MB/evt) Net Transfer (MB/evt) CPU Cores/Evt Memory/Evt (MB)
    1       2           39.4187         156.9069             0.0064                  0.89                 0.54                  1.43        0.0054           10.85
    2       2           39.4187         156.9069             0.0064                  0.89                 0.54                  1.43        0.0054           10.85
    3       3           39.4160         156.8960             0.0064                  0.89                 0.69                  1.57        0.0054           10.85
    4       3           39.4160         156.8960             0.0064                  0.89                 0.69                  1.57        0.0054           10.85
    5       3           39.3382         156.5868             0.0064                  0.89                 0.68                  1.57        0.0054           10.85
    6       3           39.3382         156.5868             0.0064                  0.89                 0.68                  1.57        0.0054           10.85
    7       3           39.3399         156.5933             0.0064                  1.50                 1.16                  2.66        0.0054           10.84
    8       3           39.3399         156.5933             0.0064                  1.50                 1.16                  2.66        0.0054           10.84
    9       3           39.2588         156.2704             0.0064                  0.89                 1.08                  1.97        0.0054           10.84
   10       3           39.1984         156.0303             0.0064                  2.06                 1.72                  3.78        0.0054           10.85
   11       3           39.1984         156.0303             0.0064                  2.06                 1.72                  3.78        0.0054           10.85
   12       4           39.3355         156.5759             0.0064                  0.89                 0.83                  1.72        0.0054           10.85
   13       4           39.3355         156.5759             0.0064                  0.89                 0.83                  1.72        0.0054           10.85
   14       4           39.3372         156.5824             0.0064                  1.50                 1.30                  2.81        0.0054           10.84
   15       4           39.3372         156.5824             0.0064                  1.50                 1.30                  2.81        0.0054           10.84
   16       4           39.2561         156.2596             0.0064                  0.89                 1.22                  2.11        0.0054           10.84
   17       4           39.2561         156.2596             0.0064                  0.89                 1.22                  2.11        0.0054           10.84
   18       4           39.2602         156.2760             0.0064                  1.50                 1.30                  2.81        0.0054           10.85
   19       4           39.2602         156.2760             0.0064                  1.50                 1.30                  2.81        0.0054           10.85
   20       4           39.1957         156.0195             0.0064                  2.06                 1.86                  3.92        0.0054           10.85
   21       4           39.1354         155.7792             0.0064                  2.68                 2.34                  5.01        0.0054           10.84
   22       4           39.1957         156.0195             0.0064                  2.06                 1.86                  3.92        0.0054           10.85
   23       4           39.1354         155.7792             0.0064                  2.68                 2.34                  5.01        0.0054           10.84
   24       4           39.1825         155.9669             0.0064                  2.06                 1.86                  3.92        0.0054           10.85
   25       4           39.1825         155.9669             0.0064                  2.06                 1.86                  3.92        0.0054           10.85
   26       4           39.1705         155.9193             0.0064                  2.06                 2.26                  4.32        0.0054           10.85
   27       4           39.1830         155.9687             0.0064                  1.50                 1.70                  3.20        0.0054           10.84
   28       5           39.2534         156.2487             0.0064                  0.89                 1.37                  2.26        0.0054           10.84
   29       5           39.2574         156.2651             0.0064                  1.50                 1.45                  2.95        0.0054           10.85
   30       5           39.2574         156.2651             0.0064                  1.50                 1.45                  2.95        0.0054           10.85
   31       5           39.1327         155.7684             0.0064                  2.68                 2.48                  5.16        0.0054           10.84
   32       5           39.1327         155.7684             0.0064                  2.68                 2.48                  5.16        0.0054           10.84
   33       5           39.1798         155.9561             0.0064                  2.06                 2.01                  4.07        0.0054           10.86
   34       5           39.1798         155.9561             0.0064                  2.06                 2.01                  4.07        0.0054           10.86
   35       5           39.1678         155.9085             0.0064                  2.06                 2.40                  4.46        0.0054           10.86
   36       5           39.1678         155.9085             0.0064                  2.06                 2.40                  4.46        0.0054           10.86
   37       5           39.1803         155.9578             0.0064                  1.50                 1.84                  3.35        0.0054           10.84
   38       5           39.1803         155.9578             0.0064                  1.50                 1.84                  3.35        0.0054           10.84
   39       5           39.1195         155.7158             0.0064                  2.68                 2.48                  5.16        0.0054           10.85
   40       5           39.1195         155.7158             0.0064                  2.68                 2.48                  5.16        0.0054           10.85
   41       5           39.1076         155.6682             0.0064                  2.68                 2.87                  5.55        0.0054           10.85
   42       6           39.1651         155.8977             0.0064                  2.06                 2.55                  4.61        0.0054           10.86
   43       6           39.1776         155.9469             0.0064                  1.50                 1.99                  3.49        0.0054           10.84
   44       6           39.1168         155.7049             0.0064                  2.68                 2.63                  5.31        0.0054           10.85
   45       6           39.1168         155.7049             0.0064                  2.68                 2.63                  5.31        0.0054           10.85
   46       6           39.1048         155.6574             0.0064                  2.68                 3.02                  5.70        0.0054           10.85
   47       6           39.1048         155.6574             0.0064                  2.68                 3.02                  5.70        0.0054           10.85
   48       7           39.1021         155.6467             0.0064                  2.68                 3.17                  5.85        0.0054           10.85

Summary Statistics:
------------------------------------------------------------------------------------------------------------------------
        Comp     Groups  Wall Time/Evt (s)  CPU Time/Evt (s)  Throughput (evt/s)  Write Remote (MB/evt)  Read Remote (MB/evt)  Net Transfer (MB/evt)  CPU Cores/Evt  Memory/Evt (MB)
count  48.00  48.000000          48.000000         48.000000           48.000000              48.000000             48.000000              48.000000      48.000000        48.000000
mean   24.50   4.333333          39.224253        156.132921            0.006405               1.782451              1.763505               3.545957       0.005424        10.848267
std    14.00   1.117241           0.095265          0.379228            0.000016               0.668887              0.727660               1.369906       0.000002         0.004345
min     1.00   2.000000          39.102144        155.646662            0.006373               0.888672              0.538299               1.426971       0.005422        10.843200
25%    12.75   4.000000          39.157693        155.868108            0.006396               1.350435              1.224630               2.561196       0.005422        10.844800
50%    24.50   4.000000          39.189361        155.994078            0.006410               1.782451              1.843416               3.635983       0.005424        10.848000
75%    36.25   5.000000          39.278996        156.350953            0.006416               2.214468              2.403330               4.710913       0.005426        10.851200
max    48.00   7.000000          39.418694        156.906890            0.006425               2.676230              3.168988               5.845219       0.005430        10.859200
