Workflow Construction Summary Table
========================================================================================================================

 Comp  Groups Wall Time/Evt (s) CPU Time/Evt (s) Throughput (evt/s) Write Remote (MB/evt) Read Remote (MB/evt) Net Transfer (MB/evt) CPU Cores/Evt Memory/Evt (MB)
    1       1            7.9483          60.5616             0.0165                  0.45                 0.00                  0.45        0.0085            8.48
    2       2            7.8843          60.0730             0.0166                  0.45                 0.07                  0.51        0.0085            8.48
    3       2            7.8206          59.5927             0.0168                  0.45                 0.39                  0.84        0.0085            8.48
    4       2            7.8225          59.6019             0.0168                  2.54                 2.20                  4.74        0.0085            8.48
    5       2            7.7960          59.4048             0.0168                  1.23                 0.82                  2.05        0.0085            8.48
    6       3            7.8184          59.5732             0.0168                  0.45                 0.47                  0.92        0.0085            8.48
    7       3            7.8043          59.4636             0.0168                  2.54                 2.27                  4.81        0.0085            8.48
    8       3            7.7656          59.1792             0.0169                  1.23                 0.89                  2.12        0.0085            8.48
    9       3            7.7933          59.3804             0.0168                  2.54                 2.60                  5.14        0.0085            8.48
   10       3            7.7439          59.0048             0.0169                  1.23                 1.22                  2.45        0.0085            8.48
   11       3            7.7933          59.3843             0.0168                  3.32                 3.02                  6.34        0.0085            8.48
   12       4            7.7890          59.3526             0.0168                  2.54                 2.67                  5.21        0.0085            8.49
   13       4            7.7406          58.9808             0.0170                  1.23                 1.28                  2.51        0.0085            8.48
   14       4            7.7756          59.2479             0.0169                  3.32                 3.09                  6.41        0.0085            8.48
   15       4            7.7648          59.1657             0.0169                  3.32                 3.42                  6.74        0.0085            8.48
   16       5            7.7619          59.1431             0.0169                  3.32                 3.48                  6.80        0.0085            8.48

Summary Statistics:
------------------------------------------------------------------------------------------------------------------------
            Comp     Groups  Wall Time/Evt (s)  CPU Time/Evt (s)  Throughput (evt/s)  Write Remote (MB/evt)  Read Remote (MB/evt)  Net Transfer (MB/evt)  CPU Cores/Evt  Memory/Evt (MB)
count  16.000000  16.000000          16.000000         16.000000           16.000000              16.000000             16.000000              16.000000      16.000000        16.000000
mean    8.500000   3.000000           7.801386         59.444348            0.016823               1.884766              1.742490               3.627256       0.008481         8.481300
std     4.760952   1.032796           0.052741          0.400869            0.000112               1.152134              1.230019               2.373579       0.000003         0.003104
min     1.000000   1.000000           7.740582         58.980822            0.016512               0.449219              0.000000               0.449219       0.008477         8.476800
25%     4.750000   2.000000           7.765426         59.175780            0.016785               1.035156              0.733317               1.768473       0.008480         8.479600
50%     8.500000   3.000000           7.793275         59.382323            0.016840               1.884766              1.743270               3.628036       0.008482         8.481600
75%    12.250000   4.000000           7.818964         59.578089            0.016899               2.734375              2.754950               5.489325       0.008484         8.483600
max    16.000000   5.000000           7.948272         60.561616            0.016955               3.320312              3.481212               6.801524       0.008486         8.486400
