Workflow Construction Summary Table
========================================================================================================================

 Comp  Groups Wall Time/Evt (s) CPU Time/Evt (s) Throughput (evt/s) Write Remote (MB/evt) Read Remote (MB/evt) Net Transfer (MB/evt) CPU Cores/Evt Memory/Evt (MB)
    1       1            6.9480          55.5844             0.0180                  0.45                 0.00                  0.45        0.0013            1.28
    2       2            6.9383          55.3061             0.0181                  0.45                 0.06                  0.51        0.0013            1.28
    3       2            6.9285          53.8227             0.0186                  0.45                 0.38                  0.83        0.0012            1.25
    4       2            6.9226          47.3460             0.0211                  2.54                 2.09                  4.63        0.0011            1.17
    5       2            6.9228          42.9125             0.0233                  1.23                 0.78                  2.01        0.0010            0.84
    6       3            6.9279          53.1194             0.0188                  0.45                 0.44                  0.89        0.0012            1.25
    7       3            6.9198          47.3347             0.0211                  2.54                 2.15                  4.69        0.0011            1.17
    8       3            6.9184          42.8950             0.0233                  1.23                 0.84                  2.08        0.0010            0.84
    9       3            6.9177          47.3262             0.0211                  2.54                 2.47                  5.00        0.0011            1.14
   10       3            6.9143          42.8785             0.0233                  1.23                 1.16                  2.39        0.0010            0.81
   11       3            6.9159          42.8851             0.0233                  3.32                 2.87                  6.19        0.0010            0.82
   12       4            6.9171          46.6229             0.0214                  2.54                 2.53                  5.07        0.0011            1.15
   13       4            6.9137          42.1752             0.0237                  1.23                 1.22                  2.45        0.0010            0.81
   14       4            6.9131          42.8739             0.0233                  3.32                 2.93                  6.25        0.0010            0.82
   15       4            6.9110          42.8653             0.0233                  3.32                 3.25                  6.57        0.0010            0.79
   16       5            6.9104          42.1620             0.0237                  3.32                 3.31                  6.63        0.0010            0.79

Summary Statistics:
------------------------------------------------------------------------------------------------------------------------
            Comp     Groups  Wall Time/Evt (s)  CPU Time/Evt (s)  Throughput (evt/s)  Write Remote (MB/evt)  Read Remote (MB/evt)  Net Transfer (MB/evt)  CPU Cores/Evt  Memory/Evt (MB)
count  16.000000  16.000000          16.000000         16.000000           16.000000              16.000000             16.000000              16.000000      16.000000        16.000000
mean    8.500000   3.000000           6.921223         46.756875            0.021603               1.884766              1.655273               3.540039       0.001087         1.014000
std     4.760952   1.032796           0.010239          4.996645            0.002154               1.152134              1.168838               2.312666       0.000113         0.208809
min     1.000000   1.000000           6.910443         42.162037            0.017991               0.449219              0.000000               0.449219       0.000982         0.790000
25%     4.750000   2.000000           6.914145         42.877374            0.020547               1.035156              0.695801               1.730957       0.000996         0.819500
50%     8.500000   3.000000           6.918024         44.767686            0.022376               1.884766              1.655273               3.540039       0.001045         0.991000
75%    12.250000   4.000000           6.924053         48.789330            0.023322               2.734375              2.614746               5.349121       0.001136         1.192500
max    16.000000   5.000000           6.948045         55.584359            0.023718               3.320312              3.310547               6.630859       0.001280         1.280000
