Workflow Construction Summary Table
========================================================================================================================

 Comp  Groups Wall Time/Evt (s) CPU Time/Evt (s) Throughput (evt/s) Write Remote (MB/evt) Read Remote (MB/evt) Net Transfer (MB/evt) CPU Cores/Evt Memory/Evt (MB)
    1       1            7.1767          56.8846             0.0176                  0.45                 0.00                  0.45        0.0039            3.91
    2       2            7.1469          56.4462             0.0177                  0.45                 0.06                  0.51        0.0039            3.90
    3       2            7.1170          54.7949             0.0182                  0.45                 0.38                  0.83        0.0038            3.81
    4       2            7.1018          48.0623             0.0208                  2.54                 2.12                  4.66        0.0033            3.57
    5       2            7.1011          43.4660             0.0230                  1.23                 0.79                  2.02        0.0030            2.58
    6       3            7.1154          54.0844             0.0185                  0.45                 0.44                  0.89        0.0038            3.82
    7       3            7.0929          48.0277             0.0208                  2.54                 2.18                  4.72        0.0034            3.57
    8       3            7.0875          43.4124             0.0230                  1.23                 0.86                  2.10        0.0030            2.57
    9       3            7.0867          48.0030             0.0208                  2.54                 2.50                  5.04        0.0033            3.46
   10       3            7.0750          43.3631             0.0231                  1.23                 1.18                  2.41        0.0030            2.48
   11       3            7.0827          43.3933             0.0230                  3.32                 2.92                  6.24        0.0030            2.51
   12       4            7.0852          47.2929             0.0211                  2.54                 2.57                  5.11        0.0033            3.48
   13       4            7.0735          42.6531             0.0234                  1.23                 1.24                  2.47        0.0030            2.49
   14       4            7.0741          43.3595             0.0231                  3.32                 2.98                  6.30        0.0030            2.51
   15       4            7.0676          43.3340             0.0231                  3.32                 3.30                  6.62        0.0030            2.40
   16       5            7.0661          42.6239             0.0235                  3.32                 3.36                  6.68        0.0030            2.41

Summary Statistics:
------------------------------------------------------------------------------------------------------------------------
            Comp     Groups  Wall Time/Evt (s)  CPU Time/Evt (s)  Throughput (evt/s)  Write Remote (MB/evt)  Read Remote (MB/evt)  Net Transfer (MB/evt)  CPU Cores/Evt  Memory/Evt (MB)
count  16.000000  16.000000          16.000000         16.000000           16.000000              16.000000             16.000000              16.000000      16.000000          16.0000
mean    8.500000   3.000000           7.096874         47.450077            0.021302               1.884766              1.679970               3.564735       0.003305           3.0925
std     4.760952   1.032796           0.030063          5.255182            0.002194               1.152134              1.187570               2.331456       0.000352           0.6321
min     1.000000   1.000000           7.066072         42.623936            0.017579               0.449219              0.000000               0.449219       0.002988           2.3980
25%     4.750000   2.000000           7.074768         43.362204            0.020227               1.035156              0.705327               1.740483       0.003027           2.5060
50%     8.500000   3.000000           7.087093         45.379416            0.022076               1.884766              1.677612               3.562377       0.003172           3.0220
75%    12.250000   4.000000           7.105159         49.567811            0.023062               2.734375              2.654317               5.388692       0.003455           3.6325
max    16.000000   5.000000           7.176698         56.884590            0.023461               3.320312              3.363504               6.683816       0.003912           3.9120
