Workflow Construction Summary Table
========================================================================================================================

 Comp  Groups Wall Time/Evt (s) CPU Time/Evt (s) Throughput (evt/s) Write Remote (MB/evt) Read Remote (MB/evt) Net Transfer (MB/evt) CPU Cores/Evt Memory/Evt (MB)
    1       1            7.0350          55.9318             0.0179                  0.45                 0.00                  0.45        0.0013            1.29
    2       2            7.0251          55.6527             0.0180                  0.45                 0.06                  0.51        0.0013            1.29
    3       2            7.0151          54.1689             0.0185                  0.45                 0.38                  0.83        0.0013            1.26
    4       2            7.0091          47.6744             0.0210                  2.54                 2.09                  4.63        0.0011            1.18
    5       2            7.0094          43.2241             0.0231                  1.23                 0.78                  2.01        0.0010            0.85
    6       3            7.0145          53.4656             0.0187                  0.45                 0.44                  0.89        0.0012            1.26
    7       3            7.0063          47.6631             0.0210                  2.54                 2.16                  4.70        0.0011            1.18
    8       3            7.0049          43.2063             0.0231                  1.23                 0.85                  2.08        0.0010            0.84
    9       3            7.0041          47.6545             0.0210                  2.54                 2.47                  5.01        0.0011            1.14
   10       3            7.0007          43.1897             0.0232                  1.23                 1.16                  2.39        0.0010            0.81
   11       3            7.0024          43.1963             0.0232                  3.32                 2.88                  6.20        0.0010            0.83
   12       4            7.0036          46.9513             0.0213                  2.54                 2.53                  5.07        0.0011            1.15
   13       4            7.0002          42.4863             0.0235                  1.23                 1.22                  2.45        0.0010            0.81
   14       4            6.9995          43.1848             0.0232                  3.32                 2.94                  6.26        0.0010            0.82
   15       4            6.9974          43.1763             0.0232                  3.32                 3.26                  6.58        0.0010            0.79
   16       5            6.9968          42.4731             0.0235                  3.32                 3.32                  6.64        0.0010            0.79

Summary Statistics:
------------------------------------------------------------------------------------------------------------------------
            Comp     Groups  Wall Time/Evt (s)  CPU Time/Evt (s)  Throughput (evt/s)  Write Remote (MB/evt)  Read Remote (MB/evt)  Net Transfer (MB/evt)  CPU Cores/Evt  Memory/Evt (MB)
count  16.000000  16.000000          16.000000         16.000000           16.000000              16.000000             16.000000              16.000000      16.000000        16.000000
mean    8.500000   3.000000           7.007745         47.081202            0.021452               1.884766              1.659181               3.543947       0.001096         1.017950
std     4.760952   1.032796           0.010383          5.011616            0.002131               1.152134              1.171981               2.315815       0.000114         0.212541
min     1.000000   1.000000           6.996833         42.473055            0.017879               0.449219              0.000000               0.449219       0.000991         0.787600
25%     4.750000   2.000000           7.000583         43.188453            0.020408               1.035156              0.697434               1.732590       0.001007         0.817500
50%     8.500000   3.000000           7.004502         45.087690            0.022217               1.884766              1.658780               3.543546       0.001051         0.996300
75%    12.250000   4.000000           7.010647         49.122218            0.023154               2.734375              2.620874               5.355249       0.001144         1.200050
max    16.000000   5.000000           7.034973         55.931834            0.023544               3.320312              3.319258               6.639570       0.001294         1.294400
