Workflow Construction Summary Table
========================================================================================================================

 Comp  Groups Wall Time/Evt (s) CPU Time/Evt (s) Throughput (evt/s) Write Remote (MB/evt) Read Remote (MB/evt) Net Transfer (MB/evt) CPU Cores/Evt Memory/Evt (MB)
    1       1            6.9647         443.6707             0.0023                  0.45                 0.00                  0.45        0.1240          124.03
    2       2            6.9647         440.6714             0.0023                  0.45                 0.06                  0.51        0.1231          123.19
    3       2            6.9647         419.5626             0.0024                  0.45                 0.38                  0.83        0.1173          118.00
    4       2            6.9648         202.9126             0.0049                  1.23                 0.78                  2.01        0.0566           57.69
    5       2            6.9647         167.7614             0.0060                  2.54                 2.10                  4.63        0.0469           57.89
    6       3            6.9647         419.5626             0.0024                  0.45                 0.44                  0.89        0.1173          117.97
    7       3            6.9648         199.9126             0.0050                  1.23                 0.85                  2.08        0.0558           56.91
    8       3            6.9647         164.7614             0.0061                  2.54                 2.16                  4.70        0.0460           57.05
    9       3            6.9648         178.8046             0.0056                  1.23                 1.16                  2.39        0.0499           51.66
   10       3            6.9647         143.6534             0.0070                  2.54                 2.47                  5.01        0.0401           51.79
   11       3            6.9648         141.0104             0.0071                  3.32                 2.88                  6.20        0.0393           42.87
   12       4            6.9648         178.8046             0.0056                  1.23                 1.23                  2.46        0.0499           51.63
   13       4            6.9647         143.6534             0.0070                  2.54                 2.54                  5.07        0.0401           51.77
   14       4            6.9648         138.0104             0.0072                  3.32                 2.94                  6.26        0.0386           42.16
   15       4            6.9648         116.9024             0.0086                  3.32                 3.26                  6.58        0.0327           36.90
   16       5            6.9648         116.9024             0.0086                  3.32                 3.32                  6.64        0.0327           36.88

Summary Statistics:
------------------------------------------------------------------------------------------------------------------------
            Comp     Groups  Wall Time/Evt (s)  CPU Time/Evt (s)  Throughput (evt/s)  Write Remote (MB/evt)  Read Remote (MB/evt)  Net Transfer (MB/evt)  CPU Cores/Evt  Memory/Evt (MB)
count  16.000000  16.000000          16.000000         16.000000           16.000000              16.000000             16.000000              16.000000      16.000000        16.000000
mean    8.500000   3.000000           6.964755        226.034805            0.005488               1.884766              1.660411               3.545177       0.063141        67.399250
std     4.760952   1.032796           0.000029        124.777001            0.002161               1.152134              1.172290               2.316098       0.034905        32.583935
min     1.000000   1.000000           6.964706        116.902382            0.002254               0.449219              0.000000               0.449219       0.032672        36.878000
25%     4.750000   2.000000           6.964744        142.992642            0.004292               1.035156              0.698325               1.733481       0.039894        49.440500
50%     8.500000   3.000000           6.964763        173.283022            0.005777               1.884766              1.660363               3.545129       0.048386        54.349000
75%    12.250000   4.000000           6.964779        257.075116            0.006994               2.734375              2.622092               5.356467       0.071795        72.909500
max    16.000000   5.000000           6.964781        443.670662            0.008554               3.320312              3.321017               6.641329       0.124032       124.032000
