Workflow Construction Summary Table
========================================================================================================================

 Comp  Groups Wall Time/Evt (s) CPU Time/Evt (s) Throughput (evt/s) Write Remote (MB/evt) Read Remote (MB/evt) Net Transfer (MB/evt) CPU Cores/Evt Memory/Evt (MB)
    1       1            7.4925          57.8456             0.0173                  0.45                 0.00                  0.45        0.0007            0.69
    2       2            7.4937          57.6276             0.0174                  0.45                 0.06                  0.51        0.0007            0.70
    3       2            7.5194          56.2827             0.0178                  0.45                 0.38                  0.83        0.0007            0.68
    4       2            7.9228          51.9593             0.0192                  2.54                 2.13                  4.67        0.0006            0.64
    5       2            7.6439          45.9186             0.0218                  1.23                 0.79                  2.02        0.0005            0.45
    6       3            7.5254          55.5184             0.0180                  0.45                 0.44                  0.89        0.0007            0.68
    7       3            7.9277          51.9786             0.0192                  2.54                 2.20                  4.74        0.0006            0.63
    8       3            7.6481          45.9355             0.0218                  1.23                 0.86                  2.09        0.0006            0.46
    9       3            7.9599          52.1032             0.0192                  2.54                 2.52                  5.06        0.0006            0.61
   10       3            7.6772          46.0516             0.0217                  1.23                 1.17                  2.40        0.0005            0.43
   11       3            8.0657          47.5906             0.0210                  3.32                 2.92                  6.24        0.0005            0.45
   12       4            7.9660          51.3393             0.0195                  2.54                 2.59                  5.12        0.0006            0.62
   13       4            7.6834          45.2877             0.0221                  1.23                 1.23                  2.46        0.0005            0.44
   14       4            8.0800          47.6293             0.0210                  3.32                 2.99                  6.31        0.0006            0.46
   15       4            8.1030          47.7353             0.0209                  3.32                 3.30                  6.62        0.0006            0.43
   16       5            8.1752          47.0376             0.0213                  3.32                 3.40                  6.72        0.0006            0.45

Summary Statistics:
------------------------------------------------------------------------------------------------------------------------
            Comp     Groups  Wall Time/Evt (s)  CPU Time/Evt (s)  Throughput (evt/s)  Write Remote (MB/evt)  Read Remote (MB/evt)  Net Transfer (MB/evt)  CPU Cores/Evt  Memory/Evt (MB)
count  16.000000  16.000000          16.000000         16.000000           16.000000              16.000000             16.000000              16.000000      16.000000        16.000000
mean    8.500000   3.000000           7.805245         50.490057            0.019946               1.884766              1.686028               3.570793       0.000595         0.551250
std     4.760952   1.032796           0.242788          4.442882            0.001701               1.152134              1.195305               2.338977       0.000057         0.112233
min     1.000000   1.000000           7.492466         45.287740            0.017287               0.449219              0.000000               0.449219       0.000542         0.431000
25%     4.750000   2.000000           7.614301         46.791121            0.018898               1.035156              0.703966               1.739122       0.000551         0.445000
50%     8.500000   3.000000           7.803095         49.537339            0.020214               1.884766              1.684094               3.568859       0.000577         0.536500
75%    12.250000   4.000000           7.990928         52.956954            0.021373               2.734375              2.668351               5.402726       0.000618         0.651500
max    16.000000   5.000000           8.175243         57.845552            0.022081               3.320312              3.398495               6.718807       0.000696         0.696000
