Workflow Construction Summary Table
========================================================================================================================

 Comp  Groups Wall Time/Evt (s) CPU Time/Evt (s) Throughput (evt/s) Write Remote (MB/evt) Read Remote (MB/evt) Net Transfer (MB/evt) CPU Cores/Evt Memory/Evt (MB)
    1       1            9.5132         534.4275             0.0019                  0.45                 0.00                  0.45        0.0812           81.22
    2       2            9.4348         526.5731             0.0019                  0.45                 0.07                  0.52        0.0807           80.69
    3       2            9.2913         243.0587             0.0041                  1.23                 0.91                  2.14        0.0373           38.02
    4       2            9.3455         497.0216             0.0020                  0.45                 0.44                  0.88        0.0768           77.19
    5       2            9.2992         198.5397             0.0050                  2.54                 2.42                  4.96        0.0307           37.93
    6       3            9.3451         497.1910             0.0020                  0.45                 0.51                  0.96        0.0768           77.22
    7       3            9.2538         237.6825             0.0042                  1.23                 0.98                  2.21        0.0368           37.56
    8       3            9.2442         167.5947             0.0060                  3.32                 3.34                  6.66        0.0260           28.31
    9       3            9.2834         193.9403             0.0052                  2.54                 2.50                  5.04        0.0302           37.47
   10       3            9.2571         168.1653             0.0059                  2.54                 2.86                  5.40        0.0264           34.01
   11       3            9.2090         210.0887             0.0048                  1.23                 1.34                  2.57        0.0327           33.86
   12       4            9.2529         168.4116             0.0059                  2.54                 2.94                  5.47        0.0264           34.06
   13       4            9.2086         210.1667             0.0048                  1.23                 1.42                  2.65        0.0328           33.87
   14       4            9.2148         162.8626             0.0061                  3.32                 3.42                  6.74        0.0255           27.82
   15       4            9.1862         136.5267             0.0073                  3.32                 3.77                  7.09        0.0215           24.22
   16       5            9.1804         136.3578             0.0073                  3.32                 3.84                  7.16        0.0214           24.18

Summary Statistics:
------------------------------------------------------------------------------------------------------------------------
            Comp     Groups  Wall Time/Evt (s)  CPU Time/Evt (s)  Throughput (evt/s)  Write Remote (MB/evt)  Read Remote (MB/evt)  Net Transfer (MB/evt)  CPU Cores/Evt  Memory/Evt (MB)
count  16.000000  16.000000          16.000000         16.000000           16.000000              16.000000             16.000000              16.000000      16.000000        16.000000
mean    8.500000   3.000000           9.282483        268.038036            0.004655               1.884766              1.921795               3.806561       0.041447        44.227575
std     4.760952   1.032796           0.090764        149.890411            0.001858               1.152134              1.358196               2.501571       0.022793        21.273924
min     1.000000   1.000000           9.180438        136.357810            0.001871               0.449219              0.000000               0.449219       0.021428        24.182800
25%     4.750000   2.000000           9.213335        168.022644            0.003589               1.035156              0.808944               1.844100       0.026273        32.474000
50%     8.500000   3.000000           9.255471        204.314203            0.004898               1.884766              1.919880               3.804646       0.031721        35.763600
75%    12.250000   4.000000           9.310685        306.549420            0.005952               2.734375              3.036793               5.771168       0.047183        47.815100
max    16.000000   5.000000           9.513176        534.427543            0.007334               3.320312              3.840808               7.161121       0.081216        81.216000
