Workflow Construction Summary Table
========================================================================================================================

 Comp  Groups Wall Time/Evt (s) CPU Time/Evt (s) Throughput (evt/s) Write Remote (MB/evt) Read Remote (MB/evt) Net Transfer (MB/evt) CPU Cores/Evt Memory/Evt (MB)
    1       2           43.1615        2544.3340             0.0004                  0.89                 0.56                  1.45        0.0614           61.57
    2       2           43.1615        2544.3340             0.0004                  0.89                 0.56                  1.45        0.0614           61.57
    3       3           43.1692        2542.3075             0.0004                  0.89                 0.72                  1.61        0.0613           61.46
    4       3           43.1692        2542.3075             0.0004                  0.89                 0.72                  1.61        0.0613           61.46
    5       3           43.0884        2518.9728             0.0004                  0.89                 0.72                  1.61        0.0608           60.99
    6       3           43.0884        2518.9728             0.0004                  0.89                 0.72                  1.61        0.0608           60.99
    7       3           43.2518        2542.3293             0.0004                  1.50                 1.22                  2.72        0.0612           61.44
    8       3           43.2518        2542.3293             0.0004                  1.50                 1.22                  2.72        0.0612           61.44
    9       3           43.1064        2453.9896             0.0004                  0.89                 1.13                  2.02        0.0594           59.76
   10       3           43.2653         769.0728             0.0013                  2.06                 1.80                  3.86        0.0184           24.70
   11       3           43.2653         769.0728             0.0013                  2.06                 1.80                  3.86        0.0184           24.70
   12       4           43.1015        2518.8672             0.0004                  0.89                 0.87                  1.76        0.0608           60.97
   13       4           43.1015        2518.8672             0.0004                  0.89                 0.87                  1.76        0.0608           60.97
   14       4           43.2656        2541.6489             0.0004                  1.50                 1.37                  2.87        0.0612           61.39
   15       4           43.2656        2541.6489             0.0004                  1.50                 1.37                  2.87        0.0612           61.39
   16       4           43.1062        2452.4849             0.0004                  0.89                 1.28                  2.17        0.0593           59.67
   17       4           43.1062        2452.4849             0.0004                  0.89                 1.28                  2.17        0.0593           59.67
   18       4           43.2063        2518.2690             0.0004                  1.50                 1.37                  2.88        0.0608           60.97
   19       4           43.2063        2518.2690             0.0004                  1.50                 1.37                  2.88        0.0608           60.97
   20       4           43.2528         767.3048             0.0013                  2.06                 1.95                  4.01        0.0183           24.61
   21       4           43.3350         641.5177             0.0016                  2.68                 2.44                  5.12        0.0153           24.65
   22       4           43.2528         767.3048             0.0013                  2.06                 1.95                  4.01        0.0183           24.61
   23       4           43.3350         641.5177             0.0016                  2.68                 2.44                  5.12        0.0153           24.65
   24       4           43.2691         747.6928             0.0013                  2.06                 1.95                  4.01        0.0178           24.20
   25       4           43.2691         747.6928             0.0013                  2.06                 1.95                  4.01        0.0178           24.20
   26       4           43.2768         683.2308             0.0015                  2.06                 2.36                  4.42        0.0163           22.85
   27       4           43.1724        2452.0546             0.0004                  1.50                 1.78                  3.28        0.0592           59.62
   28       5           43.1269        2452.1308             0.0004                  0.89                 1.43                  2.32        0.0593           59.64
   29       5           43.2004        2518.1170             0.0004                  1.50                 1.52                  3.02        0.0608           60.94
   30       5           43.2004        2518.1170             0.0004                  1.50                 1.52                  3.02        0.0608           60.94
   31       5           43.3468         640.8387             0.0016                  2.68                 2.60                  5.27        0.0152           24.60
   32       5           43.3468         640.8387             0.0016                  2.68                 2.60                  5.27        0.0152           24.60
   33       5           43.2812         746.1901             0.0013                  2.06                 2.11                  4.17        0.0178           24.12
   34       5           43.2812         746.1901             0.0013                  2.06                 2.11                  4.17        0.0178           24.12
   35       5           43.2757         682.2866             0.0015                  2.06                 2.51                  4.57        0.0163           22.80
   36       5           43.2757         682.2866             0.0015                  2.06                 2.51                  4.57        0.0163           22.80
   37       5           43.1574        2450.7943             0.0004                  1.50                 1.92                  3.43        0.0592           59.54
   38       5           43.1574        2450.7943             0.0004                  1.50                 1.92                  3.43        0.0592           59.54
   39       5           43.3282         620.6420             0.0016                  2.68                 2.60                  5.28        0.0148           24.18
   40       5           43.3282         620.6420             0.0016                  2.68                 2.60                  5.28        0.0148           24.18
   41       5           43.3841         557.0315             0.0018                  2.68                 3.01                  5.69        0.0133           22.86
   42       6           43.3102         681.3725             0.0015                  2.06                 2.67                  4.73        0.0163           22.76
   43       6           43.1817        2449.8347             0.0004                  1.50                 2.08                  3.59        0.0592           59.48
   44       6           43.3724         620.3559             0.0016                  2.68                 2.76                  5.43        0.0148           24.13
   45       6           43.3724         620.3559             0.0016                  2.68                 2.76                  5.43        0.0148           24.13
   46       6           43.3802         556.0402             0.0018                  2.68                 3.16                  5.84        0.0132           22.79
   47       6           43.3802         556.0402             0.0018                  2.68                 3.16                  5.84        0.0132           22.79
   48       7           43.4137         555.5375             0.0018                  2.68                 3.32                  6.00        0.0132           22.75

Summary Statistics:
------------------------------------------------------------------------------------------------------------------------
        Comp     Groups  Wall Time/Evt (s)  CPU Time/Evt (s)  Throughput (evt/s)  Write Remote (MB/evt)  Read Remote (MB/evt)  Net Transfer (MB/evt)  CPU Cores/Evt  Memory/Evt (MB)
count  48.00  48.000000          48.000000         48.000000           48.000000              48.000000             48.000000              48.000000      48.000000        48.000000
mean   24.50   4.333333          43.241711       1586.777387            0.000956               1.782451              1.847110               3.629561       0.038194        42.274025
std    14.00   1.117241           0.092113        929.147749            0.000575               0.668887              0.761362               1.403303       0.022523        18.619237
min     1.00   2.000000          43.088418        555.537462            0.000393               0.888672              0.561867               1.450539       0.013230        22.754800
25%    12.75   4.000000          43.167249        671.408824            0.000397               1.350435              1.282568               2.620595       0.016024        24.168900
50%    24.50   4.000000          43.259076       1609.453763            0.000854               1.782451              1.923541               3.723570       0.038761        42.092800
75%    36.25   5.000000          43.314668       2518.418570            0.001490               2.214468              2.511390               4.826760       0.060777        60.966800
max    48.00   7.000000          43.413687       2544.333980            0.001800               2.676230              3.320008               5.996239       0.061369        61.569200
