Workflow Construction Summary Table
========================================================================================================================

 Comp  Groups Wall Time/Evt (s) CPU Time/Evt (s) Throughput (evt/s) Write Remote (MB/evt) Read Remote (MB/evt) Net Transfer (MB/evt) CPU Cores/Evt Memory/Evt (MB)
    1       1            9.2078          73.6621             0.0136                  0.45                 0.00                  0.45        0.0615           61.54
    2       2            8.7355          69.6702             0.0144                  0.45                 0.06                  0.51        0.0613           61.29
    3       2            7.9821          48.1455             0.0208                  1.23                 0.78                  2.01        0.0477           40.30
    4       2            8.2578          64.2487             0.0156                  0.45                 0.38                  0.83        0.0597           59.75
    5       2            7.9562          54.0488             0.0185                  2.54                 2.09                  4.63        0.0526           56.03
    6       3            8.2311          63.3953             0.0158                  0.45                 0.44                  0.89        0.0590           59.75
    7       3            7.7680          47.2892             0.0211                  1.23                 0.84                  2.08        0.0477           40.05
    8       3            7.6283          46.7303             0.0214                  3.32                 2.87                  6.19        0.0477           39.05
    9       3            7.8199          53.5033             0.0187                  2.54                 2.15                  4.69        0.0526           55.83
   10       3            7.7164          53.0893             0.0188                  2.54                 2.47                  5.00        0.0526           54.27
   11       3            7.5682          46.4902             0.0215                  1.23                 1.16                  2.39        0.0477           38.52
   12       4            7.6897          52.2359             0.0191                  2.54                 2.53                  5.07        0.0518           54.27
   13       4            7.5415          45.6367             0.0219                  1.23                 1.22                  2.45        0.0469           38.52
   14       4            7.4919          46.1848             0.0217                  3.32                 2.93                  6.25        0.0477           38.85
   15       4            7.3884          45.7708             0.0218                  3.32                 3.25                  6.57        0.0477           37.28
   16       5            7.3617          44.9173             0.0223                  3.32                 3.31                  6.63        0.0469           37.28

Summary Statistics:
------------------------------------------------------------------------------------------------------------------------
            Comp     Groups  Wall Time/Evt (s)  CPU Time/Evt (s)  Throughput (evt/s)  Write Remote (MB/evt)  Read Remote (MB/evt)  Net Transfer (MB/evt)  CPU Cores/Evt  Memory/Evt (MB)
count  16.000000  16.000000          16.000000         16.000000           16.000000              16.000000             16.000000              16.000000      16.000000        16.000000
mean    8.500000   3.000000           7.896519         53.438652            0.019184               1.884766              1.655273               3.540039       0.051948        48.285700
std     4.760952   1.032796           0.502520          9.289434            0.002911               1.152134              1.168838               2.312666       0.005481        10.115821
min     1.000000   1.000000           7.361703         44.917333            0.013575               0.449219              0.000000               0.449219       0.046908        37.284000
25%     4.750000   2.000000           7.561551         46.413810            0.017820               1.035156              0.695801               1.730957       0.047685        38.763850
50%     8.500000   3.000000           7.742178         50.190702            0.019957               1.884766              1.655273               3.540039       0.049764        47.282600
75%    12.250000   4.000000           8.044325         56.385438            0.021545               2.734375              2.614746               5.349121       0.054205        56.960950
max    16.000000   5.000000           9.207765         73.662119            0.022263               3.320312              3.310547               6.630859       0.061539        61.539200
