Workflow Construction Summary Table
========================================================================================================================

 Comp  Groups Wall Time/Evt (s) CPU Time/Evt (s) Throughput (evt/s) Write Remote (MB/evt) Read Remote (MB/evt) Net Transfer (MB/evt) CPU Cores/Evt Memory/Evt (MB)
    1       1            7.1922          57.5375             0.0174                  0.45                 0.00                  0.45        0.0077            7.67
    2       2            7.1340          57.0722             0.0175                  0.45                 0.06                  0.51        0.0077            7.67
    3       2            7.0777          56.6215             0.0177                  0.45                 0.38                  0.83        0.0077            7.68
    4       2            7.0780          56.6244             0.0177                  2.54                 2.09                  4.63        0.0077            7.67
    5       2            7.0552          56.4419             0.0177                  1.23                 0.78                  2.01        0.0077            7.67
    6       3            7.0750          56.5997             0.0177                  0.45                 0.44                  0.89        0.0077            7.68
    7       3            7.0616          56.4927             0.0177                  2.54                 2.15                  4.69        0.0077            7.67
    8       3            7.0292          56.2334             0.0178                  1.23                 0.84                  2.08        0.0077            7.67
    9       3            7.0519          56.4150             0.0177                  2.54                 2.47                  5.00        0.0077            7.68
   10       3            7.0074          56.0592             0.0178                  1.23                 1.16                  2.39        0.0077            7.68
   11       3            7.0528          56.4225             0.0177                  3.32                 2.87                  6.19        0.0077            7.67
   12       4            7.0491          56.3931             0.0177                  2.54                 2.53                  5.07        0.0077            7.68
   13       4            7.0047          56.0374             0.0178                  1.23                 1.22                  2.45        0.0077            7.68
   14       4            7.0363          56.2908             0.0178                  3.32                 2.93                  6.25        0.0077            7.67
   15       4            7.0266          56.2131             0.0178                  3.32                 3.25                  6.57        0.0077            7.68
   16       5            7.0239          56.1913             0.0178                  3.32                 3.31                  6.63        0.0077            7.68

Summary Statistics:
------------------------------------------------------------------------------------------------------------------------
            Comp     Groups  Wall Time/Evt (s)  CPU Time/Evt (s)  Throughput (evt/s)  Write Remote (MB/evt)  Read Remote (MB/evt)  Net Transfer (MB/evt)  CPU Cores/Evt  Memory/Evt (MB)
count  16.000000  16.000000          16.000000         16.000000           16.000000              16.000000             16.000000              16.000000      16.000000        16.000000
mean    8.500000   3.000000           7.059732         56.477853            0.017707               1.884766              1.655273               3.540039       0.007676         7.676000
std     4.760952   1.032796           0.047491          0.379929            0.000118               1.152134              1.168838               2.312666       0.000004         0.004131
min     1.000000   1.000000           7.004672         56.037374            0.017380               0.449219              0.000000               0.449219       0.007672         7.672000
25%     4.750000   2.000000           7.028537         56.228299            0.017666               1.035156              0.695801               1.730957       0.007672         7.672000
50%     8.500000   3.000000           7.052341         56.418732            0.017725               1.884766              1.655273               3.540039       0.007676         7.676000
75%    12.250000   4.000000           7.075648         56.605184            0.017785               2.734375              2.614746               5.349121       0.007680         7.680000
max    16.000000   5.000000           7.192192         57.537537            0.017845               3.320312              3.310547               6.630859       0.007680         7.680000
