Workflow Construction Summary Table
========================================================================================================================

 Comp  Groups Wall Time/Evt (s) CPU Time/Evt (s) Throughput (evt/s) Write Remote (MB/evt) Read Remote (MB/evt) Net Transfer (MB/evt) CPU Cores/Evt Memory/Evt (MB)
    1       2           42.7786        2526.7724             0.0004                  0.89                 0.57                  1.46        0.0306           30.69
    2       2           42.7786        2526.7724             0.0004                  0.89                 0.57                  1.46        0.0306           30.69
    3       3           42.7827        2526.3979             0.0004                  0.89                 0.72                  1.61        0.0306           30.67
    4       3           42.7827        2526.3979             0.0004                  0.89                 0.72                  1.61        0.0306           30.67
    5       3           42.6963        2503.8229             0.0004                  0.89                 0.72                  1.61        0.0303           30.43
    6       3           42.6963        2503.8229             0.0004                  0.89                 0.72                  1.61        0.0303           30.43
    7       3           42.7537        2522.8931             0.0004                  1.50                 1.21                  2.72        0.0306           30.67
    8       3           42.7537        2522.8931             0.0004                  1.50                 1.21                  2.72        0.0306           30.67
    9       3           42.6683        2439.8323             0.0004                  0.89                 1.13                  2.02        0.0296           29.76
   10       3           42.6340         751.6554             0.0013                  2.06                 1.79                  3.85        0.0091           12.31
   11       3           42.6340         751.6554             0.0013                  2.06                 1.79                  3.85        0.0091           12.31
   12       4           42.7118        2502.9007             0.0004                  0.89                 0.88                  1.77        0.0303           30.40
   13       4           42.7118        2502.9007             0.0004                  0.89                 0.88                  1.77        0.0303           30.40
   14       4           42.7671        2521.9653             0.0004                  1.50                 1.37                  2.88        0.0306           30.63
   15       4           42.7671        2521.9653             0.0004                  1.50                 1.37                  2.88        0.0306           30.63
   16       4           42.6756        2439.4261             0.0004                  0.89                 1.28                  2.17        0.0296           29.74
   17       4           42.6756        2439.4261             0.0004                  0.89                 1.28                  2.17        0.0296           29.74
   18       4           42.7230        2502.2144             0.0004                  1.50                 1.36                  2.86        0.0304           30.46
   19       4           42.7230        2502.2144             0.0004                  1.50                 1.36                  2.86        0.0304           30.46
   20       4           42.6473         750.1299             0.0013                  2.06                 1.94                  4.00        0.0091           12.27
   21       4           42.6966         625.8869             0.0016                  2.68                 2.45                  5.12        0.0076           12.32
   22       4           42.6473         750.1299             0.0013                  2.06                 1.94                  4.00        0.0091           12.27
   23       4           42.6966         625.8869             0.0016                  2.68                 2.45                  5.12        0.0076           12.32
   24       4           42.6257         730.6911             0.0014                  2.06                 1.94                  4.00        0.0089           12.07
   25       4           42.6257         730.6911             0.0014                  2.06                 1.94                  4.00        0.0089           12.07
   26       4           42.6382         666.4263             0.0015                  2.06                 2.33                  4.39        0.0081           11.37
   27       4           42.6725        2438.6595             0.0004                  1.50                 1.76                  3.27        0.0296           29.79
   28       5           42.6667        2439.5816             0.0004                  0.89                 1.43                  2.32        0.0296           29.73
   29       5           42.7387        2501.2921             0.0004                  1.50                 1.52                  3.02        0.0303           30.42
   30       5           42.7387        2501.2921             0.0004                  1.50                 1.52                  3.02        0.0303           30.42
   31       5           42.6612         624.8874             0.0016                  2.68                 2.59                  5.27        0.0076           12.29
   32       5           42.6612         624.8874             0.0016                  2.68                 2.59                  5.27        0.0076           12.29
   33       5           42.6405         729.7947             0.0014                  2.06                 2.10                  4.16        0.0089           12.04
   34       5           42.6405         729.7947             0.0014                  2.06                 2.10                  4.16        0.0089           12.04
   35       5           42.6213         665.4539             0.0015                  2.06                 2.48                  4.54        0.0081           11.32
   36       5           42.6213         665.4539             0.0015                  2.06                 2.48                  4.54        0.0081           11.32
   37       5           42.7285        2440.4645             0.0004                  1.50                 1.91                  3.41        0.0296           29.83
   38       5           42.7285        2440.4645             0.0004                  1.50                 1.91                  3.41        0.0296           29.83
   39       5           42.5871         605.8614             0.0017                  2.68                 2.58                  5.26        0.0074           12.07
   40       5           42.5871         605.8614             0.0017                  2.68                 2.58                  5.26        0.0074           12.07
   41       5           42.5659         542.2307             0.0018                  2.68                 3.00                  5.67        0.0066           11.38
   42       6           42.6374         665.1029             0.0015                  2.06                 2.64                  4.70        0.0081           11.31
   43       6           42.7185        2437.9590             0.0004                  1.50                 2.07                  3.58        0.0296           29.76
   44       6           42.6209         603.9359             0.0017                  2.68                 2.75                  5.42        0.0073           12.02
   45       6           42.6209         603.9359             0.0017                  2.68                 2.75                  5.42        0.0073           12.02
   46       6           42.5794         541.3336             0.0018                  2.68                 3.15                  5.83        0.0066           11.35
   47       6           42.5794         541.3336             0.0018                  2.68                 3.15                  5.83        0.0066           11.35
   48       7           42.5834         540.4350             0.0019                  2.68                 3.30                  5.98        0.0066           11.35

Summary Statistics:
------------------------------------------------------------------------------------------------------------------------
        Comp     Groups  Wall Time/Evt (s)  CPU Time/Evt (s)  Throughput (evt/s)  Write Remote (MB/evt)  Read Remote (MB/evt)  Net Transfer (MB/evt)  CPU Cores/Evt  Memory/Evt (MB)
count  48.00  48.000000          48.000000         48.000000           48.000000              48.000000             48.000000              48.000000      48.000000        48.000000
mean   24.50   4.333333          42.676902       1570.953891            0.000976               1.782451              1.839560               3.622012       0.019055        21.092692
std    14.00   1.117241           0.061857        929.396916            0.000594               0.668887              0.754281               1.396672       0.011248         9.301203
min     1.00   2.000000          42.565874        540.435030            0.000396               0.888672              0.569585               1.458257       0.006587        11.310400
25%    12.75   4.000000          42.631916        655.298914            0.000400               1.350435              1.284385               2.617534       0.007954        12.061200
50%    24.50   4.000000          42.670436       1594.807182            0.000870               1.782451              1.908100               3.711750       0.019350        21.025400
75%    36.25   5.000000          42.724352       2502.385936            0.001527               2.214468              2.482002               4.803109       0.030324        30.424700
max    48.00   7.000000          42.782735       2526.772425            0.001850               2.676230              3.304121               5.980352       0.030587        30.689200
