Workflow Construction Summary Table
========================================================================================================================

 Comp  Groups Wall Time/Evt (s) CPU Time/Evt (s) Throughput (evt/s) Write Remote (MB/evt) Read Remote (MB/evt) Net Transfer (MB/evt) CPU Cores/Evt Memory/Evt (MB)
    1       1            8.1343          64.7529             0.0154                  0.45                 0.00                  0.45        0.0311           31.08
    2       2            7.8958          62.8545             0.0159                  0.45                 0.06                  0.51        0.0311           31.07
    3       2            7.5145          59.8216             0.0167                  1.23                 0.79                  2.02        0.0310           31.01
    4       2            7.6519          60.9233             0.0164                  0.45                 0.38                  0.83        0.0311           31.06
    5       2            7.5015          59.7158             0.0167                  2.54                 2.10                  4.64        0.0310           31.00
    6       3            7.6389          60.8181             0.0164                  0.45                 0.44                  0.89        0.0311           31.07
    7       3            7.4061          58.9598             0.0170                  1.23                 0.85                  2.08        0.0310           31.00
    8       3            7.3362          58.4017             0.0171                  3.32                 2.89                  6.21        0.0310           31.00
    9       3            7.4323          59.1660             0.0169                  2.54                 2.16                  4.70        0.0310           31.00
   10       3            7.3788          58.7454             0.0170                  2.54                 2.48                  5.02        0.0310           30.99
   11       3            7.3037          58.1509             0.0172                  1.23                 1.16                  2.39        0.0310           31.00
   12       4            7.3646          58.6350             0.0171                  2.54                 2.54                  5.08        0.0310           30.99
   13       4            7.2903          58.0438             0.0172                  1.23                 1.23                  2.46        0.0310           31.01
   14       4            7.2668          57.8507             0.0173                  3.32                 2.95                  6.27        0.0310           31.00
   15       4            7.2132          57.4298             0.0174                  3.32                 3.26                  6.58        0.0310           31.00
   16       5            7.1997          57.3226             0.0174                  3.32                 3.33                  6.65        0.0310           31.00

Summary Statistics:
------------------------------------------------------------------------------------------------------------------------
            Comp     Groups  Wall Time/Evt (s)  CPU Time/Evt (s)  Throughput (evt/s)  Write Remote (MB/evt)  Read Remote (MB/evt)  Net Transfer (MB/evt)  CPU Cores/Evt  Memory/Evt (MB)
count  16.000000  16.000000          16.000000         16.000000           16.000000              16.000000             16.000000              16.000000      16.000000        16.000000
mean    8.500000   3.000000           7.470526         59.474481            0.016831               1.884766              1.663161               3.547927       0.031017        31.017300
std     4.760952   1.032796           0.254339          2.022586            0.000549               1.152134              1.174350               2.318180       0.000031         0.031142
min     1.000000   1.000000           7.199711         57.322615            0.015443               0.449219              0.000000               0.449219       0.030989        30.988800
25%     4.750000   2.000000           7.300336         58.124092            0.016648               1.035156              0.699105               1.734261       0.030998        30.998000
50%     8.500000   3.000000           7.392429         58.852572            0.016992               1.884766              1.663276               3.548041       0.031002        31.002400
75%    12.250000   4.000000           7.545583         60.070717            0.017205               2.734375              2.627082               5.361457       0.031025        31.024800
max    16.000000   5.000000           8.134315         64.752880            0.017445               3.320312              3.325678               6.645990       0.031077        31.076800
