Workflow Construction Summary Table
========================================================================================================================

 Comp  Groups Wall Time/Evt (s) CPU Time/Evt (s) Throughput (evt/s) Write Remote (MB/evt) Read Remote (MB/evt) Net Transfer (MB/evt) CPU Cores/Evt Memory/Evt (MB)
    1       1           10.2250          77.7296             0.0129                  0.45                 0.00                  0.45        0.0683           68.33
    2       2            9.7003          73.5142             0.0136                  0.45                 0.07                  0.52        0.0681           68.06
    3       2            9.1708          67.8066             0.0147                  0.45                 0.40                  0.84        0.0664           66.36
    4       2            8.8398          57.0577             0.0175                  2.54                 2.21                  4.74        0.0584           62.22
    5       2            8.8644          50.8140             0.0197                  1.23                 0.82                  2.05        0.0530           44.73
    6       3            9.1412          66.9079             0.0149                  0.45                 0.46                  0.91        0.0655           66.36
    7       3            8.6879          56.4802             0.0177                  2.54                 2.27                  4.81        0.0584           62.00
    8       3            8.6259          49.9069             0.0200                  1.23                 0.89                  2.12        0.0530           44.45
    9       3            8.5725          56.0279             0.0178                  2.54                 2.60                  5.14        0.0584           60.23
   10       3            8.4066          49.0698             0.0204                  1.23                 1.22                  2.45        0.0530           42.74
   11       3            8.4770          49.3399             0.0203                  3.32                 3.03                  6.35        0.0530           43.36
   12       4            8.5434          55.1280             0.0181                  2.54                 2.67                  5.21        0.0575           60.25
   13       4            8.3768          48.1672             0.0208                  1.23                 1.29                  2.52        0.0521           42.78
   14       4            8.3247          48.7601             0.0205                  3.32                 3.10                  6.41        0.0530           43.13
   15       4            8.2116          48.3308             0.0207                  3.32                 3.43                  6.75        0.0530           41.38
   16       5            8.1816          47.4248             0.0211                  3.32                 3.49                  6.81        0.0521           41.39

Summary Statistics:
------------------------------------------------------------------------------------------------------------------------
            Comp     Groups  Wall Time/Evt (s)  CPU Time/Evt (s)  Throughput (evt/s)  Write Remote (MB/evt)  Read Remote (MB/evt)  Net Transfer (MB/evt)  CPU Cores/Evt  Memory/Evt (MB)
count  16.000000  16.000000          16.000000         16.000000           16.000000              16.000000             16.000000              16.000000      16.000000        16.000000
mean    8.500000   3.000000           8.771850         56.404091            0.018174               1.884556              1.746691               3.631247       0.057688        53.610438
std     4.760952   1.032796           0.556251          9.795662            0.002756               1.152002              1.233524               2.376979       0.006084        11.240581
min     1.000000   1.000000           8.181608         47.424763            0.012865               0.449184              0.000000               0.449184       0.052095        41.380200
25%     4.750000   2.000000           8.399124         48.992369            0.016881               1.034913              0.733604               1.768610       0.052962        43.042200
50%     8.500000   3.000000           8.599241         52.970972            0.018910               1.884502              1.746312               3.630996       0.055252        52.478700
75%    12.250000   4.000000           8.933576         59.520248            0.020411               2.734166              2.760254               5.494285       0.060197        63.257900
max    16.000000   5.000000          10.224951         77.729606            0.021086               3.320233              3.493784               6.814017       0.068334        68.334400
