Workflow Construction Summary Table
========================================================================================================================

 Comp  Groups Wall Time/Evt (s) CPU Time/Evt (s) Throughput (evt/s) Write Remote (MB/evt) Read Remote (MB/evt) Net Transfer (MB/evt) CPU Cores/Evt Memory/Evt (MB)
    1       1            7.5991         483.8352             0.0021                  0.45                 0.00                  0.45        0.1241          124.12
    2       2            7.4864         473.1729             0.0021                  0.45                 0.06                  0.51        0.1232          123.30
    3       2            7.3975         443.4332             0.0023                  0.45                 0.38                  0.83        0.1174          118.10
    4       2            7.4479         224.4894             0.0045                  1.23                 0.78                  2.02        0.0567           57.78
    5       2            7.7061         193.8868             0.0052                  2.54                 2.10                  4.64        0.0470           57.99
    6       3            7.3972         443.4320             0.0023                  0.45                 0.44                  0.89        0.1174          118.08
    7       3            7.4005         217.9800             0.0046                  1.23                 0.85                  2.08        0.0559           57.02
    8       3            7.6780         188.6067             0.0053                  2.54                 2.17                  4.70        0.0462           57.22
    9       3            7.3815         192.6885             0.0052                  1.23                 1.16                  2.39        0.0500           51.76
   10       3            7.6835         164.8752             0.0061                  2.54                 2.48                  5.02        0.0403           51.95
   11       3            7.7802         166.7318             0.0060                  3.32                 2.89                  6.21        0.0395           43.01
   12       4            7.3812         192.6873             0.0052                  1.23                 1.23                  2.46        0.0500           51.73
   13       4            7.6832         164.8741             0.0061                  2.54                 2.54                  5.08        0.0403           51.93
   14       4            7.7521         161.4525             0.0062                  3.32                 2.95                  6.27        0.0387           42.24
   15       4            7.7576         137.6972             0.0073                  3.32                 3.26                  6.58        0.0328           36.98
   16       5            7.7573         137.6959             0.0073                  3.32                 3.33                  6.65        0.0328           36.95

Summary Statistics:
------------------------------------------------------------------------------------------------------------------------
            Comp     Groups  Wall Time/Evt (s)  CPU Time/Evt (s)  Throughput (evt/s)  Write Remote (MB/evt)  Read Remote (MB/evt)  Net Transfer (MB/evt)  CPU Cores/Evt  Memory/Evt (MB)
count  16.000000  16.000000          16.000000         16.000000           16.000000              16.000000             16.000000              16.000000      16.000000        16.000000
mean    8.500000   3.000000           7.580574        249.221167            0.004839               1.884766              1.663562               3.548328       0.063264        67.509100
std     4.760952   1.032796           0.159994        128.831149            0.001773               1.152134              1.175124               2.318940       0.034893        32.579759
min     1.000000   1.000000           7.381154        137.695876            0.002067               0.449219              0.000000               0.449219       0.032778        36.951600
25%     4.750000   2.000000           7.399750        164.874931            0.003905               1.035156              0.698812               1.733968       0.040073        49.551300
50%     8.500000   3.000000           7.638539        192.687890            0.005190               1.884766              1.663611               3.548376       0.048496        54.484600
75%    12.250000   4.000000           7.717593        279.225031            0.006065               2.734375              2.628981               5.363356       0.071889        73.009500
max    16.000000   5.000000           7.780195        483.835195            0.007262               3.320312              3.327090               6.647403       0.124122       124.121600
