Workflow Construction Summary Table
========================================================================================================================

 Comp  Groups Wall Time/Evt (s) CPU Time/Evt (s) Throughput (evt/s) Write Remote (MB/evt) Read Remote (MB/evt) Net Transfer (MB/evt) CPU Cores/Evt Memory/Evt (MB)
    1       1            9.0705         512.5917             0.0020                  0.45                 0.00                  0.45        0.0134           13.35
    2       2            9.0756         508.9051             0.0020                  0.45                 0.07                  0.52        0.0133           13.29
    3       2            9.0099         231.1356             0.0043                  1.23                 0.89                  2.12        0.0060            6.11
    4       2            8.9771         482.7825             0.0021                  0.45                 0.41                  0.86        0.0126           12.67
    5       2            8.9592         187.6748             0.0053                  2.54                 2.31                  4.85        0.0048            6.03
    6       3            8.9838         483.3154             0.0021                  0.45                 0.47                  0.92        0.0126           12.70
    7       3            8.9985         227.5824             0.0044                  1.23                 0.95                  2.18        0.0059            6.03
    8       3            8.9810         158.0824             0.0063                  3.32                 3.23                  6.55        0.0041            4.45
    9       3            8.9506         184.3025             0.0054                  2.54                 2.37                  4.91        0.0048            5.98
   10       3            8.9703         164.5620             0.0061                  2.54                 2.82                  5.36        0.0043            5.57
   11       3            9.0134         203.5194             0.0049                  1.23                 1.31                  2.54        0.0053            5.49
   12       4            8.9648         165.1671             0.0061                  2.54                 2.90                  5.44        0.0044            5.60
   13       4            9.0075         203.1528             0.0049                  1.23                 1.38                  2.61        0.0053            5.48
   14       4            8.9674         154.4378             0.0065                  3.32                 3.29                  6.61        0.0040            4.39
   15       4            8.9715         132.3486             0.0076                  3.32                 3.67                  6.99        0.0034            3.90
   16       5            8.9563         132.4097             0.0076                  3.32                 3.73                  7.05        0.0035            3.91

Summary Statistics:
------------------------------------------------------------------------------------------------------------------------
            Comp     Groups  Wall Time/Evt (s)  CPU Time/Evt (s)  Throughput (evt/s)  Write Remote (MB/evt)  Read Remote (MB/evt)  Net Transfer (MB/evt)  CPU Cores/Evt  Memory/Evt (MB)
count  16.000000  16.000000          16.000000         16.000000           16.000000              16.000000             16.000000              16.000000      16.000000        16.000000
mean    8.500000   3.000000           8.991092        258.248111            0.004838               1.884766              1.863547               3.748313       0.006723         7.184000
std     4.760952   1.032796           0.037335        145.300195            0.001926               1.152134              1.320742               2.463073       0.003800         3.549162
min     1.000000   1.000000           8.950602        132.348572            0.001951               0.449219              0.000000               0.449219       0.003447         3.896400
25%     4.750000   2.000000           8.966791        162.942131            0.003763               1.035156              0.783892               1.819048       0.004251         5.221400
50%     8.500000   3.000000           8.979079        195.413807            0.005125               1.884766              1.841804               3.726569       0.005053         5.790000
75%    12.250000   4.000000           9.008109        294.047335            0.006139               2.734375              2.984852               5.719227       0.007644         7.749000
max    16.000000   5.000000           9.075627        512.591705            0.007556               3.320312              3.731815               7.052127       0.013350        13.350400
