Workflow Construction Summary Table
========================================================================================================================

 Comp  Groups Wall Time/Evt (s) CPU Time/Evt (s) Throughput (evt/s) Write Remote (MB/evt) Read Remote (MB/evt) Net Transfer (MB/evt) CPU Cores/Evt Memory/Evt (MB)
    1       1            9.3061          74.0562             0.0135                  0.45                 0.00                  0.45        0.0622           62.20
    2       2            8.8287          70.0418             0.0143                  0.45                 0.06                  0.51        0.0620           61.95
    3       2            8.3460          64.5899             0.0155                  0.45                 0.38                  0.83        0.0604           60.39
    4       2            8.0411          54.3431             0.0184                  2.54                 2.10                  4.64        0.0532           56.63
    5       2            8.0673          48.4070             0.0207                  1.23                 0.79                  2.02        0.0482           40.73
    6       3            8.3190          63.7309             0.0157                  0.45                 0.44                  0.89        0.0596           60.40
    7       3            7.9037          53.7960             0.0186                  2.54                 2.16                  4.70        0.0532           56.45
    8       3            7.8510          47.5461             0.0210                  1.23                 0.85                  2.08        0.0482           40.49
    9       3            7.7993          53.3803             0.0187                  2.54                 2.48                  5.02        0.0532           54.86
   10       3            7.6492          46.7427             0.0214                  1.23                 1.16                  2.39        0.0482           38.93
   11       3            7.7095          46.9832             0.0213                  3.32                 2.89                  6.21        0.0482           39.47
   12       4            7.7722          52.5208             0.0190                  2.54                 2.54                  5.08        0.0524           54.87
   13       4            7.6222          45.8837             0.0218                  1.23                 1.23                  2.46        0.0474           38.94
   14       4            7.5720          46.4358             0.0215                  3.32                 2.95                  6.27        0.0482           39.27
   15       4            7.4677          46.0204             0.0217                  3.32                 3.26                  6.58        0.0482           37.70
   16       5            7.4406          45.1611             0.0221                  3.32                 3.33                  6.65        0.0474           37.70

Summary Statistics:
------------------------------------------------------------------------------------------------------------------------
            Comp     Groups  Wall Time/Evt (s)  CPU Time/Evt (s)  Throughput (evt/s)  Write Remote (MB/evt)  Read Remote (MB/evt)  Net Transfer (MB/evt)  CPU Cores/Evt  Memory/Evt (MB)
count  16.000000  16.000000          16.000000         16.000000           16.000000              16.000000             16.000000              16.000000      16.000000        16.000000
mean    8.500000   3.000000           7.980980         53.727431            0.019080               1.884766              1.663526               3.548291       0.052522        48.811250
std     4.760952   1.032796           0.507803          9.337023            0.002895               1.152134              1.174340               2.318138       0.005532        10.224679
min     1.000000   1.000000           7.440624         45.161060            0.013503               0.449219              0.000000               0.449219       0.047436        37.698000
25%     4.750000   2.000000           7.642416         46.666001            0.017724               1.035156              0.699521               1.734678       0.048219        39.189250
50%     8.500000   3.000000           7.825162         50.463886            0.019849               1.884766              1.663591               3.548356       0.050320        47.798500
75%    12.250000   4.000000           8.130249         56.690059            0.021429               2.734375              2.627181               5.361556       0.054808        57.573500
max    16.000000   5.000000           9.306099         74.056177            0.022143               3.320312              3.326817               6.647129       0.062200        62.200000
