Workflow Construction Summary Table
========================================================================================================================

 Comp  Groups Wall Time/Evt (s) CPU Time/Evt (s) Throughput (evt/s) Write Remote (MB/evt) Read Remote (MB/evt) Net Transfer (MB/evt) CPU Cores/Evt Memory/Evt (MB)
    1       1            8.0160          59.9397             0.0167                  0.45                 0.00                  0.45        0.0007            0.74
    2       2            8.0185          59.7235             0.0167                  0.45                 0.06                  0.51        0.0008            0.75
    3       2            8.0601          58.0608             0.0172                  0.45                 0.46                  0.91        0.0007            0.72
    4       2            8.4785          53.7921             0.0186                  2.54                 2.23                  4.76        0.0006            0.68
    5       2            8.1206          47.4009             0.0211                  1.23                 0.82                  2.05        0.0006            0.48
    6       3            8.1043          57.1782             0.0175                  0.45                 0.55                  1.00        0.0007            0.73
    7       3            8.4891          53.8233             0.0186                  2.54                 2.30                  4.83        0.0006            0.69
    8       3            8.1754          47.5193             0.0210                  1.23                 0.89                  2.12        0.0006            0.49
    9       3            8.5203          53.9460             0.0185                  2.54                 2.64                  5.17        0.0006            0.66
   10       3            8.1857          47.5981             0.0210                  1.23                 1.26                  2.49        0.0006            0.46
   11       3            8.5708          49.1301             0.0204                  3.32                 3.02                  6.34        0.0006            0.47
   12       4            8.5325          53.1939             0.0188                  2.54                 2.70                  5.24        0.0006            0.67
   13       4            8.2356          46.7269             0.0214                  1.23                 1.36                  2.59        0.0006            0.47
   14       4            8.5814          49.1613             0.0203                  3.32                 3.09                  6.41        0.0006            0.48
   15       4            8.6126          49.2840             0.0203                  3.32                 3.43                  6.75        0.0006            0.45
   16       5            8.5640          48.4104             0.0207                  3.32                 3.46                  6.78        0.0006            0.46

Summary Statistics:
------------------------------------------------------------------------------------------------------------------------
            Comp     Groups  Wall Time/Evt (s)  CPU Time/Evt (s)  Throughput (evt/s)  Write Remote (MB/evt)  Read Remote (MB/evt)  Net Transfer (MB/evt)  CPU Cores/Evt  Memory/Evt (MB)
count  16.000000  16.000000          16.000000         16.000000           16.000000              16.000000             16.000000              16.000000      16.000000        16.000000
mean    8.500000   3.000000           8.329092         52.180515            0.019302               1.884766              1.765675               3.650440       0.000635         0.587000
std     4.760952   1.032796           0.230539          4.636323            0.001662               1.152134              1.221389               2.363187       0.000063         0.123776
min     1.000000   1.000000           8.016010         46.726855            0.016683               0.449219              0.000000               0.449219       0.000576         0.454000
25%     4.750000   2.000000           8.116540         48.207338            0.018275               1.035156              0.751366               1.786522       0.000584         0.469500
50%     8.500000   3.000000           8.357040         51.238939            0.019545               1.884766              1.790700               3.675465       0.000614         0.577000
75%    12.250000   4.000000           8.540371         54.754015            0.020745               2.734375              2.781241               5.515616       0.000665         0.694500
max    16.000000   5.000000           8.612575         59.939729            0.021401               3.320312              3.461086               6.781398       0.000752         0.752000
