Workflow Construction Summary Table
========================================================================================================================

 Comp  Groups Wall Time/Evt (s) CPU Time/Evt (s) Throughput (evt/s) Write Remote (MB/evt) Read Remote (MB/evt) Net Transfer (MB/evt) CPU Cores/Evt Memory/Evt (MB)
    1       1            9.3694          64.9673             0.0154                  0.45                 0.00                  0.45        0.0009            0.87
    2       2            9.3643          64.8585             0.0154                  0.44                 0.06                  0.51        0.0009            0.87
    3       2            9.3023          64.5228             0.0155                  0.44                 0.42                  0.86        0.0009            0.86
    4       2            9.4269          65.3010             0.0153                  2.54                 2.46                  5.00        0.0009            0.88
    5       2            9.3394          64.8032             0.0154                  1.22                 0.89                  2.11        0.0009            0.87
    6       3            9.3691          64.9971             0.0154                  0.45                 0.52                  0.97        0.0009            0.87
    7       3            9.4531          65.4698             0.0153                  2.54                 2.56                  5.10        0.0009            0.89
    8       3            9.3230          64.6600             0.0155                  1.22                 0.96                  2.18        0.0009            0.87
    9       3            9.3571          64.8749             0.0154                  2.52                 2.87                  5.39        0.0009            0.87
   10       3            9.4234          65.2623             0.0153                  1.23                 1.34                  2.57        0.0009            0.88
   11       3            9.3825          65.0468             0.0154                  3.31                 3.33                  6.64        0.0009            0.87
   12       4            9.4212          65.2689             0.0153                  2.53                 3.00                  5.53        0.0009            0.88
   13       4            9.4135          65.2216             0.0153                  1.23                 1.41                  2.63        0.0009            0.89
   14       4            9.3681          64.9149             0.0154                  3.28                 3.39                  6.67        0.0009            0.88
   15       4            9.3967          65.0953             0.0154                  3.31                 3.74                  7.06        0.0009            0.88
   16       5            9.3643          64.8957             0.0154                  3.28                 3.81                  7.09        0.0009            0.88

Summary Statistics:
------------------------------------------------------------------------------------------------------------------------
            Comp     Groups  Wall Time/Evt (s)  CPU Time/Evt (s)  Throughput (evt/s)  Write Remote (MB/evt)  Read Remote (MB/evt)  Net Transfer (MB/evt)  CPU Cores/Evt  Memory/Evt (MB)
count  16.000000  16.000000          16.000000         16.000000           16.000000              16.000000             16.000000              16.000000      16.000000         16.00000
mean    8.500000   3.000000           9.379649         65.010000            0.015382               1.874480              1.922677               3.797157       0.000876          0.87600
std     4.760952   1.032796           0.040697          0.251417            0.000060               1.145640              1.359613               2.496360       0.000008          0.00764
min     1.000000   1.000000           9.302302         64.522770            0.015274               0.444221              0.000000               0.445844       0.000862          0.86240
25%     4.750000   2.000000           9.362500         64.870776            0.015330               1.024796              0.801936               1.828599       0.000872          0.87200
50%     8.500000   3.000000           9.369271         64.982195            0.015389               1.875817              1.933464               3.815086       0.000874          0.87440
75%    12.250000   4.000000           9.415395         65.231753            0.015415               2.724391              3.082851               5.809841       0.000882          0.88200
max    16.000000   5.000000           9.453101         65.469813            0.015498               3.313207              3.812495               7.092873       0.000888          0.88800
