Workflow Construction Summary Table
========================================================================================================================

 Comp  Groups Wall Time/Evt (s) CPU Time/Evt (s) Throughput (evt/s) Write Remote (MB/evt) Read Remote (MB/evt) Net Transfer (MB/evt) CPU Cores/Evt Memory/Evt (MB)
    1       1            8.2964          63.1068             0.0158                  0.45                 0.00                  0.45        0.0170           17.03
    2       2            8.1662          61.8985             0.0162                  0.45                 0.07                  0.52        0.0170           16.96
    3       2            7.9678          46.6206             0.0214                  1.23                 0.82                  2.05        0.0132           11.16
    4       2            8.0328          59.3575             0.0168                  0.45                 0.40                  0.85        0.0165           16.53
    5       2            7.9922          51.8388             0.0193                  2.54                 2.20                  4.74        0.0145           15.50
    6       3            8.0243          58.5716             0.0171                  0.45                 0.46                  0.91        0.0163           16.53
    7       3            7.9090          46.3990             0.0216                  1.23                 0.89                  2.12        0.0132           11.10
    8       3            7.9115          46.4164             0.0215                  3.32                 3.03                  6.35        0.0132           10.81
    9       3            7.9547          51.6968             0.0193                  2.54                 2.27                  4.81        0.0145           15.44
   10       3            7.9258          51.5966             0.0194                  2.54                 2.60                  5.14        0.0145           15.01
   11       3            7.8565          46.1987             0.0216                  1.23                 1.22                  2.45        0.0132           10.67
   12       4            7.9197          50.8105             0.0197                  2.54                 2.67                  5.20        0.0143           15.01
   13       4            7.8490          45.4112             0.0220                  1.23                 1.29                  2.52        0.0130           10.67
   14       4            7.8728          46.2735             0.0216                  3.32                 3.09                  6.41        0.0132           10.75
   15       4            7.8499          46.1806             0.0217                  3.32                 3.43                  6.75        0.0132           10.33
   16       5            7.8432          45.3954             0.0220                  3.32                 3.49                  6.81        0.0130           10.33

Summary Statistics:
------------------------------------------------------------------------------------------------------------------------
            Comp     Groups  Wall Time/Evt (s)  CPU Time/Evt (s)  Throughput (evt/s)  Write Remote (MB/evt)  Read Remote (MB/evt)  Net Transfer (MB/evt)  CPU Cores/Evt  Memory/Evt (MB)
count  16.000000  16.000000          16.000000         16.000000           16.000000              16.000000             16.000000              16.000000      16.000000        16.000000
mean    8.500000   3.000000           7.960737         51.110781            0.019820               1.884766              1.745466               3.630231       0.014359        13.364562
std     4.760952   1.032796           0.123927          6.253201            0.002230               1.152134              1.232665               2.376303       0.001527         2.793175
min     1.000000   1.000000           7.843205         45.395406            0.015846               0.449219              0.000000               0.449219       0.012956        10.326000
25%     4.750000   2.000000           7.868737         46.254769            0.018736               1.035156              0.733866               1.769022       0.013172        10.732500
50%     8.500000   3.000000           7.922729         48.715536            0.020565               1.884766              1.745975               3.630741       0.013750        13.083700
75%    12.250000   4.000000           8.000230         53.522037            0.021619               2.734375              2.756331               5.490706       0.014988        15.760150
max    16.000000   5.000000           8.296394         63.106826            0.022029               3.320312              3.491649               6.811962       0.017030        17.030400
