Workflow Construction Summary Table
========================================================================================================================

 Comp  Groups Wall Time/Evt (s) CPU Time/Evt (s) Throughput (evt/s) Write Remote (MB/evt) Read Remote (MB/evt) Net Transfer (MB/evt) CPU Cores/Evt Memory/Evt (MB)
    1       2           42.9425         321.7269             0.0031                  0.89                 0.56                  1.45        0.0039            3.96
    2       2           42.9425         321.7269             0.0031                  0.89                 0.56                  1.45        0.0039            3.85
    3       3           42.9701         321.8098             0.0031                  0.89                 0.71                  1.60        0.0039            3.96
    4       3           42.9701         321.8098             0.0031                  0.89                 0.71                  1.60        0.0039            3.86
    5       3           42.9205         320.2661             0.0031                  0.89                 0.71                  1.60        0.0039            3.93
    6       3           42.9205         320.2661             0.0031                  0.89                 0.71                  1.60        0.0039            3.86
    7       3           43.0768         164.6703             0.0061                  1.50                 1.21                  2.71        0.0020            3.95
    8       3           43.0768         164.6703             0.0061                  1.50                 1.21                  2.71        0.0020            3.85
    9       3           42.8630         315.6526             0.0032                  0.89                 1.12                  2.01        0.0038            3.85
   10       3           43.0396         291.2103             0.0034                  2.06                 1.79                  3.85        0.0035            3.95
   11       3           43.0396         291.2103             0.0034                  2.06                 1.79                  3.85        0.0035            3.85
   12       4           42.9220         320.2619             0.0031                  0.89                 0.86                  1.75        0.0039            3.93
   13       4           42.9220         320.2619             0.0031                  0.89                 0.86                  1.75        0.0039            3.86
   14       4           43.0917         164.7277             0.0061                  1.50                 1.35                  2.86        0.0020            3.96
   15       4           43.0917         164.7277             0.0061                  1.50                 1.35                  2.86        0.0020            3.85
   16       4           42.8770         315.7429             0.0032                  0.89                 1.27                  2.16        0.0038            3.85
   17       4           42.8770         315.7429             0.0032                  0.89                 1.27                  2.16        0.0038            3.85
   18       4           43.0792         164.6519             0.0061                  1.50                 1.35                  2.85        0.0020            3.94
   19       4           43.0792         164.6519             0.0061                  1.50                 1.35                  2.85        0.0020            3.86
   20       4           43.0559         291.2706             0.0034                  2.06                 1.94                  4.00        0.0035            3.95
   21       4           43.2482         165.3467             0.0060                  2.68                 2.44                  5.12        0.0020            3.95
   22       4           43.0559         291.2706             0.0034                  2.06                 1.94                  4.00        0.0035            3.85
   23       4           43.2482         165.3467             0.0060                  2.68                 2.44                  5.12        0.0020            3.85
   24       4           43.0504         291.2508             0.0034                  2.06                 1.94                  4.00        0.0035            3.93
   25       4           43.0504         291.2508             0.0034                  2.06                 1.94                  4.00        0.0035            3.85
   26       4           43.1066         291.4335             0.0034                  2.06                 2.35                  4.41        0.0035            3.86
   27       4           43.0380         164.5965             0.0061                  1.50                 1.76                  3.27        0.0020            3.85
   28       5           42.8732         315.7974             0.0032                  0.89                 1.41                  2.30        0.0038            3.85
   29       5           43.0773         164.6756             0.0061                  1.50                 1.50                  3.01        0.0020            3.93
   30       5           43.0773         164.6756             0.0061                  1.50                 1.50                  3.01        0.0020            3.86
   31       5           43.2425         165.3629             0.0060                  2.68                 2.60                  5.27        0.0020            3.96
   32       5           43.2425         165.3629             0.0060                  2.68                 2.60                  5.27        0.0020            3.85
   33       5           43.0843         291.3461             0.0034                  2.06                 2.10                  4.16        0.0035            3.93
   34       5           43.0843         291.3461             0.0034                  2.06                 2.10                  4.16        0.0035            3.86
   35       5           43.1107         291.4691             0.0034                  2.06                 2.50                  4.56        0.0035            3.86
   36       5           43.1107         291.4691             0.0034                  2.06                 2.50                  4.56        0.0035            3.85
   37       5           43.0597         164.6675             0.0061                  1.50                 1.92                  3.42        0.0020            3.86
   38       5           43.0597         164.6675             0.0061                  1.50                 1.92                  3.42        0.0020            3.85
   39       5           43.1834         165.2360             0.0061                  2.68                 2.59                  5.26        0.0020            3.92
   40       5           43.1834         165.2360             0.0061                  2.68                 2.59                  5.26        0.0020            3.85
   41       5           43.1876         165.3145             0.0060                  2.68                 3.00                  5.67        0.0020            3.84
   42       6           43.1251         291.5254             0.0034                  2.06                 2.65                  4.71        0.0035            3.86
   43       6           43.0819         164.7394             0.0061                  1.50                 2.07                  3.58        0.0020            3.86
   44       6           43.1808         165.2582             0.0061                  2.68                 2.74                  5.41        0.0020            3.92
   45       6           43.1808         165.2582             0.0061                  2.68                 2.74                  5.41        0.0020            3.85
   46       6           43.2210         165.4089             0.0060                  2.68                 3.16                  5.83        0.0020            3.85
   47       6           43.2210         165.4089             0.0060                  2.68                 3.16                  5.83        0.0020            3.84
   48       7           43.2404         165.4751             0.0060                  2.68                 3.30                  5.98        0.0020            3.86

Summary Statistics:
------------------------------------------------------------------------------------------------------------------------
        Comp     Groups  Wall Time/Evt (s)  CPU Time/Evt (s)  Throughput (evt/s)  Write Remote (MB/evt)  Read Remote (MB/evt)  Net Transfer (MB/evt)  CPU Cores/Evt  Memory/Evt (MB)
count  48.00  48.000000          48.000000         48.000000           48.000000              48.000000             48.000000              48.000000      48.000000        48.000000
mean   24.50   4.333333          43.070481        235.151138            0.004671               1.782451              1.836309               3.618760       0.002834         3.883067
std    14.00   1.117241           0.110380         71.598236            0.001408               0.668887              0.761206               1.403334       0.000870         0.043303
min     1.00   2.000000          42.862965        164.596522            0.003107               0.888672              0.557344               1.446016       0.001977         3.844000
25%    12.75   4.000000          43.021006        165.111892            0.003365               1.350435              1.269543               2.608394       0.001983         3.851800
50%    24.50   4.000000          43.077329        228.342713            0.004739               1.782451              1.917291               3.712940       0.002747         3.857200
75%    36.25   5.000000          43.139057        297.557203            0.006057               2.214468              2.502985               4.815054       0.003589         3.932400
max    48.00   7.000000          43.248159        321.809752            0.006075               2.676230              3.304880               5.981111       0.003890         3.960000
