Workflow Construction Summary Table
========================================================================================================================

 Comp  Groups Wall Time/Evt (s) CPU Time/Evt (s) Throughput (evt/s) Write Remote (MB/evt) Read Remote (MB/evt) Net Transfer (MB/evt) CPU Cores/Evt Memory/Evt (MB)
    1       1            8.9029          67.8461             0.0147                  0.45                 0.00                  0.45        0.0340           34.00
    2       2            8.6431          65.8648             0.0152                  0.45                 0.07                  0.52        0.0340           34.02
    3       2            8.3814          63.8753             0.0157                  0.45                 0.39                  0.84        0.0340           34.02
    4       2            8.2585          62.9293             0.0159                  2.54                 2.19                  4.73        0.0339           33.94
    5       2            8.2448          62.8241             0.0159                  1.23                 0.82                  2.05        0.0340           33.95
    6       3            8.3690          63.7752             0.0157                  0.45                 0.46                  0.91        0.0340           34.03
    7       3            8.1833          62.3569             0.0160                  2.54                 2.26                  4.80        0.0339           33.94
    8       3            8.1253          61.9134             0.0162                  1.23                 0.89                  2.12        0.0340           33.95
    9       3            8.1295          61.9478             0.0161                  2.54                 2.60                  5.14        0.0339           33.94
   10       3            8.0180          61.0959             0.0164                  1.23                 1.22                  2.45        0.0339           33.94
   11       3            8.0946          61.6815             0.0162                  3.32                 3.02                  6.34        0.0340           33.95
   12       4            8.1160          61.8428             0.0162                  2.54                 2.67                  5.21        0.0340           33.95
   13       4            8.0038          60.9890             0.0164                  1.23                 1.28                  2.51        0.0340           33.96
   14       4            8.0187          61.1008             0.0164                  3.32                 3.08                  6.40        0.0340           33.98
   15       4            7.9673          60.7085             0.0165                  3.32                 3.41                  6.74        0.0340           33.98
   16       5            7.9518          60.5952             0.0165                  3.32                 3.48                  6.80        0.0340           33.98

Summary Statistics:
------------------------------------------------------------------------------------------------------------------------
            Comp     Groups  Wall Time/Evt (s)  CPU Time/Evt (s)  Throughput (evt/s)  Write Remote (MB/evt)  Read Remote (MB/evt)  Net Transfer (MB/evt)  CPU Cores/Evt  Memory/Evt (MB)
count  16.000000  16.000000          16.000000         16.000000           16.000000              16.000000             16.000000              16.000000      16.000000         16.00000
mean    8.500000   3.000000           8.213009         62.584170            0.015993               1.884490              1.740591               3.625081       0.033971         33.97100
std     4.760952   1.032796           0.258702          1.973461            0.000484               1.151888              1.230147               2.373440       0.000030          0.03034
min     1.000000   1.000000           7.951795         60.595215            0.014739               0.449219              0.000000               0.449219       0.033936         33.93600
25%     4.750000   2.000000           8.018537         61.099625            0.015838               1.034879              0.731664               1.766820       0.033950         33.95000
50%     8.500000   3.000000           8.127406         61.930623            0.016147               1.884766              1.738722               3.623303       0.033956         33.95600
75%    12.250000   4.000000           8.286142         63.140761            0.016367               2.733520              2.756591               5.490966       0.033988         33.98800
max    16.000000   5.000000           8.902945         67.846148            0.016503               3.320312              3.481522               6.801834       0.034032         34.03200
