Workflow Construction Summary Table
========================================================================================================================

 Comp  Groups Wall Time/Evt (s) CPU Time/Evt (s) Throughput (evt/s) Write Remote (MB/evt) Read Remote (MB/evt) Net Transfer (MB/evt) CPU Cores/Evt Memory/Evt (MB)
    1       1            8.9397          67.9744             0.0147                  0.45                 0.00                  0.45        0.0342           34.15
    2       2            8.6776          65.9818             0.0152                  0.45                 0.07                  0.52        0.0341           34.14
    3       2            8.4128          63.9669             0.0156                  0.45                 0.39                  0.84        0.0341           34.15
    4       2            8.2484          62.7125             0.0159                  2.54                 2.21                  4.75        0.0341           34.06
    5       2            8.2613          62.8100             0.0159                  1.23                 0.82                  2.06        0.0341           34.08
    6       3            8.3982          63.8569             0.0157                  0.45                 0.46                  0.91        0.0342           34.15
    7       3            8.1719          62.1322             0.0161                  2.54                 2.27                  4.81        0.0341           34.07
    8       3            8.1420          61.9048             0.0162                  1.23                 0.89                  2.12        0.0341           34.08
    9       3            8.1162          61.7131             0.0162                  2.54                 2.61                  5.15        0.0341           34.07
   10       3            8.0329          61.0750             0.0164                  1.23                 1.22                  2.45        0.0341           34.09
   11       3            8.0714          61.3647             0.0163                  3.32                 3.03                  6.35        0.0341           34.08
   12       4            8.1010          61.5961             0.0162                  2.54                 2.68                  5.22        0.0341           34.07
   13       4            8.0185          60.9658             0.0164                  1.23                 1.29                  2.52        0.0341           34.10
   14       4            7.9943          60.7804             0.0165                  3.32                 3.10                  6.42        0.0341           34.08
   15       4            7.9372          60.3483             0.0166                  3.32                 3.43                  6.75        0.0341           34.08
   16       5            7.9227          60.2371             0.0166                  3.32                 3.50                  6.82        0.0341           34.09

Summary Statistics:
------------------------------------------------------------------------------------------------------------------------
            Comp     Groups  Wall Time/Evt (s)  CPU Time/Evt (s)  Throughput (evt/s)  Write Remote (MB/evt)  Read Remote (MB/evt)  Net Transfer (MB/evt)  CPU Cores/Evt  Memory/Evt (MB)
count  16.000000  16.000000          16.000000         16.000000           16.000000              16.000000             16.000000              16.000000      16.000000        16.000000
mean    8.500000   3.000000           8.215380         62.463753            0.016026               1.884621              1.749887               3.634508       0.034097        34.097300
std     4.760952   1.032796           0.276746          2.105738            0.000518               1.152085              1.236311               2.379807       0.000032         0.031787
min     1.000000   1.000000           7.922677         60.237058            0.014711               0.449177              0.000000               0.449195       0.034062        34.062400
25%     4.750000   2.000000           8.029312         61.047690            0.015856               1.034962              0.734270               1.769232       0.034076        34.076000
50%     8.500000   3.000000           8.129120         61.808982            0.016179               1.884450              1.748941               3.633432       0.034085        34.084800
75%    12.250000   4.000000           8.295521         63.071750            0.016381               2.734338              2.768313               5.502524       0.034109        34.109200
max    16.000000   5.000000           8.939702         67.974369            0.016601               3.320312              3.498953               6.819191       0.034152        34.152000
