Workflow Construction Summary Table
========================================================================================================================

 Comp  Groups Wall Time/Evt (s) CPU Time/Evt (s) Throughput (evt/s) Write Remote (MB/evt) Read Remote (MB/evt) Net Transfer (MB/evt) CPU Cores/Evt Memory/Evt (MB)
    1       1            9.6509          66.4134             0.0151                  0.45                 0.00                  0.45        0.0018            1.78
    2       2            9.6326          66.3043             0.0151                  0.45                 0.09                  0.54        0.0018            1.81
    3       2            9.6197          66.2255             0.0151                  0.45                 0.41                  0.86        0.0018            1.78
    4       2            9.7180          66.7470             0.0150                  2.54                 2.54                  5.08        0.0018            1.81
    5       2            9.5174          65.4943             0.0153                  1.21                 0.92                  2.13        0.0018            1.77
    6       3            9.6187          66.2220             0.0151                  0.45                 0.48                  0.93        0.0018            1.81
    7       3            9.7159          66.7298             0.0150                  2.54                 2.62                  5.16        0.0018            1.84
    8       3            9.5124          65.6328             0.0152                  1.22                 1.00                  2.23        0.0018            1.78
    9       3            9.6050          66.1150             0.0151                  2.52                 2.97                  5.50        0.0018            1.78
   10       3            9.5448          65.7588             0.0152                  1.22                 1.35                  2.57        0.0018            1.81
   11       3            9.6022          66.1450             0.0151                  3.31                 3.39                  6.70        0.0018            1.78
   12       4            9.6084          66.1295             0.0151                  2.52                 3.05                  5.57        0.0018            1.82
   13       4            9.5182          65.6517             0.0152                  1.22                 1.41                  2.64        0.0018            1.82
   14       4            9.6162          66.1935             0.0151                  3.31                 3.46                  6.77        0.0019            1.86
   15       4            9.6271          66.2383             0.0151                  3.31                 3.80                  7.11        0.0018            1.82
   16       5            9.5499          65.9287             0.0152                  3.31                 3.84                  7.15        0.0018            1.82

Summary Statistics:
------------------------------------------------------------------------------------------------------------------------
            Comp     Groups  Wall Time/Evt (s)  CPU Time/Evt (s)  Throughput (evt/s)  Write Remote (MB/evt)  Read Remote (MB/evt)  Net Transfer (MB/evt)  CPU Cores/Evt  Memory/Evt (MB)
count  16.000000  16.000000          16.000000         16.000000           16.000000              16.000000             16.000000              16.000000      16.000000        16.000000
mean    8.500000   3.000000           9.603588         66.120600            0.015124               1.877487              1.958774               3.836261       0.001805         1.805500
std     4.760952   1.032796           0.062923          0.359819            0.000082               1.149166              1.385551               2.526575       0.000025         0.025081
min     1.000000   1.000000           9.512423         65.494347            0.014982               0.449219              0.000000               0.449219       0.001768         1.768000
25%     4.750000   2.000000           9.548619         65.886255            0.015093               1.021834              0.809901               1.831735       0.001784         1.784000
50%     8.500000   3.000000           9.612326         66.169221            0.015113               1.872546              1.977783               3.859541       0.001808         1.808000
75%    12.250000   4.000000           9.628497         66.254800            0.015178               2.731837              3.131771               5.850108       0.001816         1.816000
max    16.000000   5.000000           9.717971         66.747042            0.015268               3.311431              3.841736               7.151897       0.001864         1.864000
