Workflow Construction Summary Table
========================================================================================================================

 Comp  Groups Wall Time/Evt (s) CPU Time/Evt (s) Throughput (evt/s) Write Remote (MB/evt) Read Remote (MB/evt) Net Transfer (MB/evt) CPU Cores/Evt Memory/Evt (MB)
    1       1            9.6820          75.5591             0.0132                  0.45                 0.00                  0.45        0.0647           64.71
    2       2            9.1851          71.4621             0.0140                  0.45                 0.07                  0.51        0.0644           64.45
    3       2            8.6829          65.8987             0.0152                  0.45                 0.39                  0.84        0.0628           62.82
    4       2            8.3656          55.4370             0.0180                  2.54                 2.14                  4.68        0.0553           58.92
    5       2            8.3936          49.3817             0.0203                  1.23                 0.80                  2.03        0.0501           42.39
    6       3            8.6550          65.0267             0.0154                  0.45                 0.45                  0.90        0.0620           62.83
    7       3            8.2226          54.8790             0.0182                  2.54                 2.21                  4.75        0.0553           58.70
    8       3            8.1685          48.5033             0.0206                  1.23                 0.87                  2.10        0.0501           42.13
    9       3            8.1135          54.4554             0.0184                  2.54                 2.53                  5.07        0.0553           57.06
   10       3            7.9582          47.6835             0.0210                  1.23                 1.19                  2.42        0.0501           40.52
   11       3            8.0215          47.9311             0.0209                  3.32                 2.95                  6.27        0.0501           41.07
   12       4            8.0856          53.5815             0.0187                  2.54                 2.59                  5.13        0.0545           57.07
   13       4            7.9302          46.8083             0.0214                  1.23                 1.25                  2.48        0.0493           40.51
   14       4            7.8778          47.3709             0.0211                  3.32                 3.01                  6.33        0.0501           40.86
   15       4            7.7690          46.9463             0.0213                  3.32                 3.33                  6.65        0.0501           39.22
   16       5            7.7409          46.0718             0.0217                  3.32                 3.40                  6.72        0.0493           39.22

Summary Statistics:
------------------------------------------------------------------------------------------------------------------------
            Comp     Groups  Wall Time/Evt (s)  CPU Time/Evt (s)  Throughput (evt/s)  Write Remote (MB/evt)  Read Remote (MB/evt)  Net Transfer (MB/evt)  CPU Cores/Evt  Memory/Evt (MB)
count  16.000000  16.000000          16.000000         16.000000           16.000000              16.000000             16.000000              16.000000      16.000000        16.000000
mean    8.500000   3.000000           8.303248         54.812273            0.018703               1.884760              1.698305               3.583064       0.054620        50.781013
std     4.760952   1.032796           0.528325          9.529264            0.002839               1.152133              1.199211               2.342933       0.005765        10.629263
min     1.000000   1.000000           7.740927         46.071840            0.013235               0.449208              0.000000               0.449219       0.049322        39.221400
25%     4.750000   2.000000           7.951171         47.605322            0.017373               1.035156              0.713906               1.749059       0.050136        40.775450
50%     8.500000   3.000000           8.140996         51.481598            0.019457               1.884727              1.698209               3.582936       0.052326        49.726100
75%    12.250000   4.000000           8.458963         57.834464            0.021006               2.734375              2.682356               5.416731       0.056996        59.893450
max    16.000000   5.000000           9.682019         75.559134            0.021705               3.320312              3.396968               6.717280       0.064709        64.708800
