Workflow Construction Summary Table
========================================================================================================================

 Comp  Groups Wall Time/Evt (s) CPU Time/Evt (s) Throughput (evt/s) Write Remote (MB/evt) Read Remote (MB/evt) Net Transfer (MB/evt) CPU Cores/Evt Memory/Evt (MB)
    1       2           39.1772         307.9104             0.0032                  0.89                 0.54                  1.43        0.0106           10.74
    2       2           39.1772         307.9104             0.0032                  0.89                 0.54                  1.43        0.0106           10.47
    3       3           39.1891         307.9582             0.0032                  0.89                 0.68                  1.57        0.0106           10.74
    4       3           39.1891         307.9582             0.0032                  0.89                 0.68                  1.57        0.0106           10.47
    5       3           39.1122         306.1180             0.0033                  0.89                 0.68                  1.57        0.0105           10.68
    6       3           39.1122         306.1180             0.0033                  0.89                 0.68                  1.57        0.0105           10.47
    7       3           39.2221         157.2951             0.0064                  1.50                 1.15                  2.66        0.0054           10.73
    8       3           39.2221         157.2951             0.0064                  1.50                 1.15                  2.66        0.0054           10.46
    9       3           39.0724         301.5657             0.0033                  0.89                 1.07                  1.96        0.0104           10.46
   10       3           39.1933         277.9031             0.0036                  2.06                 1.71                  3.77        0.0095           10.74
   11       3           39.1933         277.9031             0.0036                  2.06                 1.71                  3.77        0.0095           10.47
   12       4           39.1242         306.1658             0.0033                  0.89                 0.83                  1.72        0.0105           10.68
   13       4           39.1242         306.1658             0.0033                  0.89                 0.83                  1.72        0.0105           10.47
   14       4           39.2341         157.3429             0.0064                  1.50                 1.30                  2.80        0.0054           10.73
   15       4           39.2341         157.3429             0.0064                  1.50                 1.30                  2.80        0.0054           10.46
   16       4           39.0844         301.6135             0.0033                  0.89                 1.22                  2.11        0.0104           10.47
   17       4           39.0844         301.6135             0.0033                  0.89                 1.22                  2.11        0.0104           10.47
   18       4           39.1579         157.0381             0.0064                  1.50                 1.30                  2.80        0.0054           10.67
   19       4           39.1579         157.0381             0.0064                  1.50                 1.30                  2.80        0.0054           10.46
   20       4           39.2053         277.9509             0.0036                  2.06                 1.86                  3.92        0.0095           10.74
   21       4           39.2538         157.4216             0.0064                  2.68                 2.32                  5.00        0.0054           10.73
   22       4           39.2053         277.9509             0.0036                  2.06                 1.86                  3.92        0.0095           10.47
   23       4           39.2538         157.4216             0.0064                  2.68                 2.32                  5.00        0.0054           10.46
   24       4           39.1921         277.8984             0.0036                  2.06                 1.86                  3.92        0.0095           10.68
   25       4           39.1921         277.8984             0.0036                  2.06                 1.86                  3.92        0.0095           10.47
   26       4           39.2193         278.0071             0.0036                  2.06                 2.25                  4.31        0.0095           10.47
   27       4           39.1204         156.8880             0.0064                  1.50                 1.69                  3.19        0.0054           10.46
   28       5           39.0963         301.6613             0.0033                  0.89                 1.37                  2.26        0.0104           10.47
   29       5           39.1698         157.0859             0.0064                  1.50                 1.45                  2.95        0.0054           10.67
   30       5           39.1698         157.0859             0.0064                  1.50                 1.45                  2.95        0.0054           10.46
   31       5           39.2657         157.4694             0.0064                  2.68                 2.47                  5.15        0.0054           10.73
   32       5           39.2657         157.4694             0.0064                  2.68                 2.47                  5.15        0.0054           10.46
   33       5           39.2041         277.9462             0.0036                  2.06                 2.00                  4.06        0.0095           10.68
   34       5           39.2041         277.9462             0.0036                  2.06                 2.00                  4.06        0.0095           10.47
   35       5           39.2312         278.0548             0.0036                  2.06                 2.39                  4.45        0.0095           10.47
   36       5           39.2312         278.0548             0.0036                  2.06                 2.39                  4.45        0.0095           10.47
   37       5           39.1323         156.9358             0.0064                  1.50                 1.84                  3.34        0.0054           10.46
   38       5           39.1323         156.9358             0.0064                  1.50                 1.84                  3.34        0.0054           10.46
   39       5           39.2526         157.4169             0.0064                  2.68                 2.47                  5.15        0.0054           10.67
   40       5           39.2526         157.4169             0.0064                  2.68                 2.47                  5.15        0.0054           10.46
   41       5           39.2797         157.5256             0.0063                  2.68                 2.86                  5.54        0.0054           10.46
   42       6           39.2432         278.1026             0.0036                  2.06                 2.54                  4.60        0.0095           10.47
   43       6           39.1443         156.9836             0.0064                  1.50                 1.98                  3.49        0.0054           10.46
   44       6           39.2645         157.4647             0.0064                  2.68                 2.62                  5.29        0.0054           10.67
   45       6           39.2645         157.4647             0.0064                  2.68                 2.62                  5.29        0.0054           10.46
   46       6           39.2917         157.5734             0.0063                  2.68                 3.01                  5.68        0.0054           10.46
   47       6           39.2917         157.5734             0.0063                  2.68                 3.01                  5.68        0.0054           10.46
   48       7           39.3036         157.6212             0.0063                  2.68                 3.15                  5.83        0.0054           10.46

Summary Statistics:
------------------------------------------------------------------------------------------------------------------------
        Comp     Groups  Wall Time/Evt (s)  CPU Time/Evt (s)  Throughput (evt/s)  Write Remote (MB/evt)  Read Remote (MB/evt)  Net Transfer (MB/evt)  CPU Cores/Evt  Memory/Evt (MB)
count  48.00  48.000000          48.000000         48.000000           48.000000              48.000000             48.000000              48.000000      48.000000        48.000000
mean   24.50   4.333333          39.195712        224.447532            0.004897               1.782451              1.756410               3.538861       0.007696        10.544833
std    14.00   1.117241           0.061026         68.570918            0.001480               0.668887              0.723768               1.366042       0.002370         0.116322
min     1.00   2.000000          39.072425        156.888041            0.003247               0.888672              0.537109               1.425781       0.005373        10.456200
25%    12.75   4.000000          39.154473        157.398400            0.003526               1.350435              1.220703               2.556826       0.005374        10.459700
50%    24.50   4.000000          39.198690        217.759774            0.004971               1.782451              1.836387               3.628379       0.007462        10.471400
75%    36.25   5.000000          39.245538        283.968405            0.006353               2.214468              2.392578               4.699932       0.009755        10.673950
max    48.00   7.000000          39.303642        307.958238            0.006374               2.676230              3.154746               5.830977       0.010559        10.744000
