Workflow Construction Summary Table
========================================================================================================================

 Comp  Groups Wall Time/Evt (s) CPU Time/Evt (s) Throughput (evt/s) Write Remote (MB/evt) Read Remote (MB/evt) Net Transfer (MB/evt) CPU Cores/Evt Memory/Evt (MB)
    1       2           39.9615        2461.7067             0.0004                  0.89                 0.54                  1.43        0.1682          168.79
    2       2           39.9615        2461.7067             0.0004                  0.89                 0.54                  1.43        0.1682          168.79
    3       3           39.9678        2460.7811             0.0004                  0.89                 0.69                  1.58        0.1682          168.62
    4       3           39.9678        2460.7811             0.0004                  0.89                 0.69                  1.58        0.1682          168.62
    5       3           39.8183        2432.2093             0.0004                  0.89                 0.69                  1.58        0.1670          167.53
    6       3           39.8183        2432.2093             0.0004                  0.89                 0.69                  1.58        0.1670          167.53
    7       3           39.9270        2453.8101             0.0004                  1.50                 1.16                  2.66        0.1678          168.36
    8       3           39.9270        2453.8101             0.0004                  1.50                 1.16                  2.66        0.1678          168.36
    9       3           39.6926        2361.3690             0.0004                  0.89                 1.08                  1.97        0.1627          163.81
   10       3           39.7505         736.8975             0.0014                  2.06                 1.72                  3.78        0.0499           67.37
   11       3           39.7505         736.8975             0.0014                  2.06                 1.72                  3.78        0.0499           67.37
   12       4           39.8276        2431.2852             0.0004                  0.89                 0.84                  1.72        0.1669          167.36
   13       4           39.8276        2431.2852             0.0004                  0.89                 0.84                  1.72        0.1669          167.36
   14       4           39.9332        2452.8845             0.0004                  1.50                 1.31                  2.81        0.1678          168.19
   15       4           39.9332        2452.8845             0.0004                  1.50                 1.31                  2.81        0.1678          168.19
   16       4           39.7019        2360.4495             0.0004                  0.89                 1.23                  2.12        0.1626          163.64
   17       4           39.7019        2360.4495             0.0004                  0.89                 1.23                  2.12        0.1626          163.64
   18       4           39.7824        2424.3249             0.0004                  1.50                 1.31                  2.81        0.1665          167.10
   19       4           39.7824        2424.3249             0.0004                  1.50                 1.31                  2.81        0.1665          167.10
   20       4           39.7599         735.9735             0.0014                  2.06                 1.86                  3.92        0.0499           67.20
   21       4           39.7479         615.0404             0.0016                  2.68                 2.33                  5.01        0.0415           67.31
   22       4           39.7599         735.9735             0.0014                  2.06                 1.86                  3.92        0.0499           67.20
   23       4           39.7479         615.0404             0.0016                  2.68                 2.33                  5.01        0.0415           67.31
   24       4           39.7333         715.7138             0.0014                  2.06                 1.86                  3.92        0.0486           66.07
   25       4           39.7333         715.7138             0.0014                  2.06                 1.86                  3.92        0.0486           66.07
   26       4           39.7489         653.4921             0.0015                  2.06                 2.26                  4.32        0.0445           62.44
   27       4           39.6644        2353.8776             0.0004                  1.50                 1.70                  3.20        0.1623          163.40
   28       5           39.7112        2359.5208             0.0004                  0.89                 1.37                  2.26        0.1626          163.47
   29       5           39.7887        2423.3993             0.0004                  1.50                 1.45                  2.96        0.1665          166.93
   30       5           39.7887        2423.3993             0.0004                  1.50                 1.45                  2.96        0.1665          166.93
   31       5           39.7572         614.1164             0.0016                  2.68                 2.48                  5.16        0.0414           67.14
   32       5           39.7572         614.1164             0.0016                  2.68                 2.48                  5.16        0.0414           67.14
   33       5           39.7426         714.7898             0.0014                  2.06                 2.01                  4.07        0.0486           65.90
   34       5           39.7426         714.7898             0.0014                  2.06                 2.01                  4.07        0.0486           65.90
   35       5           39.7582         652.5681             0.0015                  2.06                 2.40                  4.46        0.0444           62.28
   36       5           39.7582         652.5681             0.0015                  2.06                 2.40                  4.46        0.0444           62.28
   37       5           39.6737        2352.9581             0.0004                  1.50                 1.85                  3.35        0.1623          163.24
   38       5           39.6737        2352.9581             0.0004                  1.50                 1.85                  3.35        0.1623          163.24
   39       5           39.7307         593.8582             0.0017                  2.68                 2.48                  5.16        0.0402           66.02
   40       5           39.7307         593.8582             0.0017                  2.68                 2.48                  5.16        0.0402           66.02
   41       5           39.7462         531.6350             0.0019                  2.68                 2.87                  5.55        0.0360           62.38
   42       6           39.7675         651.6441             0.0015                  2.06                 2.55                  4.61        0.0443           62.11
   43       6           39.6830        2352.0294             0.0004                  1.50                 1.99                  3.50        0.1622          163.07
   44       6           39.7400         592.9343             0.0017                  2.68                 2.63                  5.31        0.0401           65.85
   45       6           39.7400         592.9343             0.0017                  2.68                 2.63                  5.31        0.0401           65.85
   46       6           39.7556         530.7111             0.0019                  2.68                 3.02                  5.70        0.0360           62.22
   47       6           39.7556         530.7111             0.0019                  2.68                 3.02                  5.70        0.0360           62.22
   48       7           39.7649         529.7870             0.0019                  2.68                 3.17                  5.84        0.0359           62.05

Summary Statistics:
------------------------------------------------------------------------------------------------------------------------
        Comp     Groups  Wall Time/Evt (s)  CPU Time/Evt (s)  Throughput (evt/s)  Write Remote (MB/evt)  Read Remote (MB/evt)  Net Transfer (MB/evt)  CPU Cores/Evt  Memory/Evt (MB)
count  48.00  48.000000          48.000000         48.000000           48.000000              48.000000             48.000000              48.000000      48.000000        48.000000
mean   24.50   4.333333          39.781136       1527.212055            0.000998               1.782451              1.764463               3.546914       0.104573       115.768900
std    14.00   1.117241           0.083750        898.034696            0.000603               0.668887              0.726527               1.368717       0.061916        51.198078
min     1.00   2.000000          39.664354        529.787021            0.000406               0.888672              0.540084               1.428756       0.035916        62.048000
25%    12.75   4.000000          39.738359        642.493187            0.000412               1.350435              1.226771               2.563026       0.043639        65.986900
50%    24.50   4.000000          39.756381       1544.463441            0.000891               1.782451              1.845460               3.636858       0.106067       115.216400
75%    36.25   5.000000          39.796096       2426.064962            0.001557               2.214468              2.402692               4.710574       0.166629       167.163800
max    48.00   7.000000          39.967787       2461.706657            0.001888               2.676230              3.168666               5.844897       0.168239       168.790000
