Workflow Construction Summary Table
========================================================================================================================

 Comp  Groups Wall Time/Evt (s) CPU Time/Evt (s) Throughput (evt/s) Write Remote (MB/evt) Read Remote (MB/evt) Net Transfer (MB/evt) CPU Cores/Evt Memory/Evt (MB)
    1       1            7.0629          56.2231             0.0178                  0.45                 0.00                  0.45        0.0013            1.29
    2       2            7.0594          55.9655             0.0179                  0.45                 0.06                  0.51        0.0013            1.29
    3       2            7.2040          44.2774             0.0226                  1.23                 0.79                  2.02        0.0010            0.85
    4       2            7.0902          54.6003             0.0183                  0.45                 0.38                  0.83        0.0013            1.26
    5       2            7.4684          50.3055             0.0199                  2.54                 2.10                  4.64        0.0011            1.18
    6       3            7.0963          53.8352             0.0186                  0.45                 0.44                  0.89        0.0012            1.26
    7       3            7.2059          44.2850             0.0226                  1.23                 0.85                  2.08        0.0010            0.85
    8       3            7.6199          45.9303             0.0218                  3.32                 2.89                  6.21        0.0010            0.82
    9       3            7.4719          50.3196             0.0199                  2.54                 2.17                  4.71        0.0011            1.18
   10       3            7.4916          50.4171             0.0198                  2.54                 2.48                  5.02        0.0011            1.14
   11       3            7.2330          44.3933             0.0225                  1.23                 1.16                  2.39        0.0010            0.81
   12       4            7.4974          49.6514             0.0201                  2.54                 2.54                  5.08        0.0011            1.14
   13       4            7.2388          43.6275             0.0229                  1.23                 1.23                  2.46        0.0010            0.81
   14       4            7.6234          45.9443             0.0218                  3.32                 2.95                  6.27        0.0010            0.82
   15       4            7.6529          46.0615             0.0217                  3.32                 3.26                  6.58        0.0010            0.79
   16       5            7.6586          45.2958             0.0221                  3.32                 3.33                  6.65        0.0010            0.79

Summary Statistics:
------------------------------------------------------------------------------------------------------------------------
            Comp     Groups  Wall Time/Evt (s)  CPU Time/Evt (s)  Throughput (evt/s)  Write Remote (MB/evt)  Read Remote (MB/evt)  Net Transfer (MB/evt)  CPU Cores/Evt  Memory/Evt (MB)
count  16.000000  16.000000          16.000000         16.000000           16.000000              16.000000             16.000000              16.000000      16.000000        16.000000
mean    8.500000   3.000000           7.354660         48.820801            0.020638               1.884766              1.664257               3.549022       0.001093         1.017600
std     4.760952   1.032796           0.226832          4.446220            0.001819               1.152134              1.174691               2.318524       0.000114         0.210825
min     1.000000   1.000000           7.059359         43.627542            0.017786               0.449219              0.000000               0.449219       0.000988         0.789000
25%     4.750000   2.000000           7.177072         45.070168            0.019520               1.035156              0.700438               1.735594       0.001004         0.818900
50%     8.500000   3.000000           7.353594         47.856437            0.020925               1.884766              1.664544               3.549310       0.001048         0.995700
75%    12.250000   4.000000           7.528040         51.271629            0.022189               2.734375              2.627001               5.361376       0.001141         1.199900
max    16.000000   5.000000           7.658649         56.223056            0.022921               3.320312              3.327968               6.648281       0.001291         1.291200
