Workflow Construction Summary Table
========================================================================================================================

 Comp  Groups Wall Time/Evt (s) CPU Time/Evt (s) Throughput (evt/s) Write Remote (MB/evt) Read Remote (MB/evt) Net Transfer (MB/evt) CPU Cores/Evt Memory/Evt (MB)
    1       1            6.9720          55.7759             0.0179                  0.45                 0.00                  0.45        0.0019            1.92
    2       2            6.9573          55.6582             0.0180                  0.45                 0.06                  0.51        0.0019            1.92
    3       2            6.9340          55.4719             0.0180                  1.23                 0.78                  2.01        0.0019            1.92
    4       2            6.9424          55.5393             0.0180                  0.45                 0.38                  0.83        0.0019            1.92
    5       2            6.9334          55.4673             0.0180                  2.54                 2.09                  4.63        0.0019            1.92
    6       3            6.9416          55.5326             0.0180                  0.45                 0.44                  0.89        0.0019            1.92
    7       3            6.9273          55.4185             0.0180                  1.23                 0.84                  2.08        0.0019            1.92
    8       3            6.9234          55.3869             0.0181                  3.32                 2.87                  6.19        0.0019            1.92
    9       3            6.9291          55.4331             0.0180                  2.54                 2.15                  4.69        0.0019            1.92
   10       3            6.9259          55.4075             0.0180                  2.54                 2.47                  5.00        0.0019            1.92
   11       3            6.9211          55.3688             0.0181                  1.23                 1.16                  2.39        0.0019            1.92
   12       4            6.9251          55.4009             0.0181                  2.54                 2.53                  5.07        0.0019            1.92
   13       4            6.9203          55.3621             0.0181                  1.23                 1.22                  2.45        0.0019            1.92
   14       4            6.9191          55.3527             0.0181                  3.32                 2.93                  6.25        0.0019            1.92
   15       4            6.9159          55.3271             0.0181                  3.32                 3.25                  6.57        0.0019            1.92
   16       5            6.9151          55.3204             0.0181                  3.32                 3.31                  6.63        0.0019            1.92

Summary Statistics:
------------------------------------------------------------------------------------------------------------------------
            Comp     Groups  Wall Time/Evt (s)  CPU Time/Evt (s)  Throughput (evt/s)  Write Remote (MB/evt)  Read Remote (MB/evt)  Net Transfer (MB/evt)  CPU Cores/Evt  Memory/Evt (MB)
count  16.000000  16.000000          16.000000         16.000000           16.000000              16.000000             16.000000              16.000000      16.000000          16.0000
mean    8.500000   3.000000           6.931430         55.451442            0.018034               1.884766              1.655273               3.540039       0.001918           1.9184
std     4.760952   1.032796           0.015488          0.123904            0.000040               1.152134              1.168838               2.312666       0.000000           0.0000
min     1.000000   1.000000           6.915051         55.320409            0.017929               0.449219              0.000000               0.449219       0.001918           1.9184
25%     4.750000   2.000000           6.920886         55.367091            0.018022               1.035156              0.695801               1.730957       0.001918           1.9184
50%     8.500000   3.000000           6.926628         55.413024            0.018046               1.884766              1.655273               3.540039       0.001918           1.9184
75%    12.250000   4.000000           6.935888         55.487105            0.018061               2.734375              2.614746               5.349121       0.001918           1.9184
max    16.000000   5.000000           6.971985         55.775879            0.018077               3.320312              3.310547               6.630859       0.001918           1.9184
