Workflow Construction Summary Table
========================================================================================================================

 Comp  Groups Wall Time/Evt (s) CPU Time/Evt (s) Throughput (evt/s) Write Remote (MB/evt) Read Remote (MB/evt) Net Transfer (MB/evt) CPU Cores/Evt Memory/Evt (MB)
    1       2           53.5830         369.1719             0.0027                  0.89                 0.62                  1.51        0.0565           57.41
    2       2           53.5830         369.1719             0.0027                  0.89                 0.62                  1.51        0.0565           56.00
    3       3           53.5693         369.1229             0.0027                  0.89                 0.79                  1.67        0.0565           57.42
    4       3           53.5693         369.1229             0.0027                  0.89                 0.79                  1.67        0.0565           56.00
    5       3           53.1472         364.7573             0.0027                  0.89                 0.78                  1.67        0.0561           56.97
    6       3           53.1472         364.7573             0.0027                  0.89                 0.78                  1.67        0.0561           55.87
    7       3           53.2024         186.4787             0.0054                  1.50                 1.34                  2.85        0.0286           57.19
    8       3           53.2024         186.4787             0.0054                  1.50                 1.34                  2.85        0.0286           55.75
    9       3           52.7161         356.9151             0.0028                  0.89                 1.25                  2.14        0.0554           55.89
   10       3           52.4541         326.2187             0.0031                  2.06                 1.99                  4.05        0.0510           57.33
   11       3           52.4541         326.2187             0.0031                  2.06                 1.99                  4.05        0.0510           55.89
   12       4           53.1339         364.7180             0.0027                  0.89                 0.95                  1.84        0.0561           56.97
   13       4           53.1339         364.7180             0.0027                  0.89                 0.95                  1.84        0.0561           55.87
   14       4           53.1836         186.4223             0.0054                  1.50                 1.52                  3.02        0.0286           57.18
   15       4           53.1836         186.4223             0.0054                  1.50                 1.52                  3.02        0.0286           55.73
   16       4           52.7016         356.9351             0.0028                  0.89                 1.41                  2.30        0.0555           55.92
   17       4           52.7016         356.9351             0.0028                  0.89                 1.41                  2.30        0.0555           55.96
   18       4           52.7556         184.9651             0.0054                  1.50                 1.51                  3.01        0.0287           56.99
   19       4           52.7556         184.9651             0.0054                  1.50                 1.51                  3.01        0.0287           55.88
   20       4           52.4404         326.1640             0.0031                  2.06                 2.16                  4.22        0.0510           57.33
   21       4           51.9471         182.3931             0.0055                  2.68                 2.70                  5.37        0.0285           56.96
   22       4           52.4404         326.1640             0.0031                  2.06                 2.16                  4.22        0.0510           55.89
   23       4           51.9471         182.3931             0.0055                  2.68                 2.70                  5.37        0.0285           55.53
   24       4           52.3580         325.8678             0.0031                  2.06                 2.16                  4.22        0.0510           56.98
   25       4           52.3580         325.8678             0.0031                  2.06                 2.16                  4.22        0.0510           55.90
   26       4           52.2776         325.4969             0.0031                  2.06                 2.62                  4.68        0.0509           55.84
   27       4           52.3696         183.5869             0.0054                  1.50                 1.97                  3.47        0.0286           55.72
   28       5           52.6862         356.9353             0.0028                  0.89                 1.58                  2.46        0.0555           55.94
   29       5           52.7538         184.9428             0.0054                  1.50                 1.68                  3.19        0.0287           57.00
   30       5           52.7538         184.9428             0.0054                  1.50                 1.68                  3.19        0.0287           55.88
   31       5           51.9455         182.3714             0.0055                  2.68                 2.87                  5.54        0.0285           56.98
   32       5           51.9455         182.3714             0.0055                  2.68                 2.87                  5.54        0.0285           55.54
   33       5           52.3448         325.8109             0.0031                  2.06                 2.33                  4.39        0.0510           56.98
   34       5           52.3448         325.8109             0.0031                  2.06                 2.33                  4.39        0.0510           55.89
   35       5           52.2230         325.3866             0.0031                  2.06                 2.78                  4.84        0.0509           55.80
   36       5           52.2230         325.3866             0.0031                  2.06                 2.78                  4.84        0.0509           55.82
   37       5           52.2923         183.4169             0.0055                  1.50                 2.12                  3.63        0.0286           55.68
   38       5           52.2923         183.4169             0.0055                  1.50                 2.12                  3.63        0.0286           55.69
   39       5           51.8656         182.1066             0.0055                  2.68                 2.87                  5.54        0.0285           56.63
   40       5           51.8656         182.1066             0.0055                  2.68                 2.87                  5.54        0.0285           55.53
   41       5           51.7878         181.8635             0.0055                  2.68                 3.31                  5.99        0.0285           55.53
   42       6           52.2293         325.3865             0.0031                  2.06                 2.96                  5.02        0.0509           55.87
   43       6           52.2976         183.4055             0.0055                  1.50                 2.31                  3.81        0.0286           55.73
   44       6           51.8819         182.1205             0.0055                  2.68                 3.04                  5.72        0.0286           56.67
   45       6           51.8819         182.1205             0.0055                  2.68                 3.04                  5.72        0.0286           55.58
   46       6           51.7500         181.7692             0.0055                  2.68                 3.48                  6.15        0.0285           55.48
   47       6           51.7500         181.7692             0.0055                  2.68                 3.48                  6.15        0.0285           55.54
   48       7           51.7763         181.8031             0.0055                  2.68                 3.66                  6.34        0.0285           55.55

Summary Statistics:
------------------------------------------------------------------------------------------------------------------------
        Comp     Groups  Wall Time/Evt (s)  CPU Time/Evt (s)  Throughput (evt/s)  Write Remote (MB/evt)  Read Remote (MB/evt)  Net Transfer (MB/evt)  CPU Cores/Evt  Memory/Evt (MB)
count  48.00  48.000000          48.000000         48.000000           48.000000              48.000000             48.000000              48.000000      48.000000        48.000000
mean   24.50   4.333333          52.525130        264.118167            0.004180               1.782451              2.038391               3.820842       0.041036        56.201650
std    14.00   1.117241           0.546915         82.604629            0.001289               0.668887              0.841153               1.481749       0.012708         0.642247
min     1.00   2.000000          51.750004        181.769243            0.002709               0.888672              0.617807               1.506479       0.028509        55.475800
25%    12.75   4.000000          52.154000        183.152368            0.003000               1.350435              1.412019               2.750545       0.028591        55.732800
50%    24.50   4.000000          52.405027        255.932588            0.004218               1.782451              2.123446               3.929891       0.039802        55.891200
75%    36.25   5.000000          52.850136        333.892818            0.005460               2.214468              2.783335               5.105553       0.052086        56.966400
max    48.00   7.000000          53.582967        369.171854            0.005501               2.676230              3.662070               6.338300       0.056474        57.420800
