Workflow Construction Summary Table
========================================================================================================================

 Comp  Groups Wall Time/Evt (s) CPU Time/Evt (s) Throughput (evt/s) Write Remote (MB/evt) Read Remote (MB/evt) Net Transfer (MB/evt) CPU Cores/Evt Memory/Evt (MB)
    1       1            9.9118          69.5505             0.0144                  0.45                 0.00                  0.45        0.0204           20.36
    2       2            9.7485          68.4263             0.0146                  0.45                 0.07                  0.52        0.0203           20.35
    3       2            9.4839          66.6169             0.0150                  1.23                 0.91                  2.14        0.0203           20.29
    4       2            9.5872          67.3050             0.0149                  0.45                 0.44                  0.88        0.0203           20.35
    5       2            9.4880          66.6080             0.0150                  2.54                 2.43                  4.97        0.0203           20.33
    6       3            9.5775          67.2394             0.0149                  0.45                 0.51                  0.96        0.0204           20.35
    7       3            9.4088          66.1039             0.0151                  1.23                 0.98                  2.21        0.0203           20.30
    8       3            9.3655          65.7918             0.0152                  3.32                 3.33                  6.65        0.0203           20.30
    9       3            9.4355          66.2614             0.0151                  2.54                 2.50                  5.04        0.0203           20.32
   10       3            9.3919          65.9841             0.0152                  2.54                 2.86                  5.40        0.0203           20.30
   11       3            9.3385          65.6225             0.0152                  1.23                 1.33                  2.56        0.0203           20.28
   12       4            9.3775          65.8997             0.0152                  2.54                 2.92                  5.46        0.0203           20.29
   13       4            9.3301          65.5620             0.0153                  1.23                 1.41                  2.64        0.0203           20.29
   14       4            9.3182          65.4663             0.0153                  3.32                 3.40                  6.72        0.0203           20.31
   15       4            9.2787          65.2046             0.0153                  3.32                 3.76                  7.08        0.0203           20.28
   16       5            9.2655          65.1253             0.0154                  3.32                 3.83                  7.15        0.0203           20.29

Summary Statistics:
------------------------------------------------------------------------------------------------------------------------
            Comp     Groups  Wall Time/Evt (s)  CPU Time/Evt (s)  Throughput (evt/s)  Write Remote (MB/evt)  Read Remote (MB/evt)  Net Transfer (MB/evt)  CPU Cores/Evt  Memory/Evt (MB)
count  16.000000  16.000000          16.000000         16.000000           16.000000              16.000000             16.000000              16.000000      16.000000        16.000000
mean    8.500000   3.000000           9.456681         66.422986            0.015060               1.884766              1.918160               3.802926       0.020311        20.311000
std     4.760952   1.032796           0.175980          1.204688            0.000267               1.152134              1.354926               2.498332       0.000027         0.026651
min     1.000000   1.000000           9.265478         65.125268            0.014378               0.449219              0.000000               0.449219       0.020282        20.281600
25%     4.750000   2.000000           9.336403         65.607388            0.014976               1.035156              0.806884               1.842041       0.020292        20.292400
50%     8.500000   3.000000           9.400365         66.044006            0.015141               1.884766              1.920853               3.805618       0.020298        20.298400
75%    12.250000   4.000000           9.510335         66.772540            0.015242               2.734375              3.025635               5.760010       0.020331        20.331200
max    16.000000   5.000000           9.911750         69.550460            0.015355               3.320312              3.834096               7.154409       0.020358        20.358400
