Workflow Construction Summary Table
========================================================================================================================

 Comp  Groups Wall Time/Evt (s) CPU Time/Evt (s) Throughput (evt/s) Write Remote (MB/evt) Read Remote (MB/evt) Net Transfer (MB/evt) CPU Cores/Evt Memory/Evt (MB)
    1       1            8.0541          64.4332             0.0155                  0.45                 0.00                  0.45        0.0308           30.78
    2       2            7.8178          62.3357             0.0160                  0.45                 0.06                  0.51        0.0306           30.65
    3       2            7.5792          58.9261             0.0170                  0.45                 0.38                  0.83        0.0299           29.88
    4       2            7.4276          50.6193             0.0198                  2.54                 2.09                  4.63        0.0262           27.97
    5       2            7.4411          45.4723             0.0220                  1.23                 0.78                  2.01        0.0238           20.14
    6       3            7.5658          58.1491             0.0172                  0.45                 0.44                  0.89        0.0295           29.88
    7       3            7.3592          50.3458             0.0199                  2.54                 2.15                  4.69        0.0262           27.86
    8       3            7.3339          45.0435             0.0222                  1.23                 0.84                  2.08        0.0238           20.02
    9       3            7.3076          50.1392             0.0199                  2.54                 2.47                  5.00        0.0262           27.08
   10       3            7.2341          44.6445             0.0224                  1.23                 1.16                  2.39        0.0238           19.25
   11       3            7.2644          44.7655             0.0223                  3.32                 2.87                  6.19        0.0238           19.52
   12       4            7.2942          49.3623             0.0203                  2.54                 2.53                  5.07        0.0259           27.08
   13       4            7.2208          43.8675             0.0228                  1.23                 1.22                  2.45        0.0234           19.25
   14       4            7.1960          44.4919             0.0225                  3.32                 2.93                  6.25        0.0238           19.41
   15       4            7.1444          44.2854             0.0226                  3.32                 3.25                  6.57        0.0238           18.63
   16       5            7.1310          43.5084             0.0230                  3.32                 3.31                  6.63        0.0234           18.63

Summary Statistics:
------------------------------------------------------------------------------------------------------------------------
            Comp     Groups  Wall Time/Evt (s)  CPU Time/Evt (s)  Throughput (evt/s)  Write Remote (MB/evt)  Read Remote (MB/evt)  Net Transfer (MB/evt)  CPU Cores/Evt  Memory/Evt (MB)
count  16.000000  16.000000          16.000000         16.000000           16.000000              16.000000             16.000000              16.000000      16.000000        16.000000
mean    8.500000   3.000000           7.398204         50.024355            0.020332               1.884766              1.655273               3.540039       0.025947        24.128250
std     4.760952   1.032796           0.251337          7.077576            0.002591               1.152134              1.168838               2.312666       0.002753         5.054239
min     1.000000   1.000000           7.131003         43.508437            0.015520               0.449219              0.000000               0.449219       0.023426        18.633000
25%     4.750000   2.000000           7.230795         44.606334            0.019116               1.035156              0.695801               1.730957       0.023816        19.373000
50%     8.500000   3.000000           7.320744         47.417286            0.021125               1.884766              1.655273               3.540039       0.024839        23.612000
75%    12.250000   4.000000           7.472273         52.501770            0.022418               2.734375              2.614746               5.349121       0.027060        28.449250
max    16.000000   5.000000           8.054145         64.433159            0.022984               3.320312              3.310547               6.630859       0.030776        30.776000
