Workflow Construction Summary Table
========================================================================================================================

 Comp  Groups Wall Time/Evt (s) CPU Time/Evt (s) Throughput (evt/s) Write Remote (MB/evt) Read Remote (MB/evt) Net Transfer (MB/evt) CPU Cores/Evt Memory/Evt (MB)
    1       1            6.9524          55.6195             0.0180                  0.45                 0.00                  0.45        0.0013            1.28
    2       2            6.9433          55.5461             0.0180                  0.45                 0.06                  0.51        0.0013            1.28
    3       2            6.9426          55.5410             0.0180                  1.23                 0.78                  2.01        0.0013            1.28
    4       2            6.9365          55.4919             0.0180                  0.45                 0.38                  0.83        0.0013            1.28
    5       2            6.9683          55.7462             0.0179                  2.54                 2.09                  4.63        0.0013            1.28
    6       3            6.9366          55.4925             0.0180                  0.45                 0.44                  0.89        0.0013            1.28
    7       3            6.9388          55.5108             0.0180                  1.23                 0.84                  2.08        0.0013            1.28
    8       3            6.9771          55.8167             0.0179                  3.32                 2.87                  6.19        0.0013            1.28
    9       3            6.9661          55.7284             0.0179                  2.54                 2.15                  4.69        0.0013            1.28
   10       3            6.9670          55.7363             0.0179                  2.54                 2.47                  5.00        0.0013            1.28
   11       3            6.9378          55.5024             0.0180                  1.23                 1.16                  2.39        0.0013            1.28
   12       4            6.9671          55.7369             0.0179                  2.54                 2.53                  5.07        0.0013            1.28
   13       4            6.9379          55.5029             0.0180                  1.23                 1.22                  2.45        0.0013            1.28
   14       4            6.9749          55.7989             0.0179                  3.32                 2.93                  6.25        0.0013            1.28
   15       4            6.9758          55.8068             0.0179                  3.32                 3.25                  6.57        0.0013            1.28
   16       5            6.9759          55.8074             0.0179                  3.32                 3.31                  6.63        0.0013            1.28

Summary Statistics:
------------------------------------------------------------------------------------------------------------------------
            Comp     Groups  Wall Time/Evt (s)  CPU Time/Evt (s)  Throughput (evt/s)  Write Remote (MB/evt)  Read Remote (MB/evt)  Net Transfer (MB/evt)  CPU Cores/Evt  Memory/Evt (MB)
count  16.000000  16.000000          16.000000         16.000000           16.000000              16.000000             16.000000              16.000000      16.000000        16.000000
mean    8.500000   3.000000           6.956130         55.649037            0.017970               1.884766              1.655273               3.540039       0.001280         1.280100
std     4.760952   1.032796           0.016642          0.133139            0.000043               1.152134              1.168838               2.312666       0.000001         0.001088
min     1.000000   1.000000           6.936488         55.491904            0.017916               0.449219              0.000000               0.449219       0.001278         1.278400
25%     4.750000   2.000000           6.938603         55.508823            0.017934               1.035156              0.695801               1.730957       0.001280         1.280000
50%     8.500000   3.000000           6.959242         55.673936            0.017962               1.884766              1.655273               3.540039       0.001280         1.280000
75%    12.250000   4.000000           6.969920         55.759360            0.018015               2.734375              2.614746               5.349121       0.001280         1.280400
max    16.000000   5.000000           6.977082         55.816657            0.018021               3.320312              3.310547               6.630859       0.001282         1.281600
