Workflow Construction Summary Table
========================================================================================================================

 Comp  Groups Wall Time/Evt (s) CPU Time/Evt (s) Throughput (evt/s) Write Remote (MB/evt) Read Remote (MB/evt) Net Transfer (MB/evt) CPU Cores/Evt Memory/Evt (MB)
    1       1            9.7292          75.9274             0.0132                  0.45                 0.00                  0.45        0.0647           64.71
    2       2            9.2385          71.8516             0.0139                  0.45                 0.07                  0.51        0.0644           64.44
    3       2            8.6026          50.5201             0.0198                  1.23                 0.80                  2.03        0.0501           42.37
    4       2            8.7681          66.3932             0.0151                  0.45                 0.38                  0.83        0.0628           62.82
    5       2            8.8518          58.1912             0.0172                  2.54                 2.14                  4.68        0.0553           58.92
    6       3            8.7475          65.4528             0.0153                  0.45                 0.45                  0.90        0.0620           62.82
    7       3            8.3838          49.6678             0.0201                  1.23                 0.87                  2.10        0.0501           42.12
    8       3            8.6696          50.7820             0.0197                  3.32                 2.95                  6.27        0.0501           41.06
    9       3            8.7147          57.6569             0.0173                  2.54                 2.21                  4.75        0.0553           58.70
   10       3            8.6386          57.3598             0.0174                  2.54                 2.53                  5.07        0.0553           57.06
   11       3            8.2054          48.9741             0.0204                  1.23                 1.19                  2.42        0.0501           40.50
   12       4            8.6170          56.4223             0.0177                  2.54                 2.59                  5.13        0.0545           57.06
   13       4            8.1841          48.0364             0.0208                  1.23                 1.25                  2.48        0.0493           40.50
   14       4            8.5321          50.2467             0.0199                  3.32                 3.01                  6.33        0.0501           40.85
   15       4            8.4560          49.9499             0.0200                  3.32                 3.33                  6.65        0.0501           39.21
   16       5            8.4342          49.0109             0.0204                  3.32                 3.40                  6.72        0.0493           39.21

Summary Statistics:
------------------------------------------------------------------------------------------------------------------------
            Comp     Groups  Wall Time/Evt (s)  CPU Time/Evt (s)  Throughput (evt/s)  Write Remote (MB/evt)  Read Remote (MB/evt)  Net Transfer (MB/evt)  CPU Cores/Evt  Memory/Evt (MB)
count  16.000000  16.000000          16.000000         16.000000           16.000000              16.000000             16.000000              16.000000      16.000000        16.000000
mean    8.500000   3.000000           8.673333         56.652708            0.018018               1.884766              1.697846               3.582612       0.054611        50.773313
std     4.760952   1.032796           0.379319          8.858863            0.002522               1.152134              1.199114               2.342849       0.005770        10.635287
min     1.000000   1.000000           8.184104         48.036419            0.013170               0.449219              0.000000               0.449219       0.049304        39.207600
25%     4.750000   2.000000           8.450569         49.879391            0.016708               1.035156              0.713796               1.748952       0.050120        40.764300
50%     8.500000   3.000000           8.627811         53.602164            0.018708               1.884766              1.697579               3.582345       0.052315        49.719100
75%    12.250000   4.000000           8.752631         60.006629            0.020048               2.734375              2.682454               5.416829       0.056991        59.895200
max    16.000000   5.000000           9.729207         75.927396            0.020818               3.320312              3.395616               6.715928       0.064709        64.708800
