Workflow Construction Summary Table
========================================================================================================================

 Comp  Groups Wall Time/Evt (s) CPU Time/Evt (s) Throughput (evt/s) Write Remote (MB/evt) Read Remote (MB/evt) Net Transfer (MB/evt) CPU Cores/Evt Memory/Evt (MB)
    1       1            7.0354         447.4845             0.0022                  0.45                 0.00                  0.45        0.0104           10.37
    2       2            7.0257         443.8515             0.0023                  0.45                 0.06                  0.51        0.0103           10.33
    3       2            7.0161         422.1471             0.0024                  0.45                 0.38                  0.83        0.0098            9.90
    4       2            7.0113         204.8029             0.0049                  1.23                 0.79                  2.02        0.0048            4.85
    5       2            7.0135         169.5934             0.0059                  2.54                 2.11                  4.65        0.0040            4.91
    6       3            7.0156         422.1449             0.0024                  0.45                 0.44                  0.89        0.0098            9.91
    7       3            7.0070         201.5134             0.0050                  1.23                 0.85                  2.08        0.0047            4.81
    8       3            7.0108         166.4037             0.0060                  2.54                 2.18                  4.72        0.0039            4.87
    9       3            7.0032         180.1794             0.0056                  1.23                 1.16                  2.39        0.0042            4.38
   10       3            7.0088         145.1963             0.0069                  2.54                 2.49                  5.03        0.0035            4.44
   11       3            7.0083         142.7575             0.0070                  3.32                 2.89                  6.21        0.0034            3.68
   12       4            7.0026         180.1773             0.0056                  1.23                 1.23                  2.46        0.0042            4.39
   13       4            7.0084         145.1946             0.0069                  2.54                 2.56                  5.10        0.0035            4.45
   14       4            7.0055         139.5678             0.0072                  3.32                 2.96                  6.28        0.0033            3.64
   15       4            7.0035         118.3604             0.0084                  3.32                 3.28                  6.60        0.0028            3.21
   16       5            7.0031         118.3587             0.0084                  3.32                 3.34                  6.66        0.0028            3.22

Summary Statistics:
------------------------------------------------------------------------------------------------------------------------
            Comp     Groups  Wall Time/Evt (s)  CPU Time/Evt (s)  Throughput (evt/s)  Write Remote (MB/evt)  Read Remote (MB/evt)  Net Transfer (MB/evt)  CPU Cores/Evt  Memory/Evt (MB)
count  16.000000  16.000000          16.000000         16.000000           16.000000              16.000000             16.000000              16.000000      16.000000        16.000000
mean    8.500000   3.000000           7.011177        227.983334            0.005432               1.884766              1.669509               3.554274       0.005346         5.709750
std     4.760952   1.032796           0.008877        125.435600            0.002131               1.152134              1.180391               2.324215       0.002886         2.691554
min     1.000000   1.000000           7.002614        118.358737            0.002235               0.449219              0.000000               0.449219       0.002841         3.206000
25%     4.750000   2.000000           7.005008        144.585335            0.004254               1.035156              0.699883               1.735040       0.003436         4.208500
50%     8.500000   3.000000           7.008620        174.885318            0.005723               1.884766              1.669683               3.554449       0.004110         4.630000
75%    12.250000   4.000000           7.014043        259.138441            0.006917               2.734375              2.641548               5.375923       0.006030         6.159500
max    16.000000   5.000000           7.035443        447.484546            0.008449               3.320312              3.338760               6.659072       0.010368        10.368000
