Workflow Construction Summary Table
========================================================================================================================

 Comp  Groups Wall Time/Evt (s) CPU Time/Evt (s) Throughput (evt/s) Write Remote (MB/evt) Read Remote (MB/evt) Net Transfer (MB/evt) CPU Cores/Evt Memory/Evt (MB)
    1       1            7.2484          56.8033             0.0176                  0.45                 0.00                  0.45        0.0013            1.33
    2       2            7.2389          56.5080             0.0177                  0.45                 0.07                  0.52        0.0013            1.33
    3       2            7.2318          55.0156             0.0182                  0.45                 0.38                  0.83        0.0013            1.30
    4       2            7.2647          48.6740             0.0205                  2.54                 2.12                  4.66        0.0011            1.22
    5       2            7.2382          43.9436             0.0228                  1.23                 0.80                  2.03        0.0010            0.88
    6       3            7.2319          54.2887             0.0184                  0.45                 0.45                  0.90        0.0013            1.30
    7       3            7.2624          48.6650             0.0205                  2.54                 2.19                  4.72        0.0011            1.21
    8       3            7.2342          43.9280             0.0228                  1.23                 0.86                  2.09        0.0010            0.87
    9       3            7.2635          48.6690             0.0205                  2.54                 2.51                  5.04        0.0011            1.18
   10       3            7.2332          43.9238             0.0228                  1.23                 1.18                  2.41        0.0010            0.84
   11       3            7.2742          44.0844             0.0227                  3.32                 2.93                  6.25        0.0010            0.85
   12       4            7.2606          47.9478             0.0209                  2.54                 2.57                  5.11        0.0011            1.18
   13       4            7.2333          43.1969             0.0231                  1.23                 1.25                  2.48        0.0010            0.84
   14       4            7.2720          44.0756             0.0227                  3.32                 2.99                  6.31        0.0010            0.85
   15       4            7.2730          44.0796             0.0227                  3.32                 3.31                  6.63        0.0010            0.81
   16       5            7.2731          43.3614             0.0231                  3.32                 3.38                  6.70        0.0010            0.82

Summary Statistics:
------------------------------------------------------------------------------------------------------------------------
            Comp     Groups  Wall Time/Evt (s)  CPU Time/Evt (s)  Throughput (evt/s)  Write Remote (MB/evt)  Read Remote (MB/evt)  Net Transfer (MB/evt)  CPU Cores/Evt  Memory/Evt (MB)
count  16.000000  16.000000          16.000000         16.000000           16.000000              16.000000             16.000000              16.000000      16.000000        16.000000
mean    8.500000   3.000000           7.252089         47.947797            0.021060               1.884766              1.686178               3.570944       0.001128         1.049950
std     4.760952   1.032796           0.017249          5.035157            0.002072               1.152134              1.190085               2.333821       0.000118         0.217708
min     1.000000   1.000000           7.231796         43.196895            0.017605               0.449219              0.000000               0.449219       0.001020         0.814800
25%     4.750000   2.000000           7.234000         43.939721            0.020014               1.035156              0.710369               1.745525       0.001035         0.845150
50%     8.500000   3.000000           7.254474         46.016120            0.021770               1.884766              1.683838               3.568603       0.001083         1.028200
75%    12.250000   4.000000           7.266536         50.077684            0.022758               2.734375              2.656834               5.391209       0.001179         1.236550
max    16.000000   5.000000           7.274228         56.803259            0.023150               3.320312              3.376162               6.696475       0.001333         1.332800
