Workflow Construction Summary Table
========================================================================================================================

 Comp  Groups Wall Time/Evt (s) CPU Time/Evt (s) Throughput (evt/s) Write Remote (MB/evt) Read Remote (MB/evt) Net Transfer (MB/evt) CPU Cores/Evt Memory/Evt (MB)
    1       1            8.0543          64.4345             0.0155                  0.45                 0.00                  0.45        0.0308           30.77
    2       2            7.8182          62.5457             0.0160                  0.45                 0.06                  0.51        0.0308           30.76
    3       2            7.4427          59.5414             0.0168                  1.23                 0.78                  2.01        0.0307           30.71
    4       2            7.5797          60.6375             0.0165                  0.45                 0.38                  0.83        0.0308           30.76
    5       2            7.4316          59.4530             0.0168                  2.54                 2.09                  4.63        0.0307           30.69
    6       3            7.5664          60.5313             0.0165                  0.45                 0.44                  0.89        0.0308           30.76
    7       3            7.3357          58.6856             0.0170                  1.23                 0.84                  2.08        0.0307           30.70
    8       3            7.2697          58.1579             0.0172                  3.32                 2.87                  6.19        0.0307           30.69
    9       3            7.3634          58.9069             0.0170                  2.54                 2.15                  4.69        0.0307           30.69
   10       3            7.3120          58.4961             0.0171                  2.54                 2.47                  5.00        0.0307           30.69
   11       3            7.2361          57.8890             0.0173                  1.23                 1.16                  2.39        0.0307           30.71
   12       4            7.2987          58.3898             0.0171                  2.54                 2.53                  5.07        0.0307           30.69
   13       4            7.2228          57.7827             0.0173                  1.23                 1.22                  2.45        0.0307           30.71
   14       4            7.2015          57.6119             0.0174                  3.32                 2.93                  6.25        0.0307           30.70
   15       4            7.1501          57.2011             0.0175                  3.32                 3.25                  6.57        0.0307           30.70
   16       5            7.1369          57.0948             0.0175                  3.32                 3.31                  6.63        0.0307           30.70

Summary Statistics:
------------------------------------------------------------------------------------------------------------------------
            Comp     Groups  Wall Time/Evt (s)  CPU Time/Evt (s)  Throughput (evt/s)  Write Remote (MB/evt)  Read Remote (MB/evt)  Net Transfer (MB/evt)  CPU Cores/Evt  Memory/Evt (MB)
count  16.000000  16.000000          16.000000         16.000000           16.000000              16.000000             16.000000              16.000000      16.000000        16.000000
mean    8.500000   3.000000           7.401243         59.209944            0.016906               1.884766              1.655273               3.540039       0.030713        30.713100
std     4.760952   1.032796           0.249743          1.997941            0.000548               1.152134              1.168838               2.312666       0.000031         0.030985
min     1.000000   1.000000           7.136851         57.094807            0.015520               0.449219              0.000000               0.449219       0.030688        30.688000
25%     4.750000   2.000000           7.232800         57.862397            0.016726               1.035156              0.695801               1.730957       0.030693        30.693200
50%     8.500000   3.000000           7.323852         58.590816            0.017068               1.884766              1.655273               3.540039       0.030696        30.696000
75%    12.250000   4.000000           7.473606         59.788848            0.017282               2.734375              2.614746               5.349121       0.030720        30.719600
max    16.000000   5.000000           8.054309         64.434474            0.017515               3.320312              3.310547               6.630859       0.030770        30.769600
