Workflow Construction Summary Table
========================================================================================================================

 Comp  Groups Wall Time/Evt (s) CPU Time/Evt (s) Throughput (evt/s) Write Remote (MB/evt) Read Remote (MB/evt) Net Transfer (MB/evt) CPU Cores/Evt Memory/Evt (MB)
    1       1            9.2078          73.6621             0.0136                  0.45                 0.00                  0.45        0.0615           61.54
    2       2            8.7355          69.8836             0.0143                  0.45                 0.06                  0.51        0.0615           61.51
    3       2            8.2578          66.0623             0.0151                  0.45                 0.38                  0.83        0.0615           61.53
    4       2            7.9562          63.6500             0.0157                  2.54                 2.09                  4.63        0.0615           61.50
    5       2            7.9821          63.8565             0.0157                  1.23                 0.78                  2.01        0.0615           61.49
    6       3            8.2311          65.8489             0.0152                  0.45                 0.44                  0.89        0.0615           61.53
    7       3            7.8199          62.5589             0.0160                  2.54                 2.15                  4.69        0.0615           61.52
    8       3            7.7680          62.1439             0.0161                  1.23                 0.84                  2.08        0.0615           61.46
    9       3            7.7164          61.7309             0.0162                  2.54                 2.47                  5.00        0.0615           61.51
   10       3            7.5682          60.5458             0.0165                  1.23                 1.16                  2.39        0.0615           61.48
   11       3            7.6283          61.0260             0.0164                  3.32                 2.87                  6.19        0.0615           61.46
   12       4            7.6897          61.5176             0.0163                  2.54                 2.53                  5.07        0.0615           61.51
   13       4            7.5415          60.3324             0.0166                  1.23                 1.22                  2.45        0.0615           61.48
   14       4            7.4919          59.9349             0.0167                  3.32                 2.93                  6.25        0.0615           61.48
   15       4            7.3884          59.1070             0.0169                  3.32                 3.25                  6.57        0.0615           61.47
   16       5            7.3617          58.8936             0.0170                  3.32                 3.31                  6.63        0.0615           61.47

Summary Statistics:
------------------------------------------------------------------------------------------------------------------------
            Comp     Groups  Wall Time/Evt (s)  CPU Time/Evt (s)  Throughput (evt/s)  Write Remote (MB/evt)  Read Remote (MB/evt)  Net Transfer (MB/evt)  CPU Cores/Evt  Memory/Evt (MB)
count  16.000000  16.000000          16.000000         16.000000           16.000000              16.000000             16.000000              16.000000      16.000000        16.000000
mean    8.500000   3.000000           7.896519         63.172152            0.015886               1.884766              1.655273               3.540039       0.061496        61.495800
std     4.760952   1.032796           0.502520          4.020158            0.000940               1.152134              1.168838               2.312666       0.000025         0.024855
min     1.000000   1.000000           7.361703         58.893625            0.013575               0.449219              0.000000               0.449219       0.061459        61.459200
25%     4.750000   2.000000           7.561551         60.492411            0.015542               1.035156              0.695801               1.730957       0.061477        61.476800
50%     8.500000   3.000000           7.742178         61.937424            0.016146               1.884766              1.655273               3.540039       0.061491        61.491200
75%    12.250000   4.000000           8.044325         64.354601            0.016531               2.734375              2.614746               5.349121       0.061514        61.514000
max    16.000000   5.000000           9.207765         73.662119            0.016980               3.320312              3.310547               6.630859       0.061539        61.539200
