Workflow Construction Summary Table
========================================================================================================================

 Comp  Groups Wall Time/Evt (s) CPU Time/Evt (s) Throughput (evt/s) Write Remote (MB/evt) Read Remote (MB/evt) Net Transfer (MB/evt) CPU Cores/Evt Memory/Evt (MB)
    1       1            9.5027         533.2760             0.0019                  0.45                 0.00                  0.45        0.0811           81.13
    2       2            9.4267         525.5243             0.0019                  0.45                 0.07                  0.52        0.0806           80.63
    3       2            9.3499         495.9681             0.0020                  0.45                 0.44                  0.89        0.0766           77.10
    4       2            9.3124         243.7592             0.0041                  1.23                 0.91                  2.14        0.0376           38.29
    5       2            9.3008         198.9048             0.0050                  2.53                 2.43                  4.96        0.0309           38.07
    6       3            9.3454         496.3509             0.0020                  0.45                 0.51                  0.96        0.0768           77.18
    7       3            9.2684         238.1970             0.0042                  1.23                 0.98                  2.21        0.0370           37.74
    8       3            9.2797         194.0485             0.0052                  2.53                 2.51                  5.04        0.0303           37.55
    9       3            9.2279         209.8372             0.0048                  1.23                 1.35                  2.58        0.0327           33.91
   10       3            9.2465         167.4988             0.0060                  2.53                 2.85                  5.38        0.0263           33.92
   11       3            9.2369         167.6667             0.0060                  3.31                 3.34                  6.65        0.0261           28.39
   12       4            9.2211         210.6250             0.0047                  1.23                 1.41                  2.64        0.0330           34.09
   13       4            9.2497         168.6017             0.0059                  2.53                 2.95                  5.47        0.0265           34.13
   14       4            9.2282         163.0295             0.0061                  3.31                 3.42                  6.74        0.0256           27.91
   15       4            9.1902         136.2518             0.0073                  3.31                 3.76                  7.07        0.0215           24.29
   16       5            9.1985         136.5919             0.0073                  3.31                 3.85                  7.16        0.0215           24.28

Summary Statistics:
------------------------------------------------------------------------------------------------------------------------
            Comp     Groups  Wall Time/Evt (s)  CPU Time/Evt (s)  Throughput (evt/s)  Write Remote (MB/evt)  Read Remote (MB/evt)  Net Transfer (MB/evt)  CPU Cores/Evt  Memory/Evt (MB)
count  16.000000  16.000000          16.000000         16.000000           16.000000              16.000000             16.000000              16.000000      16.000000        16.000000
mean    8.500000   3.000000           9.286562        267.883207            0.004654               1.878511              1.924507               3.803019       0.041509        44.286925
std     4.760952   1.032796           0.085111        149.418632            0.001857               1.148568              1.358147               2.497842       0.022721        21.202037
min     1.000000   1.000000           9.190201        136.251803            0.001875               0.447626              0.000000               0.447626       0.021522        24.282000
25%     4.750000   2.000000           9.228135        167.624748            0.003581               1.030820              0.811590               1.843963       0.026230        32.526400
50%     8.500000   3.000000           9.259049        204.370990            0.004897               1.877629              1.922717               3.800644       0.031818        35.840200
75%    12.250000   4.000000           9.320632        306.811441            0.005966               2.725295              3.044142               5.768345       0.047357        47.990000
max    16.000000   5.000000           9.502680        533.276043            0.007339               3.313644              3.847977               7.155255       0.081126        81.126400
