Workflow Construction Summary Table
========================================================================================================================

 Comp  Groups Wall Time/Evt (s) CPU Time/Evt (s) Throughput (evt/s) Write Remote (MB/evt) Read Remote (MB/evt) Net Transfer (MB/evt) CPU Cores/Evt Memory/Evt (MB)
    1       2           44.6570         169.7653             0.0059                  0.89                 0.56                  1.45        0.0239           47.86
    2       2           44.6570         169.7653             0.0059                  0.89                 0.56                  1.45        0.0239           47.86
    3       3           44.6405         169.7110             0.0059                  0.89                 0.72                  1.60        0.0239           47.86
    4       3           44.6405         169.7110             0.0059                  0.89                 0.72                  1.60        0.0239           47.86
    5       3           44.2926         168.3911             0.0059                  0.89                 0.72                  1.60        0.0239           47.76
    6       3           44.2926         168.3911             0.0059                  0.89                 0.72                  1.60        0.0239           47.76
    7       3           44.2901         168.3968             0.0059                  1.50                 1.22                  2.72        0.0238           47.66
    8       3           44.2901         168.3968             0.0059                  1.50                 1.22                  2.72        0.0238           47.66
    9       3           43.9378         167.0556             0.0060                  0.89                 1.12                  2.01        0.0239           47.83
   10       3           43.6548         166.0101             0.0060                  2.06                 1.80                  3.86        0.0239           47.75
   11       3           43.6548         166.0101             0.0060                  2.06                 1.80                  3.86        0.0239           47.75
   12       4           44.2819         168.3485             0.0059                  0.89                 0.87                  1.76        0.0239           47.76
   13       4           44.2819         168.3485             0.0059                  0.89                 0.87                  1.76        0.0239           47.76
   14       4           44.2808         168.3570             0.0059                  1.50                 1.37                  2.87        0.0238           47.68
   15       4           44.2808         168.3570             0.0059                  1.50                 1.37                  2.87        0.0238           47.68
   16       4           43.9266         167.0118             0.0060                  0.89                 1.28                  2.17        0.0239           47.84
   17       4           43.9266         167.0118             0.0060                  0.89                 1.28                  2.17        0.0239           47.84
   18       4           43.9341         167.0588             0.0060                  1.50                 1.37                  2.88        0.0239           47.79
   19       4           43.9341         167.0588             0.0060                  1.50                 1.37                  2.88        0.0239           47.79
   20       4           43.6387         165.9565             0.0060                  2.06                 1.95                  4.01        0.0239           47.75
   21       4           43.3686         164.9366             0.0061                  2.68                 2.45                  5.13        0.0238           47.63
   22       4           43.6387         165.9565             0.0060                  2.06                 1.95                  4.01        0.0239           47.75
   23       4           43.3686         164.9366             0.0061                  2.68                 2.45                  5.13        0.0238           47.63
   24       4           43.5772         165.7287             0.0060                  2.06                 1.95                  4.01        0.0239           47.75
   25       4           43.5772         165.7287             0.0060                  2.06                 1.95                  4.01        0.0239           47.75
   26       4           43.5101         165.4999             0.0060                  2.06                 2.37                  4.43        0.0239           47.72
   27       4           43.6009         165.7759             0.0060                  1.50                 1.78                  3.29        0.0238           47.66
   28       5           43.9201         166.9775             0.0060                  0.89                 1.43                  2.32        0.0239           47.85
   29       5           43.9302         167.0296             0.0060                  1.50                 1.52                  3.03        0.0239           47.81
   30       5           43.9302         167.0296             0.0060                  1.50                 1.52                  3.03        0.0239           47.81
   31       5           43.3513         164.8808             0.0061                  2.68                 2.60                  5.28        0.0238           47.64
   32       5           43.3513         164.8808             0.0061                  2.68                 2.60                  5.28        0.0238           47.64
   33       5           43.5671         165.6872             0.0060                  2.06                 2.11                  4.17        0.0239           47.76
   34       5           43.5671         165.6872             0.0060                  2.06                 2.11                  4.17        0.0239           47.76
   35       5           43.4995         165.4575             0.0060                  2.06                 2.52                  4.58        0.0239           47.74
   36       5           43.4995         165.4575             0.0060                  2.06                 2.52                  4.58        0.0239           47.74
   37       5           43.5731         165.6989             0.0060                  1.50                 1.94                  3.44        0.0238           47.65
   38       5           43.5731         165.6989             0.0060                  1.50                 1.94                  3.44        0.0238           47.65
   39       5           43.2994         164.6718             0.0061                  2.68                 2.60                  5.28        0.0238           47.64
   40       5           43.2994         164.6718             0.0061                  2.68                 2.60                  5.28        0.0238           47.64
   41       5           43.2506         164.4801             0.0061                  2.68                 3.02                  5.69        0.0238           47.64
   42       6           43.4837         165.4043             0.0060                  2.06                 2.68                  4.74        0.0239           47.73
   43       6           43.5611         165.6535             0.0060                  1.50                 2.09                  3.59        0.0238           47.65
   44       6           43.2881         164.6278             0.0061                  2.68                 2.76                  5.44        0.0238           47.64
   45       6           43.2881         164.6278             0.0061                  2.68                 2.76                  5.44        0.0238           47.64
   46       6           43.2362         164.4299             0.0061                  2.68                 3.17                  5.85        0.0238           47.65
   47       6           43.2362         164.4299             0.0061                  2.68                 3.17                  5.85        0.0238           47.65
   48       7           43.2295         164.3950             0.0061                  2.68                 3.33                  6.00        0.0238           47.65

Summary Statistics:
------------------------------------------------------------------------------------------------------------------------
        Comp     Groups  Wall Time/Evt (s)  CPU Time/Evt (s)  Throughput (evt/s)  Write Remote (MB/evt)  Read Remote (MB/evt)  Net Transfer (MB/evt)  CPU Cores/Evt  Memory/Evt (MB)
count  48.00  48.000000          48.000000         48.000000           48.000000              48.000000             48.000000              48.000000      48.000000        48.000000
mean   24.50   4.333333          43.772280        166.449022            0.006008               1.782451              1.849462               3.631913       0.023864        47.728867
std    14.00   1.117241           0.432761          1.621229            0.000058               0.668887              0.764245               1.405969       0.000039         0.078057
min     1.00   2.000000          43.229497        164.394984            0.005890               0.888672              0.562988               1.451660       0.023817        47.633600
25%    12.75   4.000000          43.454890        165.287393            0.005974               1.350435              1.278052               2.620791       0.023824        47.648000
50%    24.50   4.000000          43.619790        165.866202            0.006029               1.782451              1.936522               3.727143       0.023871        47.741600
75%    36.25   5.000000          44.023583        167.381182            0.006050               2.214468              2.522778               4.835498       0.023885        47.770400
max    48.00   7.000000          44.656970        169.765272            0.006083               2.676230              3.325614               6.001844       0.023932        47.864000
