Workflow Construction Summary Table
========================================================================================================================

 Comp  Groups Wall Time/Evt (s) CPU Time/Evt (s) Throughput (evt/s) Write Remote (MB/evt) Read Remote (MB/evt) Net Transfer (MB/evt) CPU Cores/Evt Memory/Evt (MB)
    1       1            7.9367         474.7756             0.0021                  0.45                 0.00                  0.45        0.0059            5.89
    2       2            7.9380         471.7798             0.0021                  0.45                 0.06                  0.51        0.0059            5.92
    3       2            7.9368         445.5930             0.0022                  0.45                 0.46                  0.91        0.0055            5.58
    4       2            7.8810         211.8200             0.0047                  1.23                 0.82                  2.05        0.0026            2.66
    5       2            7.9368         178.6047             0.0056                  2.54                 2.23                  4.76        0.0023            2.78
    6       3            7.9681         445.6556             0.0022                  0.45                 0.55                  1.00        0.0055            5.60
    7       3            7.9293         210.2811             0.0048                  1.23                 0.89                  2.12        0.0026            2.70
    8       3            7.9412         175.6134             0.0057                  2.54                 2.30                  4.83        0.0022            2.75
    9       3            7.8993         183.2229             0.0055                  1.23                 1.26                  2.49        0.0023            2.36
   10       3            7.9368         154.6047             0.0065                  2.54                 2.64                  5.17        0.0020            2.52
   11       3            7.8863         149.3837             0.0067                  3.32                 3.02                  6.34        0.0019            2.06
   12       4            7.9356         183.2955             0.0055                  1.23                 1.36                  2.59        0.0023            2.37
   13       4            7.9420         154.6152             0.0065                  2.54                 2.70                  5.24        0.0020            2.55
   14       4            7.8907         146.3924             0.0068                  3.32                 3.09                  6.41        0.0018            2.02
   15       4            7.8863         125.3837             0.0080                  3.32                 3.43                  6.75        0.0016            1.80
   16       5            7.8392         122.6974             0.0082                  3.32                 3.46                  6.78        0.0015            1.75

Summary Statistics:
------------------------------------------------------------------------------------------------------------------------
            Comp     Groups  Wall Time/Evt (s)  CPU Time/Evt (s)  Throughput (evt/s)  Write Remote (MB/evt)  Read Remote (MB/evt)  Net Transfer (MB/evt)  CPU Cores/Evt  Memory/Evt (MB)
count  16.000000  16.000000          16.000000         16.000000           16.000000              16.000000             16.000000              16.000000      16.000000        16.000000
mean    8.500000   3.000000           7.917764        239.607422            0.005186               1.884766              1.765675               3.650440       0.002994         3.207625
std     4.760952   1.032796           0.033224        133.637938            0.002033               1.152134              1.221389               2.363187       0.001654         1.549097
min     1.000000   1.000000           7.839175        122.697445            0.002106               0.449219              0.000000               0.449219       0.001544         1.754000
25%     4.750000   2.000000           7.889623        153.299439            0.004102               1.035156              0.751366               1.786522       0.001943         2.284000
50%     8.500000   3.000000           7.936184        180.913811            0.005528               1.884766              1.790700               3.675465       0.002258         2.606000
75%    12.250000   4.000000           7.937097        270.263235            0.006525               2.734375              2.781241               5.515616       0.003355         3.484000
max    16.000000   5.000000           7.968112        474.775642            0.008150               3.320312              3.461086               6.781398       0.005904         5.920000
