Workflow Construction Summary Table
========================================================================================================================

 Comp  Groups Wall Time/Evt (s) CPU Time/Evt (s) Throughput (evt/s) Write Remote (MB/evt) Read Remote (MB/evt) Net Transfer (MB/evt) CPU Cores/Evt Memory/Evt (MB)
    1       2           38.9141         305.8205             0.0033                  0.89                 0.54                  1.43        0.0035            3.58
    2       2           38.9141         305.8205             0.0033                  0.89                 0.54                  1.43        0.0035            3.49
    3       3           38.9279         305.8755             0.0033                  0.89                 0.68                  1.57        0.0035            3.58
    4       3           38.9279         305.8755             0.0033                  0.89                 0.68                  1.57        0.0035            3.49
    5       3           38.9022         304.4542             0.0033                  0.89                 0.68                  1.57        0.0035            3.56
    6       3           38.9022         304.4542             0.0033                  0.89                 0.68                  1.57        0.0035            3.49
    7       3           39.0112         156.4512             0.0064                  1.50                 1.15                  2.66        0.0018            3.58
    8       3           39.0112         156.4512             0.0064                  1.50                 1.15                  2.66        0.0018            3.49
    9       3           38.9150         300.3354             0.0033                  0.89                 1.07                  1.96        0.0035            3.49
   10       3           39.0757         277.0987             0.0036                  2.06                 1.71                  3.77        0.0032            3.58
   11       3           39.0757         277.0987             0.0036                  2.06                 1.71                  3.77        0.0032            3.49
   12       4           38.9160         304.5091             0.0033                  0.89                 0.83                  1.72        0.0035            3.56
   13       4           38.9160         304.5091             0.0033                  0.89                 0.83                  1.72        0.0035            3.49
   14       4           39.0249         156.5062             0.0064                  1.50                 1.30                  2.80        0.0018            3.58
   15       4           39.0249         156.5062             0.0064                  1.50                 1.30                  2.80        0.0018            3.49
   16       4           38.9288         300.3903             0.0033                  0.89                 1.22                  2.11        0.0035            3.49
   17       4           38.9288         300.3903             0.0033                  0.89                 1.22                  2.11        0.0035            3.49
   18       4           38.9996         156.4046             0.0064                  1.50                 1.30                  2.80        0.0018            3.56
   19       4           38.9996         156.4046             0.0064                  1.50                 1.30                  2.80        0.0018            3.49
   20       4           39.0895         277.1536             0.0036                  2.06                 1.86                  3.92        0.0032            3.58
   21       4           39.1780         157.1185             0.0064                  2.68                 2.32                  5.00        0.0018            3.58
   22       4           39.0895         277.1536             0.0036                  2.06                 1.86                  3.92        0.0032            3.49
   23       4           39.1780         157.1185             0.0064                  2.68                 2.32                  5.00        0.0018            3.49
   24       4           39.0851         277.1362             0.0036                  2.06                 1.86                  3.92        0.0032            3.56
   25       4           39.0851         277.1362             0.0036                  2.06                 1.86                  3.92        0.0032            3.49
   26       4           39.1202         277.2766             0.0036                  2.06                 2.25                  4.31        0.0032            3.49
   27       4           39.0131         156.4589             0.0064                  1.50                 1.69                  3.19        0.0018            3.49
   28       5           38.9425         300.4453             0.0033                  0.89                 1.37                  2.26        0.0035            3.49
   29       5           39.0133         156.4596             0.0064                  1.50                 1.45                  2.95        0.0018            3.56
   30       5           39.0133         156.4596             0.0064                  1.50                 1.45                  2.95        0.0018            3.49
   31       5           39.1918         157.1735             0.0064                  2.68                 2.47                  5.15        0.0018            3.58
   32       5           39.1918         157.1735             0.0064                  2.68                 2.47                  5.15        0.0018            3.49
   33       5           39.0989         277.1911             0.0036                  2.06                 2.00                  4.06        0.0032            3.56
   34       5           39.0989         277.1911             0.0036                  2.06                 2.00                  4.06        0.0032            3.49
   35       5           39.1340         277.3315             0.0036                  2.06                 2.39                  4.45        0.0032            3.49
   36       5           39.1340         277.3315             0.0036                  2.06                 2.39                  4.45        0.0032            3.49
   37       5           39.0269         156.5139             0.0064                  1.50                 1.84                  3.34        0.0018            3.49
   38       5           39.0269         156.5139             0.0064                  1.50                 1.84                  3.34        0.0018            3.49
   39       5           39.1874         157.1560             0.0064                  2.68                 2.47                  5.15        0.0018            3.56
   40       5           39.1874         157.1560             0.0064                  2.68                 2.47                  5.15        0.0018            3.49
   41       5           39.2225         157.2964             0.0064                  2.68                 2.86                  5.54        0.0018            3.49
   42       6           39.1477         277.3865             0.0036                  2.06                 2.54                  4.60        0.0032            3.49
   43       6           39.0406         156.5688             0.0064                  1.50                 1.98                  3.49        0.0018            3.49
   44       6           39.2011         157.2110             0.0064                  2.68                 2.62                  5.29        0.0018            3.56
   45       6           39.2011         157.2110             0.0064                  2.68                 2.62                  5.29        0.0018            3.49
   46       6           39.2362         157.3514             0.0064                  2.68                 3.01                  5.68        0.0018            3.49
   47       6           39.2362         157.3514             0.0064                  2.68                 3.01                  5.68        0.0018            3.49
   48       7           39.2500         157.4063             0.0064                  2.68                 3.15                  5.83        0.0018            3.49

Summary Statistics:
------------------------------------------------------------------------------------------------------------------------
        Comp     Groups  Wall Time/Evt (s)  CPU Time/Evt (s)  Throughput (evt/s)  Write Remote (MB/evt)  Read Remote (MB/evt)  Net Transfer (MB/evt)  CPU Cores/Evt  Memory/Evt (MB)
count  48.00  48.000000          48.000000         48.000000           48.000000              48.000000             48.000000              48.000000      48.000000        48.000000
mean   24.50   4.333333          39.061181        223.620568            0.004913               1.782451              1.756410               3.538861       0.002566         3.516233
std    14.00   1.117241           0.108166         68.141302            0.001482               0.668887              0.723768               1.366042       0.000789         0.038671
min     1.00   2.000000          38.902227        156.404623            0.003269               0.888672              0.537109               1.425781       0.001793         3.486600
25%    12.75   4.000000          38.985290        156.981082            0.003536               1.350435              1.220703               2.556826       0.001794         3.489600
50%    24.50   4.000000          39.058170        217.252493            0.004981               1.782451              1.836387               3.628379       0.002488         3.490500
75%    36.25   5.000000          39.155278        283.123701            0.006370               2.214468              2.392578               4.699932       0.003252         3.559750
max    48.00   7.000000          39.249978        305.875471            0.006394               2.676230              3.154746               5.830977       0.003520         3.580800
