Workflow Construction Summary Table
========================================================================================================================

 Comp  Groups Wall Time/Evt (s) CPU Time/Evt (s) Throughput (evt/s) Write Remote (MB/evt) Read Remote (MB/evt) Net Transfer (MB/evt) CPU Cores/Evt Memory/Evt (MB)
    1       1            7.0889         453.6910             0.0022                  0.45                 0.00                  0.45        0.0307           30.72
    2       2            7.0657         448.7541             0.0022                  0.45                 0.06                  0.51        0.0305           30.50
    3       2            7.0672         425.4064             0.0024                  0.45                 0.38                  0.83        0.0290           29.21
    4       2            7.1689         213.4867             0.0047                  1.23                 0.78                  2.01        0.0141           14.35
    5       2            7.4288         187.0505             0.0053                  2.54                 2.09                  4.63        0.0116           14.35
    6       3            7.0720         425.4253             0.0024                  0.45                 0.44                  0.89        0.0290           29.21
    7       3            7.1618         209.5790             0.0048                  1.23                 0.84                  2.08        0.0138           14.13
    8       3            7.4267         183.4615             0.0055                  2.54                 2.15                  4.69        0.0114           14.19
    9       3            7.1805         187.3372             0.0053                  1.23                 1.16                  2.39        0.0124           12.84
   10       3            7.4515         161.6037             0.0062                  2.54                 2.47                  5.00        0.0100           12.90
   11       3            7.5646         160.8791             0.0062                  3.32                 2.87                  6.19        0.0098           10.66
   12       4            7.1853         187.3561             0.0053                  1.23                 1.22                  2.45        0.0124           12.84
   13       4            7.4562         161.6226             0.0062                  2.54                 2.53                  5.07        0.0100           12.91
   14       4            7.5625         157.2900             0.0064                  3.32                 2.93                  6.25        0.0096           10.50
   15       4            7.5873         135.4323             0.0074                  3.32                 3.25                  6.57        0.0082            9.21
   16       5            7.5920         135.4512             0.0074                  3.32                 3.31                  6.63        0.0082            9.21

Summary Statistics:
------------------------------------------------------------------------------------------------------------------------
            Comp     Groups  Wall Time/Evt (s)  CPU Time/Evt (s)  Throughput (evt/s)  Write Remote (MB/evt)  Read Remote (MB/evt)  Net Transfer (MB/evt)  CPU Cores/Evt  Memory/Evt (MB)
count  16.000000  16.000000          16.000000         16.000000           16.000000              16.000000             16.000000              16.000000      16.000000        16.000000
mean    8.500000   3.000000           7.316246        239.614166            0.004986               1.884766              1.655273               3.540039       0.015677        16.732500
std     4.760952   1.032796           0.208465        120.672052            0.001784               1.152134              1.168838               2.312666       0.008614         8.039868
min     1.000000   1.000000           7.065750        135.432257            0.002204               0.449219              0.000000               0.449219       0.008160         9.208000
25%     4.750000   2.000000           7.143550        161.422539            0.004101               1.035156              0.695801               1.730957       0.009950        12.294000
50%     8.500000   3.000000           7.305988        187.193849            0.005342               1.884766              1.655273               3.540039       0.012016        13.517000
75%    12.250000   4.000000           7.482789        266.466648            0.006195               2.734375              2.614746               5.349121       0.017826        18.066000
max    16.000000   5.000000           7.592006        453.691000            0.007384               3.320312              3.310547               6.630859       0.030720        30.720000
