Workflow Construction Summary Table
========================================================================================================================

 Comp  Groups Wall Time/Evt (s) CPU Time/Evt (s) Throughput (evt/s) Write Remote (MB/evt) Read Remote (MB/evt) Net Transfer (MB/evt) CPU Cores/Evt Memory/Evt (MB)
    1       1           10.2156          77.6951             0.0129                  0.45                 0.00                  0.45        0.0683           68.27
    2       2            9.6910          73.7080             0.0136                  0.45                 0.07                  0.52        0.0682           68.24
    3       2            9.1602          69.6752             0.0144                  0.45                 0.39                  0.84        0.0682           68.25
    4       2            8.8324          67.1713             0.0149                  2.54                 2.20                  4.74        0.0682           68.24
    5       2            8.8490          67.3320             0.0149                  1.23                 0.82                  2.05        0.0682           68.16
    6       3            9.1324          69.4574             0.0144                  0.45                 0.46                  0.91        0.0683           68.26
    7       3            8.6810          66.0207             0.0151                  2.54                 2.27                  4.81        0.0683           68.26
    8       3            8.6126          65.5301             0.0153                  1.23                 0.89                  2.12        0.0681           68.14
    9       3            8.5652          65.1449             0.0154                  2.54                 2.60                  5.14        0.0682           68.24
   10       3            8.3933          63.8551             0.0157                  1.23                 1.22                  2.45        0.0682           68.17
   11       3            8.4628          64.3868             0.0155                  3.32                 3.02                  6.34        0.0681           68.14
   12       4            8.5361          64.9218             0.0154                  2.54                 2.67                  5.21        0.0683           68.25
   13       4            8.3639          63.6309             0.0157                  1.23                 1.29                  2.52        0.0682           68.18
   14       4            8.3115          63.2365             0.0158                  3.32                 3.09                  6.41        0.0682           68.17
   15       4            8.1990          62.3738             0.0160                  3.32                 3.42                  6.74        0.0682           68.17
   16       5            8.1670          62.1390             0.0161                  3.32                 3.49                  6.81        0.0682           68.15

Summary Statistics:
------------------------------------------------------------------------------------------------------------------------
            Comp     Groups  Wall Time/Evt (s)  CPU Time/Evt (s)  Throughput (evt/s)  Write Remote (MB/evt)  Read Remote (MB/evt)  Net Transfer (MB/evt)  CPU Cores/Evt  Memory/Evt (MB)
count  16.000000  16.000000          16.000000         16.000000           16.000000              16.000000             16.000000              16.000000      16.000000        16.000000
mean    8.500000   3.000000           8.760819         66.642409            0.015058               1.884766              1.744051               3.628816       0.068207        68.206900
std     4.760952   1.032796           0.557428          4.233333            0.000890               1.152134              1.231893               2.375494       0.000048         0.048336
min     1.000000   1.000000           8.166979         62.138982            0.012871               0.449219              0.000000               0.449219       0.068139        68.139200
25%     4.750000   2.000000           8.385936         63.799057            0.014738               1.035156              0.732494               1.767650       0.068166        68.166400
50%     8.500000   3.000000           8.588934         65.337506            0.015305               1.884766              1.744493               3.629259       0.068207        68.207200
75%    12.250000   4.000000           8.919861         67.863313            0.015674               2.734375              2.756414               5.490789       0.068248        68.248000
max    16.000000   5.000000          10.215614         77.695131            0.016093               3.320312              3.487543               6.807855       0.068272        68.272000
