Workflow Construction Summary Table
========================================================================================================================

 Comp  Groups Wall Time/Evt (s) CPU Time/Evt (s) Throughput (evt/s) Write Remote (MB/evt) Read Remote (MB/evt) Net Transfer (MB/evt) CPU Cores/Evt Memory/Evt (MB)
    1       1            9.6257         531.2709             0.0019                  0.45                 0.00                  0.45        0.0212           21.18
    2       2            9.6078         527.1540             0.0019                  0.45                 0.06                  0.51        0.0211           21.10
    3       2            9.5825         501.4013             0.0020                  0.45                 0.43                  0.88        0.0201           20.23
    4       2            9.5654         239.0283             0.0042                  1.23                 0.91                  2.14        0.0095            9.71
    5       2            9.6257         200.9838             0.0050                  2.54                 2.46                  5.00        0.0080            9.94
    6       3            9.5452         499.5287             0.0020                  0.45                 0.49                  0.94        0.0201           20.19
    7       3            9.5633         236.5312             0.0042                  1.23                 0.98                  2.21        0.0095            9.75
    8       3            9.6099         196.6883             0.0051                  2.54                 2.53                  5.07        0.0079            9.78
    9       3            9.5412         210.4780             0.0048                  1.22                 1.35                  2.58        0.0085            8.78
   10       3            9.6274         172.2267             0.0058                  2.54                 2.94                  5.48        0.0070            8.98
   11       3            9.6476         170.2852             0.0059                  3.32                 3.39                  6.71        0.0069            7.47
   12       4            9.5425         210.5400             0.0047                  1.22                 1.41                  2.63        0.0086            8.93
   13       4            9.6204         170.1837             0.0059                  2.54                 3.01                  5.55        0.0068            8.83
   14       4            9.6308         163.4976             0.0061                  3.32                 3.45                  6.77        0.0066            7.26
   15       4            9.6307         140.4369             0.0071                  3.32                 3.83                  7.15        0.0057            6.48
   16       5            9.6048         138.1686             0.0072                  3.27                 3.86                  7.13        0.0056            6.34

Summary Statistics:
------------------------------------------------------------------------------------------------------------------------
            Comp     Groups  Wall Time/Evt (s)  CPU Time/Evt (s)  Throughput (evt/s)  Write Remote (MB/evt)  Read Remote (MB/evt)  Net Transfer (MB/evt)  CPU Cores/Evt  Memory/Evt (MB)
count  16.000000  16.000000          16.000000         16.000000           16.000000              16.000000             16.000000              16.000000      16.000000        16.000000
mean    8.500000   3.000000           9.598174        269.275204            0.004611               1.879990              1.945013               3.825004       0.010816        11.560250
std     4.760952   1.032796           0.035957        149.417250            0.001812               1.148561              1.382963               2.522365       0.005957         5.554994
min     1.000000   1.000000           9.541246        138.168564            0.001882               0.447553              0.000000               0.449219       0.005581         6.338000
25%     4.750000   2.000000           9.564866        170.259849            0.003638               1.027708              0.807193               1.838803       0.006853         8.455000
50%     8.500000   3.000000           9.608829        205.730901            0.004863               1.884766              1.936322               3.816122       0.008252         9.348000
75%    12.250000   4.000000           9.626149        304.153448            0.005873               2.720696              3.102468               5.836843       0.012177        12.499000
max    16.000000   5.000000           9.647561        531.270942            0.007238               3.320312              3.861332               7.150417       0.021184        21.184000
