Workflow Construction Summary Table
========================================================================================================================

 Comp  Groups Wall Time/Evt (s) CPU Time/Evt (s) Throughput (evt/s) Write Remote (MB/evt) Read Remote (MB/evt) Net Transfer (MB/evt) CPU Cores/Evt Memory/Evt (MB)
    1       2           39.0458         306.8664             0.0033                  0.89                 0.54                  1.43        0.0070            7.16
    2       2           39.0458         306.8664             0.0033                  0.89                 0.54                  1.43        0.0070            6.98
    3       3           39.0586         306.9178             0.0033                  0.89                 0.68                  1.57        0.0070            7.16
    4       3           39.0586         306.9178             0.0033                  0.89                 0.68                  1.57        0.0070            6.98
    5       3           39.0071         305.2855             0.0033                  0.89                 0.68                  1.57        0.0070            7.12
    6       3           39.0071         305.2855             0.0033                  0.89                 0.68                  1.57        0.0070            6.98
    7       3           39.1167         156.8732             0.0064                  1.50                 1.15                  2.66        0.0036            7.15
    8       3           39.1167         156.8732             0.0064                  1.50                 1.15                  2.66        0.0036            6.97
    9       3           38.9938         300.9511             0.0033                  0.89                 1.07                  1.96        0.0069            6.98
   10       3           39.1345         277.5007             0.0036                  2.06                 1.71                  3.77        0.0064            7.16
   11       3           39.1345         277.5007             0.0036                  2.06                 1.71                  3.77        0.0064            6.98
   12       4           39.0200         305.3368             0.0033                  0.89                 0.83                  1.72        0.0070            7.12
   13       4           39.0200         305.3368             0.0033                  0.89                 0.83                  1.72        0.0070            6.98
   14       4           39.1295         156.9245             0.0064                  1.50                 1.30                  2.80        0.0036            7.15
   15       4           39.1295         156.9245             0.0064                  1.50                 1.30                  2.80        0.0036            6.97
   16       4           39.0066         301.0024             0.0033                  0.89                 1.22                  2.11        0.0069            6.98
   17       4           39.0066         301.0024             0.0033                  0.89                 1.22                  2.11        0.0069            6.98
   18       4           39.0787         156.7214             0.0064                  1.50                 1.30                  2.80        0.0036            7.11
   19       4           39.0787         156.7214             0.0064                  1.50                 1.30                  2.80        0.0036            6.98
   20       4           39.1473         277.5520             0.0036                  2.06                 1.86                  3.92        0.0064            7.16
   21       4           39.2159         157.2701             0.0064                  2.68                 2.32                  5.00        0.0036            7.16
   22       4           39.1473         277.5520             0.0036                  2.06                 1.86                  3.92        0.0064            6.98
   23       4           39.2159         157.2701             0.0064                  2.68                 2.32                  5.00        0.0036            6.97
   24       4           39.1386         277.5170             0.0036                  2.06                 1.86                  3.92        0.0064            7.12
   25       4           39.1386         277.5170             0.0036                  2.06                 1.86                  3.92        0.0064            6.98
   26       4           39.1697         277.6415             0.0036                  2.06                 2.25                  4.31        0.0064            6.98
   27       4           39.0667         156.6735             0.0064                  1.50                 1.69                  3.19        0.0036            6.97
   28       5           39.0195         301.0538             0.0033                  0.89                 1.37                  2.26        0.0069            6.98
   29       5           39.0916         156.7728             0.0064                  1.50                 1.45                  2.95        0.0036            7.11
   30       5           39.0916         156.7728             0.0064                  1.50                 1.45                  2.95        0.0036            6.98
   31       5           39.2287         157.3215             0.0064                  2.68                 2.47                  5.15        0.0036            7.16
   32       5           39.2287         157.3215             0.0064                  2.68                 2.47                  5.15        0.0036            6.97
   33       5           39.1514         277.5683             0.0036                  2.06                 2.00                  4.06        0.0064            7.12
   34       5           39.1514         277.5683             0.0036                  2.06                 2.00                  4.06        0.0064            6.98
   35       5           39.1826         277.6929             0.0036                  2.06                 2.39                  4.45        0.0064            6.98
   36       5           39.1826         277.6929             0.0036                  2.06                 2.39                  4.45        0.0064            6.98
   37       5           39.0796         156.7248             0.0064                  1.50                 1.84                  3.34        0.0036            6.97
   38       5           39.0796         156.7248             0.0064                  1.50                 1.84                  3.34        0.0036            6.97
   39       5           39.2200         157.2864             0.0064                  2.68                 2.47                  5.15        0.0036            7.11
   40       5           39.2200         157.2864             0.0064                  2.68                 2.47                  5.15        0.0036            6.97
   41       5           39.2511         157.4110             0.0064                  2.68                 2.86                  5.54        0.0036            6.97
   42       6           39.1954         277.7442             0.0036                  2.06                 2.54                  4.60        0.0064            6.98
   43       6           39.0924         156.7762             0.0064                  1.50                 1.98                  3.49        0.0036            6.97
   44       6           39.2328         157.3378             0.0064                  2.68                 2.62                  5.29        0.0036            7.11
   45       6           39.2328         157.3378             0.0064                  2.68                 2.62                  5.29        0.0036            6.97
   46       6           39.2640         157.4624             0.0064                  2.68                 3.01                  5.68        0.0036            6.97
   47       6           39.2640         157.4624             0.0064                  2.68                 3.01                  5.68        0.0036            6.97
   48       7           39.2768         157.5137             0.0063                  2.68                 3.15                  5.83        0.0036            6.97

Summary Statistics:
------------------------------------------------------------------------------------------------------------------------
        Comp     Groups  Wall Time/Evt (s)  CPU Time/Evt (s)  Throughput (evt/s)  Write Remote (MB/evt)  Read Remote (MB/evt)  Net Transfer (MB/evt)  CPU Cores/Evt  Memory/Evt (MB)
count  48.00  48.000000          48.000000         48.000000           48.000000              48.000000             48.000000              48.000000      48.000000        48.000000
mean   24.50   4.333333          39.128446        224.034052            0.004905               1.782451              1.756410               3.538861       0.005130         7.029967
std    14.00   1.117241           0.081962         68.355914            0.001481               0.668887              0.723768               1.366042       0.001579         0.077459
min     1.00   2.000000          38.993801        156.673481            0.003258               0.888672              0.537109               1.425781       0.003583         6.972200
25%    12.75   4.000000          39.064706        157.183730            0.003531               1.350435              1.220703               2.556826       0.003584         6.973800
50%    24.50   4.000000          39.132002        217.507181            0.004976               1.782451              1.836387               3.628379       0.004974         6.978800
75%    36.25   5.000000          39.200524        283.545945            0.006362               2.214468              2.392578               4.699932       0.006502         7.115450
max    48.00   7.000000          39.276798        306.917791            0.006383               2.676230              3.154746               5.830977       0.007042         7.163200
