Workflow Construction Summary Table
========================================================================================================================

 Comp  Groups Wall Time/Evt (s) CPU Time/Evt (s) Throughput (evt/s) Write Remote (MB/evt) Read Remote (MB/evt) Net Transfer (MB/evt) CPU Cores/Evt Memory/Evt (MB)
    1       1            7.3319         455.4221             0.0022                  0.45                 0.00                  0.45        0.0109           10.88
    2       2            7.3320         452.4228             0.0022                  0.45                 0.06                  0.51        0.0108           10.84
    3       2            7.3320         431.4237             0.0023                  0.45                 0.38                  0.83        0.0103           10.40
    4       2            7.3320         206.4983             0.0048                  1.23                 0.80                  2.03        0.0050            5.05
    5       2            7.3320         171.3471             0.0058                  2.54                 2.13                  4.67        0.0042            5.15
    6       3            7.3320         431.4237             0.0023                  0.45                 0.44                  0.89        0.0104           10.42
    7       3            7.3320         204.8588             0.0049                  1.23                 0.87                  2.10        0.0049            5.01
    8       3            7.3320         168.3470             0.0059                  2.54                 2.20                  4.74        0.0041            5.05
    9       3            7.3320         183.8588             0.0054                  1.23                 1.18                  2.41        0.0045            4.65
   10       3            7.3320         147.3471             0.0068                  2.54                 2.52                  5.06        0.0036            4.62
   11       3            7.3320         143.6888             0.0070                  3.32                 2.93                  6.25        0.0035            3.84
   12       4            7.3320         183.8588             0.0054                  1.23                 1.25                  2.48        0.0045            4.66
   13       4            7.3320         147.3471             0.0068                  2.54                 2.59                  5.12        0.0036            4.64
   14       4            7.3320         140.6887             0.0071                  3.32                 3.00                  6.32        0.0035            3.80
   15       4            7.3320         119.6888             0.0084                  3.32                 3.32                  6.64        0.0030            3.37
   16       5            7.3320         119.6888             0.0084                  3.32                 3.38                  6.70        0.0030            3.39

Summary Statistics:
------------------------------------------------------------------------------------------------------------------------
            Comp     Groups  Wall Time/Evt (s)  CPU Time/Evt (s)  Throughput (evt/s)  Write Remote (MB/evt)  Read Remote (MB/evt)  Net Transfer (MB/evt)  CPU Cores/Evt  Memory/Evt (MB)
count  16.000000  16.000000          16.000000         16.000000           16.000000              16.000000             16.000000              16.000000      16.000000        16.000000
mean    8.500000   3.000000           7.331981        231.744408            0.005361               1.884766              1.690173               3.574939       0.005602         5.985875
std     4.760952   1.032796           0.000013        128.450047            0.002116               1.152134              1.195514               2.339326       0.003040         2.831683
min     1.000000   1.000000           7.331940        119.688791            0.002196               0.449219              0.000000               0.449219       0.002987         3.372000
25%     4.750000   2.000000           7.331980        146.432559            0.004211               1.035156              0.708048               1.743205       0.003565         4.426000
50%     8.500000   3.000000           7.331986        177.602999            0.005638               1.884766              1.690343               3.575109       0.004333         4.838000
75%    12.250000   4.000000           7.331988        262.729608            0.006830               2.734375              2.672186               5.406561       0.006305         6.465000
max    16.000000   5.000000           7.331990        455.422080            0.008355               3.320312              3.382313               6.702626       0.010880        10.880000
