Workflow Construction Summary Table
========================================================================================================================

 Comp  Groups Wall Time/Evt (s) CPU Time/Evt (s) Throughput (evt/s) Write Remote (MB/evt) Read Remote (MB/evt) Net Transfer (MB/evt) CPU Cores/Evt Memory/Evt (MB)
    1       1            8.9476          68.1865             0.0147                  0.45                 0.00                  0.45        0.0340           34.00
    2       2            8.6941          66.0077             0.0151                  0.45                 0.07                  0.51        0.0339           33.88
    3       2            8.4634          62.5100             0.0160                  0.45                 0.40                  0.85        0.0330           33.02
    4       2            8.7181          56.1260             0.0178                  2.54                 2.19                  4.73        0.0290           30.92
    5       2            8.4449          49.0318             0.0204                  1.23                 0.82                  2.05        0.0263           22.27
    6       3            8.4572          61.6340             0.0162                  0.45                 0.46                  0.91        0.0326           33.03
    7       3            8.6491          55.8594             0.0179                  2.54                 2.26                  4.80        0.0290           30.79
    8       3            8.3311          48.6105             0.0206                  1.23                 0.89                  2.12        0.0263           22.13
    9       3            8.6253          55.7593             0.0179                  2.54                 2.59                  5.13        0.0290           29.93
   10       3            8.2556          48.3177             0.0207                  1.23                 1.22                  2.45        0.0263           21.26
   11       3            8.7117          50.0511             0.0200                  3.32                 3.02                  6.34        0.0263           21.59
   12       4            8.6197          54.8828             0.0182                  2.54                 2.66                  5.20        0.0286           29.95
   13       4            8.2473          47.4204             0.0211                  1.23                 1.29                  2.52        0.0259           21.27
   14       4            8.6441          49.7922             0.0201                  3.32                 3.09                  6.41        0.0263           21.49
   15       4            8.6211          49.7047             0.0201                  3.32                 3.41                  6.74        0.0263           20.61
   16       5            8.6114          48.8102             0.0205                  3.32                 3.48                  6.80        0.0259           20.61

Summary Statistics:
------------------------------------------------------------------------------------------------------------------------
            Comp     Groups  Wall Time/Evt (s)  CPU Time/Evt (s)  Throughput (evt/s)  Write Remote (MB/evt)  Read Remote (MB/evt)  Net Transfer (MB/evt)  CPU Cores/Evt  Memory/Evt (MB)
count  16.000000  16.000000          16.000000         16.000000           16.000000              16.000000             16.000000              16.000000      16.000000        16.000000
mean    8.500000   3.000000           8.565104         54.544024            0.018583               1.884656              1.740159               3.624814       0.028685        26.671813
std     4.760952   1.032796           0.186383          6.788477            0.002147               1.152143              1.228800               2.372394       0.003038         5.581432
min     1.000000   1.000000           8.247276         47.420398            0.014666               0.449219              0.000000               0.449219       0.025898        20.606000
25%     4.750000   2.000000           8.454121         48.976368            0.017419               1.034879              0.732368               1.767524       0.026327        21.439000
50%     8.500000   3.000000           8.620433         52.466951            0.019100               1.884382              1.739975               3.624556       0.027471        26.100500
75%    12.250000   4.000000           8.660308         57.503025            0.020418               2.734375              2.748176               5.482551       0.029926        31.443250
max    16.000000   5.000000           8.947611         68.186531            0.021088               3.320312              3.481522               6.801834       0.034000        34.000000
