Workflow Construction Summary Table
========================================================================================================================

 Comp  Groups Wall Time/Evt (s) CPU Time/Evt (s) Throughput (evt/s) Write Remote (MB/evt) Read Remote (MB/evt) Net Transfer (MB/evt) CPU Cores/Evt Memory/Evt (MB)
    1       1            7.3877          57.3608             0.0174                  0.45                 0.00                  0.45        0.0014            1.36
    2       2            7.3781          57.0826             0.0175                  0.45                 0.06                  0.51        0.0014            1.36
    3       2            7.3707          55.6064             0.0180                  0.45                 0.38                  0.83        0.0013            1.33
    4       2            7.4045          49.1805             0.0203                  2.54                 2.13                  4.67        0.0012            1.25
    5       2            7.3772          44.4994             0.0225                  1.23                 0.80                  2.03        0.0011            0.89
    6       3            7.3708          54.8972             0.0182                  0.45                 0.44                  0.89        0.0013            1.34
    7       3            7.4021          49.1711             0.0203                  2.54                 2.20                  4.74        0.0012            1.25
    8       3            7.3733          44.4843             0.0225                  1.23                 0.86                  2.09        0.0011            0.90
    9       3            7.4032          49.1754             0.0203                  2.54                 2.52                  5.06        0.0012            1.22
   10       3            7.3721          44.4797             0.0225                  1.23                 1.18                  2.41        0.0011            0.86
   11       3            7.4131          44.6404             0.0224                  3.32                 2.93                  6.25        0.0011            0.88
   12       4            7.4033          48.4658             0.0206                  2.54                 2.59                  5.12        0.0012            1.23
   13       4            7.3722          43.7704             0.0228                  1.23                 1.24                  2.47        0.0011            0.88
   14       4            7.4108          44.6315             0.0224                  3.32                 3.00                  6.32        0.0011            0.89
   15       4            7.4119          44.6355             0.0224                  3.32                 3.32                  6.64        0.0011            0.85
   16       5            7.4120          43.9259             0.0228                  3.32                 3.38                  6.70        0.0011            0.86

Summary Statistics:
------------------------------------------------------------------------------------------------------------------------
            Comp     Groups  Wall Time/Evt (s)  CPU Time/Evt (s)  Throughput (evt/s)  Write Remote (MB/evt)  Read Remote (MB/evt)  Net Transfer (MB/evt)  CPU Cores/Evt  Memory/Evt (MB)
count  16.000000  16.000000          16.000000         16.000000           16.000000              16.000000             16.000000              16.000000      16.000000        16.000000
mean    8.500000   3.000000           7.391443         48.500443            0.020815               1.884766              1.689046               3.573812       0.001166         1.084500
std     4.760952   1.032796           0.017461          5.042180            0.002026               1.152134              1.196102               2.339963       0.000115         0.218612
min     1.000000   1.000000           7.370672         43.770364            0.017434               0.449219              0.000000               0.449219       0.001064         0.853000
25%     4.750000   2.000000           7.373047         44.495645            0.019804               1.035156              0.708048               1.743205       0.001072         0.880000
50%     8.500000   3.000000           7.394898         46.553101            0.021517               1.884766              1.687218               3.571984       0.001124         1.059500
75%    12.250000   4.000000           7.406076         50.609710            0.022474               2.734375              2.672186               5.406561       0.001215         1.272500
max    16.000000   5.000000           7.413128         57.360822            0.022847               3.320312              3.382313               6.702626       0.001364         1.364000
