Workflow Construction Summary Table
========================================================================================================================

 Comp  Groups Wall Time/Evt (s) CPU Time/Evt (s) Throughput (evt/s) Write Remote (MB/evt) Read Remote (MB/evt) Net Transfer (MB/evt) CPU Cores/Evt Memory/Evt (MB)
    1       1            7.3319          56.9278             0.0176                  0.45                 0.00                  0.45        0.0014            1.36
    2       2            7.3320          56.7278             0.0176                  0.45                 0.06                  0.51        0.0014            1.36
    3       2            7.3320          55.3280             0.0181                  0.45                 0.38                  0.83        0.0013            1.33
    4       2            7.3320          48.7551             0.0205                  2.54                 2.13                  4.67        0.0012            1.25
    5       2            7.3320          44.2687             0.0226                  1.23                 0.80                  2.03        0.0011            0.89
    6       3            7.3320          54.6280             0.0183                  0.45                 0.44                  0.89        0.0013            1.34
    7       3            7.3320          48.7551             0.0205                  2.54                 2.20                  4.74        0.0012            1.25
    8       3            7.3320          44.1823             0.0226                  1.23                 0.87                  2.10        0.0011            0.89
    9       3            7.3320          48.7551             0.0205                  2.54                 2.52                  5.06        0.0012            1.22
   10       3            7.3320          44.1823             0.0226                  1.23                 1.18                  2.41        0.0011            0.87
   11       3            7.3320          44.2688             0.0226                  3.32                 2.93                  6.25        0.0011            0.88
   12       4            7.3320          48.0551             0.0208                  2.54                 2.59                  5.12        0.0012            1.23
   13       4            7.3320          43.4823             0.0230                  1.23                 1.25                  2.48        0.0011            0.88
   14       4            7.3320          44.2687             0.0226                  3.32                 3.00                  6.32        0.0011            0.89
   15       4            7.3320          44.2688             0.0226                  3.32                 3.32                  6.64        0.0011            0.85
   16       5            7.3320          43.5688             0.0230                  3.32                 3.38                  6.70        0.0011            0.86

Summary Statistics:
------------------------------------------------------------------------------------------------------------------------
            Comp     Groups  Wall Time/Evt (s)  CPU Time/Evt (s)  Throughput (evt/s)  Write Remote (MB/evt)  Read Remote (MB/evt)  Net Transfer (MB/evt)  CPU Cores/Evt  Memory/Evt (MB)
count  16.000000  16.000000          16.000000         16.000000           16.000000              16.000000             16.000000              16.000000      16.000000        16.000000
mean    8.500000   3.000000           7.331981         48.151430            0.020968               1.884766              1.690173               3.574939       0.001164         1.084437
std     4.760952   1.032796           0.000013          5.031495            0.002049               1.152134              1.195514               2.339326       0.000116         0.218617
min     1.000000   1.000000           7.331940         43.482340            0.017566               0.449219              0.000000               0.449219       0.001056         0.853000
25%     4.750000   2.000000           7.331980         44.247145            0.019959               1.035156              0.708048               1.743205       0.001068         0.880250
50%     8.500000   3.000000           7.331986         46.161951            0.021699               1.884766              1.690343               3.575109       0.001124         1.056000
75%    12.250000   4.000000           7.331988         50.223352            0.022600               2.734375              2.672186               5.406561       0.001215         1.272500
max    16.000000   5.000000           7.331990         56.927760            0.022998               3.320312              3.382313               6.702626       0.001364         1.364000
