Workflow Construction Summary Table
========================================================================================================================

 Comp  Groups Wall Time/Evt (s) CPU Time/Evt (s) Throughput (evt/s) Write Remote (MB/evt) Read Remote (MB/evt) Net Transfer (MB/evt) CPU Cores/Evt Memory/Evt (MB)
    1       1            7.4577          57.5772             0.0174                  0.45                 0.00                  0.45        0.0009            0.92
    2       2            7.4513          57.5279             0.0174                  0.45                 0.06                  0.51        0.0009            0.93
    3       2            7.4474          57.4987             0.0174                  0.45                 0.38                  0.83        0.0009            0.93
    4       2            7.4839          57.7804             0.0173                  2.54                 2.16                  4.70        0.0009            0.93
    5       2            7.4563          57.5667             0.0174                  1.23                 0.81                  2.04        0.0009            0.93
    6       3            7.4477          57.5009             0.0174                  0.45                 0.44                  0.89        0.0009            0.94
    7       3            7.4826          57.7698             0.0173                  2.54                 2.22                  4.76        0.0009            0.94
    8       3            7.4539          57.5485             0.0174                  1.23                 0.87                  2.10        0.0009            0.94
    9       3            7.4844          57.7836             0.0173                  2.54                 2.55                  5.09        0.0009            0.93
   10       3            7.4540          57.5495             0.0174                  1.23                 1.19                  2.42        0.0009            0.94
   11       3            7.4954          57.8708             0.0173                  3.32                 2.96                  6.28        0.0009            0.94
   12       4            7.4847          57.7858             0.0173                  2.54                 2.61                  5.15        0.0009            0.94
   13       4            7.4542          57.5517             0.0174                  1.23                 1.25                  2.48        0.0009            0.94
   14       4            7.4940          57.8602             0.0173                  3.32                 3.03                  6.35        0.0009            0.94
   15       4            7.4959          57.8744             0.0173                  3.32                 3.35                  6.68        0.0009            0.94
   16       5            7.4963          57.8771             0.0173                  3.32                 3.42                  6.74        0.0010            0.96

Summary Statistics:
------------------------------------------------------------------------------------------------------------------------
            Comp     Groups  Wall Time/Evt (s)  CPU Time/Evt (s)  Throughput (evt/s)  Write Remote (MB/evt)  Read Remote (MB/evt)  Net Transfer (MB/evt)  CPU Cores/Evt  Memory/Evt (MB)
count  16.000000  16.000000          16.000000         16.000000           16.000000              16.000000             16.000000              16.000000      16.000000        16.000000
mean    8.500000   3.000000           7.471225         57.682707            0.017336               1.884766              1.705933               3.590699       0.000936         0.936000
std     4.760952   1.032796           0.019660          0.152257            0.000046               1.152134              1.209738               2.353613       0.000010         0.009688
min     1.000000   1.000000           7.447400         57.498687            0.017278               0.449219              0.000000               0.449219       0.000920         0.920000
25%     4.750000   2.000000           7.453947         57.549271            0.017300               1.035156              0.714173               1.749329       0.000928         0.928000
50%     8.500000   3.000000           7.470139         57.673509            0.017339               1.884766              1.703191               3.587957       0.000936         0.936000
75%    12.250000   4.000000           7.487007         57.804386            0.017376               2.734375              2.700906               5.435281       0.000944         0.944000
max    16.000000   5.000000           7.496251         57.877119            0.017392               3.320312              3.418197               6.738509       0.000960         0.960000
