Workflow Construction Summary Table
========================================================================================================================

 Comp  Groups Wall Time/Evt (s) CPU Time/Evt (s) Throughput (evt/s) Write Remote (MB/evt) Read Remote (MB/evt) Net Transfer (MB/evt) CPU Cores/Evt Memory/Evt (MB)
    1       1            7.4184          57.2735             0.0175                  0.45                 0.00                  0.45        0.0009            0.92
    2       2            7.4184          57.2734             0.0175                  0.45                 0.06                  0.51        0.0009            0.93
    3       2            7.4184          57.2736             0.0175                  0.45                 0.38                  0.83        0.0009            0.93
    4       2            7.4184          57.2735             0.0175                  2.54                 2.16                  4.70        0.0009            0.93
    5       2            7.4184          57.2735             0.0175                  1.23                 0.81                  2.04        0.0009            0.93
    6       3            7.4184          57.2736             0.0175                  0.45                 0.44                  0.89        0.0009            0.94
    7       3            7.4184          57.2735             0.0175                  2.54                 2.22                  4.76        0.0009            0.94
    8       3            7.4184          57.2735             0.0175                  1.23                 0.87                  2.10        0.0009            0.94
    9       3            7.4184          57.2735             0.0175                  2.54                 2.55                  5.09        0.0009            0.93
   10       3            7.4184          57.2736             0.0175                  1.23                 1.19                  2.42        0.0009            0.94
   11       3            7.4184          57.2736             0.0175                  3.32                 2.96                  6.28        0.0009            0.94
   12       4            7.4184          57.2735             0.0175                  2.54                 2.61                  5.15        0.0009            0.94
   13       4            7.4184          57.2736             0.0175                  1.23                 1.25                  2.48        0.0009            0.94
   14       4            7.4184          57.2735             0.0175                  3.32                 3.03                  6.35        0.0009            0.94
   15       4            7.4184          57.2736             0.0175                  3.32                 3.35                  6.68        0.0009            0.94
   16       5            7.4184          57.2736             0.0175                  3.32                 3.42                  6.74        0.0010            0.96

Summary Statistics:
------------------------------------------------------------------------------------------------------------------------
            Comp     Groups  Wall Time/Evt (s)  CPU Time/Evt (s)  Throughput (evt/s)  Write Remote (MB/evt)  Read Remote (MB/evt)  Net Transfer (MB/evt)  CPU Cores/Evt  Memory/Evt (MB)
count  16.000000  16.000000          16.000000         16.000000        1.600000e+01              16.000000             16.000000              16.000000      16.000000        16.000000
mean    8.500000   3.000000           7.418384         57.273536        1.746007e-02               1.884766              1.705933               3.590699       0.000936         0.936000
std     4.760952   1.032796           0.000009          0.000034        1.039869e-08               1.152134              1.209738               2.353613       0.000010         0.009688
min     1.000000   1.000000           7.418353         57.273413        1.746007e-02               0.449219              0.000000               0.449219       0.000920         0.920000
25%     4.750000   2.000000           7.418384         57.273538        1.746007e-02               1.035156              0.714173               1.749329       0.000928         0.928000
50%     8.500000   3.000000           7.418386         57.273543        1.746007e-02               1.884766              1.703191               3.587957       0.000936         0.936000
75%    12.250000   4.000000           7.418388         57.273552        1.746007e-02               2.734375              2.700906               5.435281       0.000944         0.944000
max    16.000000   5.000000           7.418388         57.273552        1.746011e-02               3.320312              3.418197               6.738509       0.000960         0.960000
