Workflow Construction Summary Table
========================================================================================================================

 Comp  Groups Wall Time/Evt (s) CPU Time/Evt (s) Throughput (evt/s) Write Remote (MB/evt) Read Remote (MB/evt) Net Transfer (MB/evt) CPU Cores/Evt Memory/Evt (MB)
    1       1            7.3573          57.6230             0.0174                  0.45                 0.00                  0.45        0.0040            4.01
    2       2            7.3422          57.2430             0.0175                  0.45                 0.06                  0.51        0.0040            4.02
    3       2            7.3143          55.5095             0.0180                  0.45                 0.40                  0.85        0.0039            3.90
    4       2            7.3260          48.9617             0.0204                  2.54                 2.14                  4.68        0.0034            3.68
    5       2            7.3091          44.2075             0.0226                  1.23                 0.80                  2.03        0.0031            2.65
    6       3            7.3279          54.7935             0.0183                  0.45                 0.47                  0.92        0.0039            3.91
    7       3            7.3190          48.9318             0.0204                  2.54                 2.20                  4.74        0.0034            3.66
    8       3            7.2957          44.1262             0.0227                  1.23                 0.86                  2.09        0.0031            2.65
    9       3            7.3373          48.9618             0.0204                  2.54                 2.53                  5.07        0.0034            3.56
   10       3            7.3007          44.1468             0.0227                  1.23                 1.20                  2.43        0.0031            2.54
   11       3            7.3447          44.3184             0.0226                  3.32                 2.95                  6.27        0.0031            2.59
   12       4            7.3260          48.2063             0.0207                  2.54                 2.60                  5.13        0.0034            3.58
   13       4            7.2995          43.4010             0.0230                  1.23                 1.27                  2.50        0.0031            2.54
   14       4            7.3013          44.2157             0.0226                  3.32                 3.00                  6.32        0.0031            2.58
   15       4            7.3329          44.2724             0.0226                  3.32                 3.34                  6.66        0.0031            2.48
   16       5            7.3215          43.5161             0.0230                  3.32                 3.40                  6.72        0.0031            2.48

Summary Statistics:
------------------------------------------------------------------------------------------------------------------------
            Comp     Groups  Wall Time/Evt (s)  CPU Time/Evt (s)  Throughput (evt/s)  Write Remote (MB/evt)  Read Remote (MB/evt)  Net Transfer (MB/evt)  CPU Cores/Evt  Memory/Evt (MB)
count  16.000000  16.000000          16.000000         16.000000           16.000000              16.000000             16.000000              16.000000      16.000000        16.000000
mean    8.500000   3.000000           7.322202         48.277169            0.020928               1.884636              1.701329               3.585965       0.003401         3.175813
std     4.760952   1.032796           0.018071          5.224125            0.002113               1.152213              1.196120               2.339342       0.000353         0.647325
min     1.000000   1.000000           7.295721         43.400989            0.017354               0.449219              0.000000               0.449219       0.003072         2.479000
25%     4.750000   2.000000           7.307117         44.192363            0.019881               1.033600              0.719207               1.754364       0.003124         2.571000
50%     8.500000   3.000000           7.323724         46.262342            0.021654               1.884766              1.704586               3.589352       0.003270         3.106500
75%    12.250000   4.000000           7.333977         50.419687            0.022628               2.734375              2.683909               5.418284       0.003549         3.731000
max    16.000000   5.000000           7.357250         57.622970            0.023041               3.320312              3.397301               6.717613       0.004016         4.016000
