Workflow Construction Summary Table
========================================================================================================================

 Comp  Groups Wall Time/Evt (s) CPU Time/Evt (s) Throughput (evt/s) Write Remote (MB/evt) Read Remote (MB/evt) Net Transfer (MB/evt) CPU Cores/Evt Memory/Evt (MB)
    1       1            7.0454          55.8779             0.0179                  0.45                 0.00                  0.45        0.0007            0.65
    2       2            7.0405          55.6382             0.0180                  0.45                 0.06                  0.51        0.0006            0.65
    3       2            7.0354          54.1615             0.0185                  0.45                 0.38                  0.83        0.0006            0.63
    4       2            7.0327          47.6203             0.0210                  2.54                 2.13                  4.67        0.0006            0.60
    5       2            7.0327          43.1684             0.0232                  1.23                 0.79                  2.02        0.0005            0.43
    6       3            7.0351          53.4426             0.0187                  0.45                 0.45                  0.90        0.0006            0.63
    7       3            7.0312          47.6145             0.0210                  2.54                 2.19                  4.73        0.0006            0.59
    8       3            7.0304          43.1594             0.0232                  1.23                 0.86                  2.09        0.0005            0.43
    9       3            7.0301          47.6102             0.0210                  2.54                 2.51                  5.05        0.0006            0.58
   10       3            7.0283          43.1511             0.0232                  1.23                 1.18                  2.41        0.0005            0.41
   11       3            7.0294          43.1552             0.0232                  3.32                 2.91                  6.23        0.0005            0.42
   12       4            7.0298          46.8912             0.0213                  2.54                 2.57                  5.11        0.0005            0.58
   13       4            7.0280          42.4322             0.0236                  1.23                 1.24                  2.47        0.0005            0.41
   14       4            7.0279          43.1496             0.0232                  3.32                 2.98                  6.30        0.0005            0.42
   15       4            7.0269          43.1453             0.0232                  3.32                 3.30                  6.62        0.0005            0.40
   16       5            7.0266          42.4263             0.0236                  3.32                 3.36                  6.68        0.0005            0.40

Summary Statistics:
------------------------------------------------------------------------------------------------------------------------
            Comp     Groups  Wall Time/Evt (s)  CPU Time/Evt (s)  Throughput (evt/s)  Write Remote (MB/evt)  Read Remote (MB/evt)  Net Transfer (MB/evt)  CPU Cores/Evt  Memory/Evt (MB)
count  16.000000  16.000000          16.000000         16.000000           16.000000              16.000000             16.000000              16.000000      16.000000        16.000000
mean    8.500000   3.000000           7.031907         47.040237            0.021472               1.884766              1.681388               3.566153       0.000550         0.514100
std     4.760952   1.032796           0.005124          5.018931            0.002137               1.152134              1.186696               2.330402       0.000058         0.105169
min     1.000000   1.000000           7.026581         42.426338            0.017896               0.449219              0.000000               0.449219       0.000496         0.400800
25%     4.750000   2.000000           7.028259         43.150748            0.020428               1.035156              0.706286               1.741442       0.000504         0.416100
50%     8.500000   3.000000           7.030271         45.029793            0.022246               1.884766              1.682970               3.567736       0.000527         0.502300
75%    12.250000   4.000000           7.033316         49.075834            0.023175               2.734375              2.657661               5.392036       0.000574         0.604750
max    16.000000   5.000000           7.045419         55.877854            0.023570               3.320312              3.359820               6.680132       0.000651         0.651200
