Workflow Construction Summary Table
========================================================================================================================

 Comp  Groups Wall Time/Evt (s) CPU Time/Evt (s) Throughput (evt/s) Write Remote (MB/evt) Read Remote (MB/evt) Net Transfer (MB/evt) CPU Cores/Evt Memory/Evt (MB)
    1       1           10.1991          77.6280             0.0129                  0.45                 0.00                  0.45        0.0682           68.17
    2       2            9.6769          73.6503             0.0136                  0.45                 0.07                  0.51        0.0682           68.16
    3       2            9.1459          69.6157             0.0144                  0.45                 0.40                  0.85        0.0682           68.17
    4       2            8.8140          67.0831             0.0149                  2.54                 2.20                  4.74        0.0681           68.14
    5       2            8.8445          67.3080             0.0149                  1.23                 0.82                  2.06        0.0681           68.13
    6       3            9.1161          69.3902             0.0144                  0.45                 0.47                  0.92        0.0682           68.19
    7       3            8.6625          65.9309             0.0152                  2.54                 2.27                  4.81        0.0682           68.18
    8       3            8.6056          65.4931             0.0153                  1.23                 0.89                  2.12        0.0681           68.14
    9       3            8.5465          65.0533             0.0154                  2.54                 2.60                  5.14        0.0682           68.18
   10       3            8.3839          63.8072             0.0157                  1.23                 1.22                  2.45        0.0681           68.14
   11       3            8.4517          64.3223             0.0155                  3.32                 3.03                  6.35        0.0681           68.13
   12       4            8.5185          64.8347             0.0154                  2.54                 2.66                  5.20        0.0682           68.19
   13       4            8.3541          63.5807             0.0157                  1.23                 1.29                  2.52        0.0682           68.15
   14       4            8.2995          63.1683             0.0158                  3.32                 3.10                  6.42        0.0682           68.18
   15       4            8.1840          62.2915             0.0161                  3.32                 3.42                  6.74        0.0682           68.15
   16       5            8.1556          62.0717             0.0161                  3.32                 3.49                  6.81        0.0682           68.18

Summary Statistics:
------------------------------------------------------------------------------------------------------------------------
            Comp     Groups  Wall Time/Evt (s)  CPU Time/Evt (s)  Throughput (evt/s)  Write Remote (MB/evt)  Read Remote (MB/evt)  Net Transfer (MB/evt)  CPU Cores/Evt  Memory/Evt (MB)
count  16.000000  16.000000          16.000000         16.000000           16.000000              16.000000             16.000000              16.000000      16.000000        16.000000
mean    8.500000   3.000000           8.747384         66.576814            0.015073               1.884731              1.745624               3.630355       0.068160        68.160500
std     4.760952   1.032796           0.556327          4.235258            0.000892               1.152155              1.232388               2.376012       0.000021         0.020753
min     1.000000   1.000000           8.155634         62.071750            0.012882               0.449219              0.000000               0.449219       0.068128        68.128000
25%     4.750000   2.000000           8.376433         63.750607            0.014746               1.035018              0.734930               1.770086       0.068144        68.144000
50%     8.500000   3.000000           8.576016         65.273167            0.015320               1.884766              1.746258               3.630932       0.068164        68.164000
75%    12.250000   4.000000           8.912402         67.828542            0.015686               2.734375              2.755682               5.490057       0.068176        68.176000
max    16.000000   5.000000          10.199066         77.628043            0.016110               3.320312              3.491120               6.811433       0.068192        68.192000
