Workflow Construction Summary Table
========================================================================================================================

 Comp  Groups Wall Time/Evt (s) CPU Time/Evt (s) Throughput (evt/s) Write Remote (MB/evt) Read Remote (MB/evt) Net Transfer (MB/evt) CPU Cores/Evt Memory/Evt (MB)
    1       2           39.8160        2456.7899             0.0004                  0.89                 0.54                  1.43        0.1682          168.78
    2       2           39.8160        2456.7899             0.0004                  0.89                 0.54                  1.43        0.1682          168.78
    3       3           39.8106        2455.8599             0.0004                  0.89                 0.69                  1.58        0.1682          168.61
    4       3           39.8106        2455.8599             0.0004                  0.89                 0.69                  1.58        0.1682          168.61
    5       3           39.6551        2427.5525             0.0004                  0.89                 0.69                  1.58        0.1670          167.53
    6       3           39.6551        2427.5525             0.0004                  0.89                 0.69                  1.58        0.1670          167.53
    7       3           39.6589        2444.4858             0.0004                  1.50                 1.16                  2.66        0.1678          168.35
    8       3           39.6589        2444.4858             0.0004                  1.50                 1.16                  2.66        0.1678          168.35
    9       3           39.4963        2357.3819             0.0004                  0.89                 1.08                  1.97        0.1627          163.81
   10       3           39.3740         723.6965             0.0014                  2.06                 1.72                  3.78        0.0499           67.37
   11       3           39.3740         723.6965             0.0014                  2.06                 1.72                  3.78        0.0499           67.37
   12       4           39.6497        2426.6226             0.0004                  0.89                 0.83                  1.72        0.1669          167.36
   13       4           39.6497        2426.6226             0.0004                  0.89                 0.83                  1.72        0.1669          167.36
   14       4           39.6536        2443.5559             0.0004                  1.50                 1.31                  2.81        0.1678          168.18
   15       4           39.6536        2443.5559             0.0004                  1.50                 1.31                  2.81        0.1678          168.18
   16       4           39.4910        2356.4475             0.0004                  0.89                 1.23                  2.12        0.1626          163.63
   17       4           39.4910        2356.4475             0.0004                  0.89                 1.23                  2.12        0.1626          163.63
   18       4           39.4997        2415.3541             0.0004                  1.50                 1.31                  2.81        0.1666          167.11
   19       4           39.4997        2415.3541             0.0004                  1.50                 1.31                  2.81        0.1666          167.11
   20       4           39.3716         722.7724             0.0014                  2.06                 1.86                  3.92        0.0499           67.20
   21       4           39.2489         601.5732             0.0017                  2.68                 2.33                  5.01        0.0415           67.31
   22       4           39.3716         722.7724             0.0014                  2.06                 1.86                  3.92        0.0499           67.20
   23       4           39.2489         601.5732             0.0017                  2.68                 2.33                  5.01        0.0415           67.31
   24       4           39.3423         702.6799             0.0014                  2.06                 1.86                  3.92        0.0486           66.07
   25       4           39.3423         702.6799             0.0014                  2.06                 1.86                  3.92        0.0486           66.07
   26       4           39.3216         641.3810             0.0016                  2.06                 2.26                  4.32        0.0445           62.46
   27       4           39.3456        2345.4828             0.0004                  1.50                 1.70                  3.20        0.1623          163.40
   28       5           39.4856        2355.4301             0.0004                  0.89                 1.37                  2.26        0.1626          163.45
   29       5           39.4943        2414.4241             0.0004                  1.50                 1.45                  2.96        0.1665          166.94
   30       5           39.4943        2414.4241             0.0004                  1.50                 1.45                  2.96        0.1665          166.94
   31       5           39.2464         600.6491             0.0017                  2.68                 2.48                  5.16        0.0415           67.14
   32       5           39.2464         600.6491             0.0017                  2.68                 2.48                  5.16        0.0415           67.14
   33       5           39.3399         701.7558             0.0014                  2.06                 2.01                  4.07        0.0486           65.90
   34       5           39.3399         701.7558             0.0014                  2.06                 2.01                  4.07        0.0486           65.90
   35       5           39.3163         640.4512             0.0016                  2.06                 2.40                  4.46        0.0444           62.30
   36       5           39.3163         640.4512             0.0016                  2.06                 2.40                  4.46        0.0444           62.30
   37       5           39.3402        2344.4612             0.0004                  1.50                 1.85                  3.35        0.1622          163.22
   38       5           39.3402        2344.4612             0.0004                  1.50                 1.85                  3.35        0.1622          163.22
   39       5           39.2171         580.5581             0.0017                  2.68                 2.48                  5.16        0.0402           66.02
   40       5           39.2171         580.5581             0.0017                  2.68                 2.48                  5.16        0.0402           66.02
   41       5           39.1936         519.0040             0.0019                  2.68                 2.87                  5.55        0.0360           62.38
   42       6           39.3110         639.5213             0.0016                  2.06                 2.55                  4.61        0.0444           62.13
   43       6           39.3349        2343.5313             0.0004                  1.50                 1.99                  3.50        0.1622          163.05
   44       6           39.2147         579.6340             0.0017                  2.68                 2.63                  5.31        0.0401           65.85
   45       6           39.2147         579.6340             0.0017                  2.68                 2.63                  5.31        0.0401           65.85
   46       6           39.1854         518.0683             0.0019                  2.68                 3.02                  5.70        0.0360           62.21
   47       6           39.1854         518.0683             0.0019                  2.68                 3.02                  5.70        0.0360           62.21
   48       7           39.1829         517.1443             0.0019                  2.68                 3.17                  5.84        0.0359           62.05

Summary Statistics:
------------------------------------------------------------------------------------------------------------------------
        Comp     Groups  Wall Time/Evt (s)  CPU Time/Evt (s)  Throughput (evt/s)  Write Remote (MB/evt)  Read Remote (MB/evt)  Net Transfer (MB/evt)  CPU Cores/Evt  Memory/Evt (MB)
count  48.00  48.000000          48.000000         48.000000           48.000000              48.000000             48.000000              48.000000      48.000000        48.000000
mean   24.50   4.333333          39.427556       1517.367927            0.001015               1.782451              1.764554               3.547005       0.104573       115.768183
std    14.00   1.117241           0.190450        901.171997            0.000620               0.668887              0.726773               1.368946       0.061911        51.193601
min     1.00   2.000000          39.182950        517.144276            0.000407               0.888672              0.540084               1.428756       0.035916        62.048000
25%    12.75   4.000000          39.295456        630.034295            0.000414               1.350435              1.226988               2.563184       0.043655        65.987400
50%    24.50   4.000000          39.358601       1533.613898            0.000904               1.782451              1.846246               3.637198       0.106060       115.207800
75%    36.25   5.000000          39.537187       2418.171185            0.001588               2.214468              2.403357               4.711207       0.166639       167.174400
max    48.00   7.000000          39.815968       2456.789901            0.001934               2.676230              3.168666               5.844897       0.168226       168.777200
