Workflow Construction Summary Table
========================================================================================================================

 Comp  Groups Wall Time/Evt (s) CPU Time/Evt (s) Throughput (evt/s) Write Remote (MB/evt) Read Remote (MB/evt) Net Transfer (MB/evt) CPU Cores/Evt Memory/Evt (MB)
    1       1            9.3004         592.2617             0.0017                  0.45                 0.00                  0.45        0.4973          497.27
    2       2            8.8235         558.6784             0.0018                  0.45                 0.06                  0.51        0.4937          493.94
    3       2            8.0624         256.7112             0.0039                  1.23                 0.79                  2.02        0.2272          231.47
    4       2            8.3411         503.8199             0.0020                  0.45                 0.38                  0.83        0.4702          472.94
    5       2            8.0368         199.0678             0.0050                  2.54                 2.10                  4.64        0.1878          232.00
    6       3            8.3141         503.7254             0.0020                  0.45                 0.44                  0.89        0.4703          472.85
    7       3            7.8463         239.7379             0.0042                  1.23                 0.85                  2.08        0.2237          228.17
    8       3            7.7051         167.8934             0.0060                  3.32                 2.89                  6.21        0.1578          171.98
    9       3            7.8991         187.0834             0.0053                  2.54                 2.16                  4.70        0.1846          229.03
   10       3            7.7947         156.2994             0.0064                  2.54                 2.48                  5.02        0.1610          207.88
   11       3            7.6444         202.7604             0.0049                  1.23                 1.16                  2.39        0.2002          207.20
   12       4            7.7676         156.1905             0.0064                  2.54                 2.54                  5.08        0.1610          207.75
   13       4            7.6176         202.6534             0.0049                  1.23                 1.23                  2.46        0.2002          207.09
   14       4            7.5680         155.9232             0.0064                  3.32                 2.95                  6.27        0.1547          169.04
   15       4            7.4634         125.1432             0.0080                  3.32                 3.26                  6.58        0.1310          147.88
   16       5            7.4363         125.0357             0.0080                  3.32                 3.33                  6.65        0.1310          147.77

Summary Statistics:
------------------------------------------------------------------------------------------------------------------------
            Comp     Groups  Wall Time/Evt (s)  CPU Time/Evt (s)  Throughput (evt/s)  Write Remote (MB/evt)  Read Remote (MB/evt)  Net Transfer (MB/evt)  CPU Cores/Evt  Memory/Evt (MB)
count  16.000000  16.000000          16.000000         16.000000           16.000000              16.000000             16.000000              16.000000      16.000000        16.000000
mean    8.500000   3.000000           7.976295        270.811547            0.004807               1.884766              1.663583               3.548349       0.253239       270.265775
std     4.760952   1.032796           0.507437        165.297739            0.002092               1.152134              1.174811               2.318618       0.139865       130.582293
min     1.000000   1.000000           7.436291        125.035658            0.001688               0.449219              0.000000               0.449219       0.131019       147.765600
25%     4.750000   2.000000           7.637718        156.272150            0.003418               1.035156              0.699228               1.734384       0.160208       198.316100
50%     8.500000   3.000000           7.820514        200.860594            0.004979               1.884766              1.663541               3.548306       0.194033       218.024000
75%    12.250000   4.000000           8.125332        318.464774            0.006399               2.734375              2.627888               5.362263       0.287954       292.212200
max    16.000000   5.000000           9.300413        592.261699            0.007998               3.320312              3.327326               6.647638       0.497267       497.267200
