Workflow Construction Summary Table
========================================================================================================================

 Comp  Groups Wall Time/Evt (s) CPU Time/Evt (s) Throughput (evt/s) Write Remote (MB/evt) Read Remote (MB/evt) Net Transfer (MB/evt) CPU Cores/Evt Memory/Evt (MB)
    1       1            7.3830          57.3241             0.0174                  0.45                 0.00                  0.45        0.0014            1.36
    2       2            7.3728          57.2446             0.0175                  0.45                 0.06                  0.51        0.0014            1.38
    3       2            7.3623          57.1629             0.0175                  0.45                 0.38                  0.83        0.0014            1.37
    4       2            7.3561          57.1156             0.0175                  2.54                 2.13                  4.67        0.0014            1.38
    5       2            7.3561          57.1166             0.0175                  1.23                 0.80                  2.03        0.0014            1.37
    6       3            7.3618          57.1591             0.0175                  0.45                 0.44                  0.89        0.0014            1.38
    7       3            7.3531          57.0916             0.0175                  2.54                 2.20                  4.74        0.0014            1.38
    8       3            7.3516          57.0813             0.0175                  1.23                 0.86                  2.09        0.0014            1.39
    9       3            7.3509          57.0746             0.0175                  2.54                 2.52                  5.06        0.0014            1.38
   10       3            7.3473          57.0472             0.0175                  1.23                 1.18                  2.41        0.0014            1.38
   11       3            7.3490          57.0607             0.0175                  3.32                 2.93                  6.25        0.0014            1.38
   12       4            7.3503          57.0704             0.0175                  2.54                 2.59                  5.12        0.0014            1.40
   13       4            7.3468          57.0435             0.0175                  1.23                 1.24                  2.47        0.0014            1.41
   14       4            7.3461          57.0377             0.0175                  3.32                 3.00                  6.32        0.0014            1.40
   15       4            7.3438          57.0202             0.0175                  3.32                 3.32                  6.64        0.0014            1.40
   16       5            7.3433          57.0159             0.0175                  3.32                 3.38                  6.70        0.0014            1.42

Summary Statistics:
------------------------------------------------------------------------------------------------------------------------
            Comp     Groups  Wall Time/Evt (s)  CPU Time/Evt (s)  Throughput (evt/s)  Write Remote (MB/evt)  Read Remote (MB/evt)  Net Transfer (MB/evt)  CPU Cores/Evt  Memory/Evt (MB)
count  16.000000  16.000000          16.000000         16.000000           16.000000              16.000000             16.000000              16.000000      16.000000         16.00000
mean    8.500000   3.000000           7.354643         57.104123            0.017512               1.884766              1.689046               3.573812       0.001386          1.38650
std     4.760952   1.032796           0.010816          0.083909            0.000026               1.152134              1.196102               2.339963       0.000015          0.01538
min     1.000000   1.000000           7.343302         57.015940            0.017445               0.449219              0.000000               0.449219       0.001360          1.36000
25%     4.750000   2.000000           7.347173         57.046293            0.017505               1.035156              0.708048               1.743205       0.001376          1.37600
50%     8.500000   3.000000           7.351257         57.077966            0.017520               1.884766              1.687218               3.571984       0.001384          1.38400
75%    12.250000   4.000000           7.357548         57.127184            0.017530               2.734375              2.672186               5.406561       0.001400          1.40000
max    16.000000   5.000000           7.382988         57.324131            0.017539               3.320312              3.382313               6.702626       0.001416          1.41600
