Workflow Construction Summary Table
========================================================================================================================

 Comp  Groups Wall Time/Evt (s) CPU Time/Evt (s) Throughput (evt/s) Write Remote (MB/evt) Read Remote (MB/evt) Net Transfer (MB/evt) CPU Cores/Evt Memory/Evt (MB)
    1       1            9.3106         592.7356             0.0017                  0.45                 0.00                  0.45        0.4976          497.60
    2       2            8.8339         559.1075             0.0018                  0.45                 0.06                  0.51        0.4940          494.22
    3       2            8.3543         504.1910             0.0020                  0.45                 0.38                  0.83        0.4705          473.19
    4       2            8.0874         257.5438             0.0039                  1.23                 0.79                  2.02        0.2273          231.61
    5       2            8.0874         200.8300             0.0050                  2.54                 2.10                  4.64        0.1878          232.03
    6       3            8.3279         504.0863             0.0020                  0.45                 0.44                  0.89        0.4705          473.09
    7       3            7.8718         240.5277             0.0042                  1.23                 0.85                  2.08        0.2237          228.24
    8       3            7.9506         188.8640             0.0053                  2.54                 2.16                  4.70        0.1847          229.17
    9       3            7.6731         203.4897             0.0049                  1.23                 1.16                  2.39        0.2002          207.20
   10       3            7.8494         157.9917             0.0063                  2.54                 2.48                  5.02        0.1610          207.89
   11       3            7.7715         169.7238             0.0059                  3.32                 2.89                  6.21        0.1578          171.98
   12       4            7.6467         203.3850             0.0049                  1.23                 1.23                  2.46        0.2002          207.11
   13       4            7.8229         157.8573             0.0063                  2.54                 2.54                  5.08        0.1609          207.73
   14       4            7.6346         157.7266             0.0063                  3.32                 2.95                  6.27        0.1546          169.05
   15       4            7.5334         126.9146             0.0079                  3.32                 3.26                  6.58        0.1310          147.89
   16       5            7.5070         126.7803             0.0079                  3.32                 3.33                  6.65        0.1309          147.73

Summary Statistics:
------------------------------------------------------------------------------------------------------------------------
            Comp     Groups  Wall Time/Evt (s)  CPU Time/Evt (s)  Throughput (evt/s)  Write Remote (MB/evt)  Read Remote (MB/evt)  Net Transfer (MB/evt)  CPU Cores/Evt  Memory/Evt (MB)
count  16.000000  16.000000          16.000000         16.000000           16.000000              16.000000             16.000000              16.000000      16.000000        16.000000
mean    8.500000   3.000000           8.016394        271.984681            0.004766               1.884766              1.663519               3.548285       0.253301       270.358500
std     4.760952   1.032796           0.490462        164.790872            0.002056               1.152134              1.174335               2.318133       0.139994       130.698526
min     1.000000   1.000000           7.506956        126.780331            0.001687               0.449219              0.000000               0.449219       0.130941       147.728000
25%     4.750000   2.000000           7.666470        157.958118            0.003408               1.035156              0.699521               1.734678       0.160130       198.324000
50%     8.500000   3.000000           7.860566        202.107473            0.004948               1.884766              1.663591               3.548356       0.194014       218.066000
75%    12.250000   4.000000           8.147569        319.179417            0.006331               2.734375              2.627103               5.361478       0.288114       292.297500
max    16.000000   5.000000           9.310594        592.735560            0.007888               3.320312              3.326817               6.647129       0.497600       497.600000
