Workflow Construction Summary Table
========================================================================================================================

 Comp  Groups Wall Time/Evt (s) CPU Time/Evt (s) Throughput (evt/s) Write Remote (MB/evt) Read Remote (MB/evt) Net Transfer (MB/evt) CPU Cores/Evt Memory/Evt (MB)
    1       1            7.3390         459.3861             0.0022                  0.45                 0.00                  0.45        0.0161           16.05
    2       2            7.3300         455.3842             0.0022                  0.45                 0.06                  0.51        0.0159           15.95
    3       2            7.4626         216.7343             0.0046                  1.23                 0.80                  2.03        0.0074            7.50
    4       2            7.3484         432.1836             0.0023                  0.45                 0.39                  0.84        0.0152           15.24
    5       2            7.7327         190.7880             0.0052                  2.54                 2.15                  4.68        0.0061            7.54
    6       3            7.3502         432.1981             0.0023                  0.45                 0.45                  0.90        0.0152           15.24
    7       3            7.4620         213.2610             0.0047                  1.23                 0.86                  2.09        0.0073            7.41
    8       3            7.8870         164.1073             0.0061                  3.32                 2.94                  6.26        0.0052            5.61
    9       3            7.7327         187.4077             0.0053                  2.54                 2.21                  4.75        0.0060            7.44
   10       3            7.7665         165.2648             0.0061                  2.54                 2.53                  5.07        0.0052            6.75
   11       3            7.4881         190.7725             0.0052                  1.23                 1.19                  2.42        0.0065            6.71
   12       4            7.7722         165.2874             0.0061                  2.54                 2.60                  5.14        0.0052            6.75
   13       4            7.4939         190.7951             0.0052                  1.23                 1.25                  2.48        0.0065            6.71
   14       4            7.8842         160.6346             0.0062                  3.32                 3.00                  6.32        0.0050            5.51
   15       4            7.9184         138.3103             0.0072                  3.32                 3.32                  6.64        0.0043            4.81
   16       5            7.9250         138.3500             0.0072                  3.32                 3.39                  6.71        0.0043            4.82

Summary Statistics:
------------------------------------------------------------------------------------------------------------------------
            Comp     Groups  Wall Time/Evt (s)  CPU Time/Evt (s)  Throughput (evt/s)  Write Remote (MB/evt)  Read Remote (MB/evt)  Net Transfer (MB/evt)  CPU Cores/Evt  Memory/Evt (MB)
count  16.000000  16.000000          16.000000         16.000000           16.000000              16.000000             16.000000              16.000000      16.000000        16.000000
mean    8.500000   3.000000           7.618296        243.804057            0.004890               1.884766              1.696304               3.581069       0.008202         8.752700
std     4.760952   1.032796           0.228890        122.025038            0.001741               1.152134              1.196964               2.340606       0.004491         4.192657
min     1.000000   1.000000           7.329965        138.310266            0.002177               0.449219              0.000000               0.449219       0.004256         4.805600
25%     4.750000   2.000000           7.434058        164.975442            0.004039               1.035156              0.712788               1.747944       0.005221         6.435000
50%     8.500000   3.000000           7.613257        190.780249            0.005242               1.884766              1.697771               3.582537       0.006300         7.080200
75%    12.250000   4.000000           7.800228        270.596646            0.006062               2.734375              2.682556               5.416931       0.009306         9.462300
max    16.000000   5.000000           7.925031        459.386128            0.007230               3.320312              3.388187               6.708500       0.016051        16.051200
