Workflow Construction Summary Table
========================================================================================================================

 Comp  Groups Wall Time/Evt (s) CPU Time/Evt (s) Throughput (evt/s) Write Remote (MB/evt) Read Remote (MB/evt) Net Transfer (MB/evt) CPU Cores/Evt Memory/Evt (MB)
    1       1            7.6919         467.8526             0.0021                  0.45                 0.00                  0.45        0.0057            5.68
    2       2            7.6872         464.5172             0.0022                  0.45                 0.06                  0.51        0.0056            5.65
    3       2            7.6853         441.5658             0.0023                  0.45                 0.40                  0.85        0.0054            5.41
    4       2            7.6949         212.7033             0.0047                  1.23                 0.82                  2.05        0.0026            2.62
    5       2            7.7234         176.8016             0.0057                  2.54                 2.17                  4.71        0.0021            2.65
    6       3            7.6836         441.5632             0.0023                  0.45                 0.47                  0.92        0.0054            5.41
    7       3            7.6932         210.0961             0.0048                  1.23                 0.88                  2.11        0.0025            2.60
    8       3            7.7111         173.3337             0.0058                  2.54                 2.23                  4.77        0.0021            2.60
    9       3            7.6945         187.3382             0.0053                  1.23                 1.22                  2.45        0.0023            2.36
   10       3            7.7094         150.9361             0.0066                  2.54                 2.56                  5.10        0.0018            2.35
   11       3            7.7371         148.5928             0.0067                  3.32                 3.00                  6.32        0.0018            1.95
   12       4            7.6949         187.3397             0.0053                  1.23                 1.28                  2.51        0.0023            2.36
   13       4            7.7205         150.9590             0.0066                  2.54                 2.63                  5.17        0.0018            2.36
   14       4            7.7213         144.4114             0.0069                  3.32                 3.06                  6.38        0.0017            1.89
   15       4            7.7382         123.2850             0.0081                  3.32                 3.39                  6.71        0.0015            1.66
   16       5            7.7386         123.2865             0.0081                  3.32                 3.46                  6.78        0.0015            1.66

Summary Statistics:
------------------------------------------------------------------------------------------------------------------------
            Comp     Groups  Wall Time/Evt (s)  CPU Time/Evt (s)  Throughput (evt/s)  Write Remote (MB/evt)  Read Remote (MB/evt)  Net Transfer (MB/evt)  CPU Cores/Evt  Memory/Evt (MB)
count  16.000000  16.000000          16.000000         16.000000           16.000000              16.000000             16.000000              16.000000      16.000000        16.000000
mean    8.500000   3.000000           7.707819        237.786384            0.005219               1.884766              1.727315               3.612080       0.002877         3.076025
std     4.760952   1.032796           0.019704        131.586374            0.002053               1.152134              1.217817               2.361198       0.001611         1.503066
min     1.000000   1.000000           7.683639        123.284966            0.002137               0.449219              0.000000               0.449219       0.001466         1.663200
25%     4.750000   2.000000           7.692894        150.350275            0.004092               1.035156              0.728622               1.763778       0.001803         2.251500
50%     8.500000   3.000000           7.702164        182.069864            0.005497               1.884766              1.727321               3.612087       0.002205         2.481600
75%    12.250000   4.000000           7.721814        269.918287            0.006651               2.734375              2.724094               5.458469       0.003272         3.336400
max    16.000000   5.000000           7.738606        467.852623            0.008111               3.320312              3.460341               6.780653       0.005683         5.683200
