Workflow Construction Summary Table
========================================================================================================================

 Comp  Groups Wall Time/Evt (s) CPU Time/Evt (s) Throughput (evt/s) Write Remote (MB/evt) Read Remote (MB/evt) Net Transfer (MB/evt) CPU Cores/Evt Memory/Evt (MB)
    1       2           41.4390        2508.0658             0.0004                  0.89                 0.55                  1.43        0.1745          175.11
    2       2           41.4390        2508.0658             0.0004                  0.89                 0.55                  1.43        0.1745          175.11
    3       3           41.4484        2507.1237             0.0004                  0.89                 0.69                  1.58        0.1745          174.93
    4       3           41.4484        2507.1237             0.0004                  0.89                 0.69                  1.58        0.1745          174.93
    5       3           41.2929        2478.0048             0.0004                  0.89                 0.70                  1.59        0.1732          173.80
    6       3           41.2929        2478.0048             0.0004                  0.89                 0.70                  1.59        0.1732          173.80
    7       3           41.4403        2500.6543             0.0004                  1.50                 1.18                  2.68        0.1742          174.76
    8       3           41.4403        2500.6543             0.0004                  1.50                 1.18                  2.68        0.1742          174.76
    9       3           41.1945        2405.8423             0.0004                  0.89                 1.10                  1.99        0.1688          169.96
   10       3           41.2660         751.3467             0.0013                  2.06                 1.75                  3.81        0.0519           69.98
   11       3           41.2660         751.3467             0.0013                  2.06                 1.75                  3.81        0.0519           69.98
   12       4           41.3032        2477.0577             0.0004                  0.89                 0.85                  1.74        0.1731          173.62
   13       4           41.3032        2477.0577             0.0004                  0.89                 0.85                  1.74        0.1731          173.62
   14       4           41.4442        2499.4319             0.0004                  1.50                 1.33                  2.83        0.1741          174.54
   15       4           41.4442        2499.4319             0.0004                  1.50                 1.33                  2.83        0.1741          174.54
   16       4           41.1763        2404.8402             0.0004                  0.89                 1.25                  2.14        0.1687          169.76
   17       4           41.1763        2404.8402             0.0004                  0.89                 1.25                  2.14        0.1687          169.76
   18       4           41.2845        2470.9579             0.0004                  1.50                 1.33                  2.83        0.1729          173.50
   19       4           41.2845        2470.9579             0.0004                  1.50                 1.33                  2.83        0.1729          173.50
   20       4           41.2756         750.4853             0.0013                  2.06                 1.90                  3.96        0.0518           69.81
   21       4           41.2521         627.3908             0.0016                  2.68                 2.38                  5.05        0.0432           69.93
   22       4           41.2756         750.4853             0.0013                  2.06                 1.90                  3.96        0.0518           69.81
   23       4           41.2521         627.3908             0.0016                  2.68                 2.38                  5.05        0.0432           69.93
   24       4           41.2261         729.5851             0.0014                  2.06                 1.90                  3.96        0.0505           68.59
   25       4           41.2261         729.5851             0.0014                  2.06                 1.90                  3.96        0.0505           68.59
   26       4           41.2537         665.6914             0.0015                  2.06                 2.30                  4.36        0.0461           64.80
   27       4           41.1632        2398.0538             0.0004                  1.50                 1.73                  3.24        0.1684          169.51
   28       5           41.2080        2403.8499             0.0004                  0.89                 1.40                  2.29        0.1687          169.58
   29       5           41.2931        2469.8340             0.0004                  1.50                 1.48                  2.98        0.1728          173.31
   30       5           41.2931        2469.8340             0.0004                  1.50                 1.48                  2.98        0.1728          173.31
   31       5           41.2549         626.4296             0.0016                  2.68                 2.53                  5.20        0.0431           69.75
   32       5           41.2549         626.4296             0.0016                  2.68                 2.53                  5.20        0.0431           69.75
   33       5           41.2308         728.6464             0.0014                  2.06                 2.04                  4.10        0.0504           68.43
   34       5           41.2308         728.6464             0.0014                  2.06                 2.04                  4.10        0.0504           68.43
   35       5           41.2357         664.6005             0.0015                  2.06                 2.44                  4.50        0.0461           64.59
   36       5           41.2357         664.6005             0.0015                  2.06                 2.44                  4.50        0.0461           64.59
   37       5           41.1467        2396.9722             0.0004                  1.50                 1.88                  3.38        0.1683          169.31
   38       5           41.1467        2396.9722             0.0004                  1.50                 1.88                  3.38        0.1683          169.31
   39       5           41.2103         605.2085             0.0017                  2.68                 2.53                  5.20        0.0417           68.50
   40       5           41.2103         605.2085             0.0017                  2.68                 2.53                  5.20        0.0417           68.50
   41       5           41.2481         541.6128             0.0018                  2.68                 2.93                  5.61        0.0374           64.72
   42       6           41.2697         663.7174             0.0015                  2.06                 2.60                  4.66        0.0460           64.44
   43       6           41.1823        2396.4365             0.0004                  1.50                 2.03                  3.54        0.1683          169.20
   44       6           41.2198         604.2665             0.0017                  2.68                 2.67                  5.35        0.0417           68.33
   45       6           41.2198         604.2665             0.0017                  2.68                 2.67                  5.35        0.0417           68.33
   46       6           41.2363         540.5481             0.0018                  2.68                 3.08                  5.75        0.0373           64.53
   47       6           41.2363         540.5481             0.0018                  2.68                 3.08                  5.75        0.0373           64.53
   48       7           41.2665         539.5933             0.0019                  2.68                 3.23                  5.91        0.0372           64.36

Summary Statistics:
------------------------------------------------------------------------------------------------------------------------
        Comp     Groups  Wall Time/Evt (s)  CPU Time/Evt (s)  Throughput (evt/s)  Write Remote (MB/evt)  Read Remote (MB/evt)  Net Transfer (MB/evt)  CPU Cores/Evt  Memory/Evt (MB)
count  48.00  48.000000          48.000000         48.000000           48.000000              48.000000             48.000000              48.000000      48.000000        48.000000
mean   24.50   4.333333          41.273712       1556.202029            0.000979               1.782451              1.795892               3.578343       0.108526       120.139442
std    14.00   1.117241           0.085781        914.920514            0.000592               0.668887              0.740897               1.382775       0.064232        53.110714
min     1.00   2.000000          41.146735        539.593292            0.000399               0.888672              0.546033               1.434705       0.037244        64.357800
25%    12.75   4.000000          41.224547        654.635748            0.000404               1.350435              1.246339               2.585771       0.045291        68.482750
50%    24.50   4.000000          41.254253       1573.891561            0.000874               1.782451              1.877551               3.673772       0.110092       119.588500
75%    36.25   5.000000          41.292918       2472.482835            0.001528               2.214468              2.443348               4.759058       0.172983       173.532850
max    48.00   7.000000          41.448433       2508.065787            0.001853               2.676230              3.231327               5.907558       0.174545       175.107600
