Workflow Construction Summary Table
========================================================================================================================

 Comp  Groups Wall Time/Evt (s) CPU Time/Evt (s) Throughput (evt/s) Write Remote (MB/evt) Read Remote (MB/evt) Net Transfer (MB/evt) CPU Cores/Evt Memory/Evt (MB)
    1       1            9.2528         592.1806             0.0017                  0.45                 0.00                  0.45        0.4924          492.35
    2       2            8.7868         558.7135             0.0018                  0.45                 0.06                  0.51        0.4888          489.02
    3       2            8.3404         503.8850             0.0020                  0.45                 0.38                  0.83        0.4656          468.26
    4       2            8.1832         263.3840             0.0038                  1.23                 0.78                  2.01        0.2250          229.21
    5       2            8.4188         215.9772             0.0046                  2.54                 2.09                  4.63        0.1860          229.71
    6       3            8.3200         503.8036             0.0020                  0.45                 0.44                  0.89        0.4656          468.15
    7       3            7.9754         246.4404             0.0041                  1.23                 0.84                  2.08        0.2214          225.88
    8       3            8.2888         204.0141             0.0049                  2.54                 2.15                  4.69        0.1828          226.77
    9       3            7.8069         209.4027             0.0048                  1.23                 1.16                  2.39        0.1983          205.18
   10       3            8.2165         173.1280             0.0058                  2.54                 2.47                  5.00        0.1594          205.81
   11       3            8.2469         185.6753             0.0054                  3.32                 2.87                  6.19        0.1563          170.32
   12       4            7.7866         209.3213             0.0048                  1.23                 1.22                  2.45        0.1983          205.07
   13       4            8.1961         173.0466             0.0058                  2.54                 2.53                  5.07        0.1594          205.70
   14       4            8.1169         173.7122             0.0058                  3.32                 2.93                  6.25        0.1531          167.37
   15       4            8.0446         142.8261             0.0070                  3.32                 3.25                  6.57        0.1297          146.41
   16       5            8.0242         142.7446             0.0070                  3.32                 3.31                  6.63        0.1297          146.30

Summary Statistics:
------------------------------------------------------------------------------------------------------------------------
            Comp     Groups  Wall Time/Evt (s)  CPU Time/Evt (s)  Throughput (evt/s)  Write Remote (MB/evt)  Read Remote (MB/evt)  Net Transfer (MB/evt)  CPU Cores/Evt  Memory/Evt (MB)
count  16.000000  16.000000          16.000000         16.000000           16.000000              16.000000             16.000000              16.000000      16.000000        16.000000
mean    8.500000   3.000000           8.250315        281.140946            0.004443               1.884766              1.655273               3.540039       0.250737       267.595000
std     4.760952   1.032796           0.359883        158.596937            0.001771               1.152134              1.168838               2.312666       0.138473       129.281591
min     1.000000   1.000000           7.786577        142.744648            0.001689               0.449219              0.000000               0.449219       0.129722       146.302000
25%     4.750000   2.000000           8.039510        173.566121            0.003344               1.035156              0.695801               1.730957       0.158639       196.381500
50%     8.500000   3.000000           8.206312        209.361958            0.004776               1.884766              1.655273               3.540039       0.192133       215.847000
75%    12.250000   4.000000           8.325115        323.488926            0.005762               2.734375              2.614746               5.349121       0.285127       289.320500
max    16.000000   5.000000           9.252822        592.180600            0.007006               3.320312              3.310547               6.630859       0.492352       492.352000
