Workflow Construction Summary Table
========================================================================================================================

 Comp  Groups Wall Time/Evt (s) CPU Time/Evt (s) Throughput (evt/s) Write Remote (MB/evt) Read Remote (MB/evt) Net Transfer (MB/evt) CPU Cores/Evt Memory/Evt (MB)
    1       2           39.5622         309.4382             0.0032                  0.89                 0.54                  1.43        0.0107           10.85
    2       2           39.5622         309.4382             0.0032                  0.89                 0.54                  1.43        0.0107           10.57
    3       3           39.5741         309.4861             0.0032                  0.89                 0.69                  1.57        0.0107           10.85
    4       3           39.5741         309.4861             0.0032                  0.89                 0.69                  1.57        0.0107           10.57
    5       3           39.4963         307.6421             0.0033                  0.89                 0.68                  1.57        0.0106           10.79
    6       3           39.4963         307.6421             0.0033                  0.89                 0.68                  1.57        0.0106           10.58
    7       3           39.6070         158.0650             0.0063                  1.50                 1.16                  2.66        0.0054           10.84
    8       3           39.6070         158.0650             0.0063                  1.50                 1.16                  2.66        0.0054           10.56
    9       3           39.4564         303.0650             0.0033                  0.89                 1.08                  1.97        0.0105           10.57
   10       3           39.5784         279.2884             0.0036                  2.06                 1.72                  3.78        0.0096           10.85
   11       3           39.5784         279.2884             0.0036                  2.06                 1.72                  3.78        0.0096           10.57
   12       4           39.5082         307.6898             0.0033                  0.89                 0.83                  1.72        0.0106           10.79
   13       4           39.5082         307.6898             0.0033                  0.89                 0.83                  1.72        0.0106           10.58
   14       4           39.6190         158.1128             0.0063                  1.50                 1.30                  2.81        0.0054           10.84
   15       4           39.6190         158.1128             0.0063                  1.50                 1.30                  2.81        0.0054           10.56
   16       4           39.4684         303.1129             0.0033                  0.89                 1.22                  2.11        0.0105           10.57
   17       4           39.4684         303.1129             0.0033                  0.89                 1.22                  2.11        0.0105           10.57
   18       4           39.5419         157.8062             0.0063                  1.50                 1.30                  2.81        0.0054           10.78
   19       4           39.5419         157.8062             0.0063                  1.50                 1.30                  2.81        0.0054           10.57
   20       4           39.5905         279.3364             0.0036                  2.06                 1.86                  3.92        0.0096           10.85
   21       4           39.6391         158.1924             0.0063                  2.68                 2.34                  5.01        0.0054           10.84
   22       4           39.5905         279.3364             0.0036                  2.06                 1.86                  3.92        0.0096           10.58
   23       4           39.6391         158.1924             0.0063                  2.68                 2.34                  5.01        0.0054           10.56
   24       4           39.5772         279.2837             0.0036                  2.06                 1.86                  3.92        0.0096           10.79
   25       4           39.5772         279.2837             0.0036                  2.06                 1.86                  3.92        0.0096           10.58
   26       4           39.6047         279.3930             0.0036                  2.06                 2.26                  4.32        0.0096           10.58
   27       4           39.5043         157.6559             0.0063                  1.50                 1.70                  3.20        0.0054           10.56
   28       5           39.4805         303.1608             0.0033                  0.89                 1.37                  2.26        0.0105           10.57
   29       5           39.5538         157.8539             0.0063                  1.50                 1.45                  2.95        0.0054           10.78
   30       5           39.5538         157.8539             0.0063                  1.50                 1.45                  2.95        0.0054           10.57
   31       5           39.6512         158.2404             0.0063                  2.68                 2.48                  5.16        0.0054           10.84
   32       5           39.6512         158.2404             0.0063                  2.68                 2.48                  5.16        0.0054           10.56
   33       5           39.5893         279.3317             0.0036                  2.06                 2.01                  4.07        0.0096           10.79
   34       5           39.5893         279.3317             0.0036                  2.06                 2.01                  4.07        0.0096           10.58
   35       5           39.6168         279.4410             0.0036                  2.06                 2.40                  4.46        0.0096           10.58
   36       5           39.6168         279.4410             0.0036                  2.06                 2.40                  4.46        0.0096           10.58
   37       5           39.5162         157.7038             0.0063                  1.50                 1.84                  3.35        0.0054           10.56
   38       5           39.5162         157.7038             0.0063                  1.50                 1.84                  3.35        0.0054           10.56
   39       5           39.6378         158.1875             0.0063                  2.68                 2.48                  5.16        0.0054           10.77
   40       5           39.6378         158.1875             0.0063                  2.68                 2.48                  5.16        0.0054           10.56
   41       5           39.6654         158.2969             0.0063                  2.68                 2.87                  5.55        0.0054           10.56
   42       6           39.6288         279.4890             0.0036                  2.06                 2.55                  4.61        0.0096           10.58
   43       6           39.5283         157.7517             0.0063                  1.50                 1.99                  3.49        0.0054           10.56
   44       6           39.6499         158.2355             0.0063                  2.68                 2.63                  5.31        0.0054           10.78
   45       6           39.6499         158.2355             0.0063                  2.68                 2.63                  5.31        0.0054           10.56
   46       6           39.6774         158.3450             0.0063                  2.68                 3.02                  5.70        0.0054           10.57
   47       6           39.6774         158.3450             0.0063                  2.68                 3.02                  5.70        0.0054           10.57
   48       7           39.6895         158.3929             0.0063                  2.68                 3.17                  5.85        0.0054           10.57

Summary Statistics:
------------------------------------------------------------------------------------------------------------------------
        Comp     Groups  Wall Time/Evt (s)  CPU Time/Evt (s)  Throughput (evt/s)  Write Remote (MB/evt)  Read Remote (MB/evt)  Net Transfer (MB/evt)  CPU Cores/Evt  Memory/Evt (MB)
count  48.00  48.000000          48.000000         48.000000           48.000000              48.000000             48.000000              48.000000      48.000000        48.000000
mean   24.50   4.333333          39.580572        225.558141            0.004873               1.782451              1.763476               3.545927       0.007773        10.650817
std    14.00   1.117241           0.061606         68.918531            0.001473               0.668887              0.727646               1.369896       0.002394         0.117011
min     1.00   2.000000          39.456410        157.655938            0.003231               0.888672              0.538299               1.426971       0.005427        10.561400
25%    12.75   4.000000          39.538483        158.168838            0.003508               1.350435              1.224630               2.561196       0.005429        10.566900
50%    24.50   4.000000          39.583847        218.838303            0.004947               1.782451              1.843416               3.635983       0.007538        10.576400
75%    36.25   5.000000          39.631058        285.383004            0.006322               2.214468              2.403114               4.710913       0.009856        10.779650
max    48.00   7.000000          39.689468        309.486063            0.006343               2.676230              3.168988               5.845219       0.010664        10.851200
