Workflow Construction Summary Table
========================================================================================================================

 Comp  Groups Wall Time/Evt (s) CPU Time/Evt (s) Throughput (evt/s) Write Remote (MB/evt) Read Remote (MB/evt) Net Transfer (MB/evt) CPU Cores/Evt Memory/Evt (MB)
    1       1            9.8841          69.3611             0.0144                  0.45                 0.00                  0.45        0.0203           20.29
    2       2            9.7279          68.0299             0.0147                  0.45                 0.07                  0.52        0.0202           20.21
    3       2            9.5733          65.2481             0.0153                  0.45                 0.43                  0.88        0.0197           19.70
    4       2            9.5273          56.9985             0.0175                  2.53                 2.42                  4.95        0.0173           18.48
    5       2            9.4954          51.2360             0.0195                  1.23                 0.91                  2.13        0.0157           13.29
    6       3            9.5669          64.3672             0.0155                  0.45                 0.51                  0.96        0.0194           19.70
    7       3            9.4834          56.8470             0.0176                  2.53                 2.50                  5.03        0.0173           18.41
    8       3            9.4218          50.9783             0.0196                  1.22                 0.98                  2.20        0.0157           13.21
    9       3            9.4561          56.7829             0.0176                  2.53                 2.85                  5.39        0.0174           17.91
   10       3            9.3707          50.8209             0.0197                  1.23                 1.34                  2.57        0.0157           12.73
   11       3            9.4350          51.0344             0.0196                  3.31                 3.33                  6.64        0.0157           12.89
   12       4            9.4451          55.9119             0.0179                  2.53                 2.92                  5.45        0.0171           17.89
   13       4            9.3573          49.9414             0.0200                  1.23                 1.41                  2.64        0.0155           12.71
   14       4            9.3892          50.8715             0.0197                  3.31                 3.40                  6.71        0.0157           12.82
   15       4            9.3670          50.8012             0.0197                  3.31                 3.77                  7.08        0.0157           12.33
   16       5            9.3579          49.9392             0.0200                  3.31                 3.84                  7.15        0.0155           12.32

Summary Statistics:
------------------------------------------------------------------------------------------------------------------------
            Comp     Groups  Wall Time/Evt (s)  CPU Time/Evt (s)  Throughput (evt/s)  Write Remote (MB/evt)  Read Remote (MB/evt)  Net Transfer (MB/evt)  CPU Cores/Evt  Memory/Evt (MB)
count  16.000000  16.000000          16.000000         16.000000           16.000000              16.000000             16.000000              16.000000      16.000000        16.000000
mean    8.500000   3.000000           9.491161         56.198094            0.018025               1.879193              1.918090               3.797283       0.017122        15.930087
std     4.760952   1.032796           0.144142          6.863657            0.002025               1.149447              1.355138               2.495701       0.001811         3.326441
min     1.000000   1.000000           9.357310         49.939234            0.014417               0.447534              0.000000               0.447768       0.015460        12.316200
25%     4.750000   2.000000           9.384567         50.858810            0.017042               1.030377              0.807340               1.838291       0.015709        12.793200
50%     8.500000   3.000000           9.450623         53.573979            0.018701               1.878652              1.917357               3.796020       0.016413        15.589700
75%    12.250000   4.000000           9.537238         58.840643            0.019662               2.726536              3.023147               5.749637       0.017878        18.783400
max    16.000000   5.000000           9.884130         69.361118            0.020024               3.313560              3.842374               7.153502       0.020290        20.289600
