Workflow Construction Summary Table
========================================================================================================================

 Comp  Groups Wall Time/Evt (s) CPU Time/Evt (s) Throughput (evt/s) Write Remote (MB/evt) Read Remote (MB/evt) Net Transfer (MB/evt) CPU Cores/Evt Memory/Evt (MB)
    1       2           39.3261         156.4872             0.0064                  0.89                 0.54                  1.43        0.0036            7.24
    2       2           39.3261         156.4872             0.0064                  0.89                 0.54                  1.43        0.0036            7.24
    3       3           39.3258         156.4859             0.0064                  0.89                 0.69                  1.58        0.0036            7.24
    4       3           39.3258         156.4859             0.0064                  0.89                 0.69                  1.58        0.0036            7.24
    5       3           39.2566         156.2446             0.0064                  0.89                 0.69                  1.58        0.0036            7.23
    6       3           39.2566         156.2446             0.0064                  0.89                 0.69                  1.58        0.0036            7.23
    7       3           39.2860         156.3271             0.0064                  1.50                 1.16                  2.66        0.0036            7.24
    8       3           39.2860         156.3271             0.0064                  1.50                 1.16                  2.66        0.0036            7.24
    9       3           39.2162         156.0669             0.0064                  0.89                 1.08                  1.97        0.0036            7.24
   10       3           39.1943         155.9792             0.0064                  2.06                 1.72                  3.78        0.0036            7.24
   11       3           39.1943         155.9792             0.0064                  2.06                 1.72                  3.78        0.0036            7.24
   12       4           39.2563         156.2432             0.0064                  0.89                 0.83                  1.72        0.0036            7.24
   13       4           39.2563         156.2432             0.0064                  0.89                 0.83                  1.72        0.0036            7.24
   14       4           39.2857         156.3258             0.0064                  1.50                 1.31                  2.81        0.0036            7.24
   15       4           39.2857         156.3258             0.0064                  1.50                 1.31                  2.81        0.0036            7.24
   16       4           39.2159         156.0655             0.0064                  0.89                 1.23                  2.12        0.0036            7.24
   17       4           39.2159         156.0655             0.0064                  0.89                 1.23                  2.12        0.0036            7.24
   18       4           39.2169         156.0865             0.0064                  1.50                 1.31                  2.81        0.0036            7.24
   19       4           39.2169         156.0865             0.0064                  1.50                 1.31                  2.81        0.0036            7.24
   20       4           39.1940         155.9779             0.0064                  2.06                 1.87                  3.93        0.0036            7.24
   21       4           39.1645         155.8609             0.0064                  2.68                 2.34                  5.01        0.0036            7.24
   22       4           39.1940         155.9779             0.0064                  2.06                 1.87                  3.93        0.0036            7.24
   23       4           39.1645         155.8609             0.0064                  2.68                 2.34                  5.01        0.0036            7.24
   24       4           39.1851         155.9427             0.0064                  2.06                 1.87                  3.93        0.0036            7.24
   25       4           39.1851         155.9427             0.0064                  2.06                 1.87                  3.93        0.0036            7.24
   26       4           39.1811         155.9265             0.0064                  2.06                 2.26                  4.32        0.0036            7.24
   27       4           39.1781         155.9148             0.0064                  1.50                 1.70                  3.20        0.0036            7.24
   28       5           39.2156         156.0642             0.0064                  0.89                 1.37                  2.26        0.0036            7.25
   29       5           39.2165         156.0852             0.0064                  1.50                 1.45                  2.96        0.0036            7.24
   30       5           39.2165         156.0852             0.0064                  1.50                 1.45                  2.96        0.0036            7.24
   31       5           39.1642         155.8596             0.0064                  2.68                 2.48                  5.16        0.0036            7.24
   32       5           39.1642         155.8596             0.0064                  2.68                 2.48                  5.16        0.0036            7.24
   33       5           39.1848         155.9414             0.0064                  2.06                 2.01                  4.07        0.0036            7.24
   34       5           39.1848         155.9414             0.0064                  2.06                 2.01                  4.07        0.0036            7.24
   35       5           39.1807         155.9252             0.0064                  2.06                 2.40                  4.46        0.0036            7.24
   36       5           39.1807         155.9252             0.0064                  2.06                 2.40                  4.46        0.0036            7.24
   37       5           39.1778         155.9135             0.0064                  1.50                 1.85                  3.35        0.0036            7.24
   38       5           39.1778         155.9135             0.0064                  1.50                 1.85                  3.35        0.0036            7.24
   39       5           39.1554         155.8243             0.0064                  2.68                 2.49                  5.16        0.0036            7.24
   40       5           39.1554         155.8243             0.0064                  2.68                 2.49                  5.16        0.0036            7.24
   41       5           39.1513         155.8081             0.0064                  2.68                 2.88                  5.55        0.0036            7.24
   42       6           39.1804         155.9239             0.0064                  2.06                 2.55                  4.61        0.0036            7.25
   43       6           39.1774         155.9122             0.0064                  1.50                 1.99                  3.50        0.0036            7.24
   44       6           39.1551         155.8230             0.0064                  2.68                 2.63                  5.31        0.0036            7.24
   45       6           39.1551         155.8230             0.0064                  2.68                 2.63                  5.31        0.0036            7.24
   46       6           39.1510         155.8068             0.0064                  2.68                 3.02                  5.70        0.0036            7.24
   47       6           39.1510         155.8068             0.0064                  2.68                 3.02                  5.70        0.0036            7.24
   48       7           39.1506         155.8055             0.0064                  2.68                 3.17                  5.85        0.0036            7.25

Summary Statistics:
------------------------------------------------------------------------------------------------------------------------
        Comp     Groups  Wall Time/Evt (s)  CPU Time/Evt (s)  Throughput (evt/s)  Write Remote (MB/evt)  Read Remote (MB/evt)  Net Transfer (MB/evt)  CPU Cores/Evt  Memory/Evt (MB)
count  48.00  48.000000          48.000000         48.000000           48.000000              48.000000             48.000000              48.000000      48.000000        48.000000
mean   24.50   4.333333          39.209090        156.038198            0.006409               1.782451              1.765776               3.548227       0.003620         7.240200
std    14.00   1.117241           0.052811          0.206653            0.000008               0.668887              0.727394               1.369700       0.000002         0.003685
min     1.00   2.000000          39.150636        155.805508            0.006390               0.888672              0.540679               1.429351       0.003617         7.233600
25%    12.75   4.000000          39.174218        155.899352            0.006405               1.350435              1.226382               2.563597       0.003618         7.236800
50%    24.50   4.000000          39.189570        155.960336            0.006412               1.782451              1.845243               3.637901       0.003620         7.240000
75%    36.25   5.000000          39.226713        156.125709            0.006414               2.214468              2.404163               4.712501       0.003622         7.243200
max    48.00   7.000000          39.326148        156.487227            0.006418               2.676230              3.170594               5.846825       0.003624         7.248000
