Workflow Construction Summary Table
========================================================================================================================

 Comp  Groups Wall Time/Evt (s) CPU Time/Evt (s) Throughput (evt/s) Write Remote (MB/evt) Read Remote (MB/evt) Net Transfer (MB/evt) CPU Cores/Evt Memory/Evt (MB)
    1       1            9.1540          64.4575             0.0155                  0.45                 0.00                  0.45        0.0025            2.52
    2       2            9.1351          64.0993             0.0156                  0.45                 0.07                  0.52        0.0025            2.51
    3       2            9.1090          62.2990             0.0161                  0.45                 0.44                  0.88        0.0024            2.44
    4       2            9.0964          54.7728             0.0183                  2.53                 2.41                  4.94        0.0022            2.29
    5       2            9.0957          49.7153             0.0201                  1.23                 0.90                  2.12        0.0020            1.64
    6       3            9.1096          61.5036             0.0163                  0.45                 0.51                  0.96        0.0024            2.45
    7       3            9.0840          54.7394             0.0183                  2.53                 2.48                  5.01        0.0022            2.29
    8       3            9.0959          49.6911             0.0201                  1.23                 0.98                  2.21        0.0020            1.64
    9       3            9.0836          54.8250             0.0182                  2.53                 2.81                  5.35        0.0022            2.23
   10       3            9.0812          49.6608             0.0201                  1.23                 1.32                  2.55        0.0020            1.58
   11       3            9.0886          49.6915             0.0201                  3.31                 3.30                  6.61        0.0020            1.60
   12       4            9.0837          54.0585             0.0185                  2.53                 2.89                  5.43        0.0021            2.23
   13       4            9.0837          48.8792             0.0205                  1.23                 1.39                  2.62        0.0019            1.58
   14       4            9.0696          49.6451             0.0201                  3.31                 3.36                  6.67        0.0020            1.59
   15       4            9.0722          49.6553             0.0201                  3.32                 3.74                  7.06        0.0020            1.53
   16       5            9.0691          48.8234             0.0205                  3.30                 3.81                  7.10        0.0019            1.53

Summary Statistics:
------------------------------------------------------------------------------------------------------------------------
            Comp     Groups  Wall Time/Evt (s)  CPU Time/Evt (s)  Throughput (evt/s)  Write Remote (MB/evt)  Read Remote (MB/evt)  Net Transfer (MB/evt)  CPU Cores/Evt  Memory/Evt (MB)
count  16.000000  16.000000          16.000000         16.000000           16.000000              16.000000             16.000000              16.000000      16.000000        16.000000
mean    8.500000   3.000000           9.094459         54.157294            0.018651               1.879207              1.899930               3.779136       0.002133         1.978812
std     4.760952   1.032796           0.023196          5.791629            0.001859               1.147607              1.341675               2.480559       0.000220         0.413679
min     1.000000   1.000000           9.069090         48.823392            0.015514               0.448469              0.000000               0.448469       0.001932         1.531600
25%     4.750000   2.000000           9.083009         49.659395            0.017745               1.032695              0.798999               1.831932       0.001961         1.588100
50%     8.500000   3.000000           9.086255         51.886869            0.019307               1.880489              1.900960               3.780856       0.002049         1.936300
75%    12.250000   4.000000           9.099563         56.494671            0.020137               2.723908              2.994144               5.720787       0.002226         2.330950
max    16.000000   5.000000           9.154026         64.457495            0.020482               3.319128              3.805015               7.102258       0.002518         2.518400
