Workflow Construction Summary Table
========================================================================================================================

 Comp  Groups Wall Time/Evt (s) CPU Time/Evt (s) Throughput (evt/s) Write Remote (MB/evt) Read Remote (MB/evt) Net Transfer (MB/evt) CPU Cores/Evt Memory/Evt (MB)
    1       1            7.0593          56.1250             0.0178                  0.45                 0.00                  0.45        0.0019            1.94
    2       2            7.0444          55.8063             0.0179                  0.45                 0.06                  0.51        0.0019            1.94
    3       2            7.0293          54.2452             0.0184                  0.45                 0.38                  0.83        0.0019            1.88
    4       2            7.0203          47.7057             0.0210                  2.54                 2.10                  4.64        0.0017            1.77
    5       2            7.0208          43.2454             0.0231                  1.23                 0.79                  2.02        0.0015            1.27
    6       3            7.0285          53.5230             0.0187                  0.45                 0.45                  0.90        0.0019            1.89
    7       3            7.0159          47.6883             0.0210                  2.54                 2.17                  4.71        0.0017            1.76
    8       3            7.0141          43.2188             0.0231                  1.23                 0.85                  2.08        0.0015            1.27
    9       3            7.0127          47.6872             0.0210                  2.54                 2.48                  5.02        0.0017            1.72
   10       3            7.0043          43.1869             0.0232                  1.23                 1.17                  2.40        0.0015            1.22
   11       3            7.0101          43.2028             0.0231                  3.32                 2.89                  6.21        0.0015            1.24
   12       4            7.0119          46.9707             0.0213                  2.54                 2.54                  5.08        0.0016            1.72
   13       4            7.0043          42.4688             0.0235                  1.23                 1.23                  2.46        0.0015            1.22
   14       4            7.0058          43.1857             0.0232                  3.32                 2.95                  6.27        0.0015            1.23
   15       4            7.0025          43.1728             0.0232                  3.32                 3.26                  6.58        0.0015            1.18
   16       5            7.0017          42.4564             0.0236                  3.32                 3.33                  6.65        0.0015            1.18

Summary Statistics:
------------------------------------------------------------------------------------------------------------------------
            Comp     Groups  Wall Time/Evt (s)  CPU Time/Evt (s)  Throughput (evt/s)  Write Remote (MB/evt)  Read Remote (MB/evt)  Net Transfer (MB/evt)  CPU Cores/Evt  Memory/Evt (MB)
count  16.000000  16.000000          16.000000         16.000000           16.000000              16.000000             16.000000              16.000000      16.000000        16.000000
mean    8.500000   3.000000           7.017862         47.118060            0.021439               1.884766              1.665982               3.550747       0.001641         1.526700
std     4.760952   1.032796           0.015972          5.064959            0.002148               1.152134              1.174472               2.318225       0.000172         0.317796
min     1.000000   1.000000           7.001703         42.456385            0.017817               0.449219              0.000000               0.449219       0.001482         1.181000
25%     4.750000   2.000000           7.005408         43.186565            0.020392               1.035156              0.701387               1.736543       0.001508         1.228450
50%     8.500000   3.000000           7.013409         45.108076            0.022207               1.884766              1.667986               3.552752       0.001574         1.494500
75%    12.250000   4.000000           7.022702         49.159993            0.023155               2.734375              2.629302               5.363677       0.001712         1.799850
max    16.000000   5.000000           7.059267         56.125006            0.023554               3.320312              3.328349               6.648661       0.001942         1.942400
