Workflow Construction Summary Table
========================================================================================================================

 Comp  Groups Wall Time/Evt (s) CPU Time/Evt (s) Throughput (evt/s) Write Remote (MB/evt) Read Remote (MB/evt) Net Transfer (MB/evt) CPU Cores/Evt Memory/Evt (MB)
    1       2           53.5644         369.0735             0.0027                  0.89                 0.62                  1.51        0.0565           57.41
    2       2           53.5644         369.0735             0.0027                  0.89                 0.62                  1.51        0.0565           56.00
    3       3           53.5489         369.0179             0.0027                  0.89                 0.79                  1.67        0.0565           57.42
    4       3           53.5489         369.0179             0.0027                  0.89                 0.79                  1.67        0.0565           56.00
    5       3           53.1267         364.6538             0.0027                  0.89                 0.78                  1.67        0.0561           56.97
    6       3           53.1267         364.6538             0.0027                  0.89                 0.78                  1.67        0.0561           55.87
    7       3           53.1556         186.3110             0.0054                  1.50                 1.34                  2.85        0.0286           57.17
    8       3           53.1556         186.3110             0.0054                  1.50                 1.34                  2.85        0.0286           55.73
    9       3           52.6861         356.9592             0.0028                  0.89                 1.23                  2.12        0.0555           55.95
   10       3           52.4045         325.9907             0.0031                  2.06                 1.99                  4.05        0.0510           57.33
   11       3           52.4045         325.9907             0.0031                  2.06                 1.99                  4.05        0.0510           55.89
   12       4           53.1116         364.6078             0.0027                  0.89                 0.95                  1.84        0.0561           56.97
   13       4           53.1116         364.6078             0.0027                  0.89                 0.95                  1.84        0.0561           55.87
   14       4           53.1349         186.2480             0.0054                  1.50                 1.51                  3.02        0.0286           57.17
   15       4           53.1349         186.2480             0.0054                  1.50                 1.51                  3.02        0.0286           55.72
   16       4           52.6337         356.8384             0.0028                  0.89                 1.39                  2.28        0.0555           55.95
   17       4           52.6337         356.8384             0.0028                  0.89                 1.39                  2.28        0.0555           55.92
   18       4           52.7077         184.7917             0.0054                  1.50                 1.51                  3.01        0.0287           56.97
   19       4           52.7077         184.7917             0.0054                  1.50                 1.51                  3.01        0.0287           55.88
   20       4           52.3992         325.9468             0.0031                  2.06                 2.16                  4.22        0.0510           57.34
   21       4           51.8821         182.1366             0.0055                  2.68                 2.70                  5.37        0.0285           56.96
   22       4           52.3992         325.9468             0.0031                  2.06                 2.16                  4.22        0.0510           55.90
   23       4           51.8821         182.1366             0.0055                  2.68                 2.70                  5.37        0.0285           55.53
   24       4           52.3065         325.6331             0.0031                  2.06                 2.16                  4.22        0.0510           56.98
   25       4           52.3065         325.6331             0.0031                  2.06                 2.16                  4.22        0.0510           55.90
   26       4           52.2207         325.2439             0.0031                  2.06                 2.62                  4.68        0.0509           55.84
   27       4           52.3013         183.3646             0.0055                  1.50                 1.96                  3.47        0.0286           55.70
   28       5           52.6569         356.8073             0.0028                  0.89                 1.58                  2.46        0.0555           55.94
   29       5           52.6982         184.7484             0.0054                  1.50                 1.68                  3.19        0.0287           56.98
   30       5           52.6982         184.7484             0.0054                  1.50                 1.68                  3.19        0.0287           55.88
   31       5           51.8786         182.1081             0.0055                  2.68                 2.87                  5.54        0.0285           56.98
   32       5           51.8786         182.1081             0.0055                  2.68                 2.87                  5.54        0.0285           55.54
   33       5           52.2962         325.5910             0.0031                  2.06                 2.33                  4.39        0.0510           56.99
   34       5           52.2962         325.5910             0.0031                  2.06                 2.33                  4.39        0.0510           55.91
   35       5           52.1537         325.1116             0.0031                  2.06                 2.78                  4.84        0.0509           55.79
   36       5           52.1537         325.1116             0.0031                  2.06                 2.78                  4.84        0.0509           55.81
   37       5           52.2351         183.2078             0.0055                  1.50                 2.13                  3.63        0.0286           55.64
   38       5           52.2351         183.2078             0.0055                  1.50                 2.13                  3.63        0.0286           55.68
   39       5           51.7986         181.8432             0.0055                  2.68                 2.87                  5.54        0.0285           56.63
   40       5           51.7986         181.8432             0.0055                  2.68                 2.87                  5.54        0.0285           55.53
   41       5           51.7159         181.5827             0.0055                  2.68                 3.31                  5.99        0.0285           55.53
   42       6           52.1592         325.1274             0.0031                  2.06                 2.95                  5.01        0.0509           55.84
   43       6           52.2518         183.2165             0.0055                  1.50                 2.31                  3.81        0.0286           55.73
   44       6           51.8129         181.8503             0.0055                  2.68                 3.04                  5.72        0.0286           56.67
   45       6           51.8129         181.8503             0.0055                  2.68                 3.04                  5.72        0.0286           55.58
   46       6           51.6764         181.4820             0.0055                  2.68                 3.48                  6.15        0.0285           55.48
   47       6           51.6764         181.4820             0.0055                  2.68                 3.48                  6.15        0.0285           55.54
   48       7           51.7004         181.5084             0.0055                  2.68                 3.66                  6.34        0.0285           55.55

Summary Statistics:
------------------------------------------------------------------------------------------------------------------------
        Comp     Groups  Wall Time/Evt (s)  CPU Time/Evt (s)  Throughput (evt/s)  Write Remote (MB/evt)  Read Remote (MB/evt)  Net Transfer (MB/evt)  CPU Cores/Evt  Memory/Evt (MB)
count  48.00  48.000000          48.000000         48.000000           48.000000              48.000000             48.000000              48.000000      48.000000        48.000000
mean   24.50   4.333333          52.473821        263.920697            0.004184               1.782451              2.036812               3.819263       0.041037        56.199317
std    14.00   1.117241           0.561899         82.645212            0.001292               0.668887              0.841967               1.482892       0.012711         0.642240
min     1.00   2.000000          51.676385        181.481999            0.002709               0.888672              0.617807               1.506479       0.028509        55.475800
25%    12.75   4.000000          52.085806        182.939974            0.003001               1.350435              1.392669               2.750405       0.028587        55.730200
50%    24.50   4.000000          52.352837        255.711270            0.004222               1.782451              2.128710               3.929891       0.039798        55.899400
75%    36.25   5.000000          52.808641        333.694876            0.005466               2.214468              2.779529               5.101055       0.052094        56.966400
max    48.00   7.000000          53.564383        369.073529            0.005510               2.676230              3.662070               6.338300       0.056474        57.420800
