Workflow Construction Summary Table
========================================================================================================================

 Comp  Groups Wall Time/Evt (s) CPU Time/Evt (s) Throughput (evt/s) Write Remote (MB/evt) Read Remote (MB/evt) Net Transfer (MB/evt) CPU Cores/Evt Memory/Evt (MB)
    1       1            7.4184         458.1883             0.0022                  0.45                 0.00                  0.45        0.0074            7.36
    2       2            7.4184         455.1873             0.0022                  0.45                 0.06                  0.51        0.0073            7.31
    3       2            7.4184         434.1884             0.0023                  0.45                 0.38                  0.83        0.0070            7.05
    4       2            7.4184         208.5827             0.0048                  1.23                 0.81                  2.04        0.0034            3.46
    5       2            7.4184         172.9023             0.0058                  2.54                 2.16                  4.70        0.0028            3.49
    6       3            7.4184         434.1884             0.0023                  0.45                 0.44                  0.89        0.0070            7.05
    7       3            7.4184         205.5825             0.0049                  1.23                 0.87                  2.10        0.0034            3.47
    8       3            7.4184         169.9022             0.0059                  2.54                 2.22                  4.76        0.0028            3.44
    9       3            7.4184         184.5828             0.0054                  1.23                 1.19                  2.42        0.0030            3.14
   10       3            7.4184         148.9023             0.0067                  2.54                 2.55                  5.09        0.0024            3.11
   11       3            7.4184         145.1684             0.0069                  3.32                 2.96                  6.28        0.0024            2.61
   12       4            7.4184         184.5828             0.0054                  1.23                 1.25                  2.48        0.0030            3.15
   13       4            7.4184         148.9023             0.0067                  2.54                 2.61                  5.15        0.0024            3.12
   14       4            7.4184         142.1683             0.0070                  3.32                 3.03                  6.35        0.0023            2.56
   15       4            7.4184         121.1684             0.0083                  3.32                 3.35                  6.68        0.0020            2.29
   16       5            7.4184         121.1684             0.0083                  3.32                 3.42                  6.74        0.0020            2.31

Summary Statistics:
------------------------------------------------------------------------------------------------------------------------
            Comp     Groups  Wall Time/Evt (s)  CPU Time/Evt (s)  Throughput (evt/s)  Write Remote (MB/evt)  Read Remote (MB/evt)  Net Transfer (MB/evt)  CPU Cores/Evt  Memory/Evt (MB)
count  16.000000  16.000000          16.000000         16.000000           16.000000              16.000000             16.000000              16.000000      16.000000        16.000000
mean    8.500000   3.000000           7.418384        233.460375            0.005313               1.884766              1.705933               3.590699       0.003799         4.057125
std     4.760952   1.032796           0.000009        129.042314            0.002087               1.152134              1.209738               2.353613       0.002052         1.910732
min     1.000000   1.000000           7.418353        121.168394            0.002183               0.449219              0.000000               0.449219       0.002036         2.294000
25%     4.750000   2.000000           7.418384        147.968855            0.004171               1.035156              0.714173               1.749329       0.002407         2.984500
50%     8.500000   3.000000           7.418386        178.742568            0.005601               1.884766              1.703191               3.587957       0.002934         3.294000
75%    12.250000   4.000000           7.418388        264.984149            0.006759               2.734375              2.700906               5.435281       0.004301         4.377500
max    16.000000   5.000000           7.418388        458.188262            0.008253               3.320312              3.418197               6.738509       0.007360         7.360000
