Workflow Construction Summary Table
========================================================================================================================

 Comp  Groups Wall Time/Evt (s) CPU Time/Evt (s) Throughput (evt/s) Write Remote (MB/evt) Read Remote (MB/evt) Net Transfer (MB/evt) CPU Cores/Evt Memory/Evt (MB)
    1       1            8.4231          65.9107             0.0152                  0.45                 0.00                  0.45        0.0322           32.18
    2       2            8.1763          63.9790             0.0156                  0.45                 0.06                  0.51        0.0322           32.18
    3       2            7.9261          62.0240             0.0161                  0.45                 0.38                  0.83        0.0322           32.18
    4       2            7.7732          60.8214             0.0164                  2.54                 2.14                  4.68        0.0321           32.12
    5       2            7.7846          60.9110             0.0164                  1.23                 0.80                  2.03        0.0321           32.14
    6       3            7.9116          61.9135             0.0162                  0.45                 0.45                  0.90        0.0322           32.22
    7       3            7.7017          60.2617             0.0166                  2.54                 2.20                  4.74        0.0321           32.14
    8       3            7.6719          60.0327             0.0167                  1.23                 0.86                  2.09        0.0322           32.15
    9       3            7.6475          59.8391             0.0167                  2.54                 2.53                  5.07        0.0321           32.12
   10       3            7.5683          59.2189             0.0169                  1.23                 1.19                  2.42        0.0321           32.14
   11       3            7.6035          59.4940             0.0168                  3.32                 2.94                  6.26        0.0321           32.13
   12       4            7.6331          59.7291             0.0167                  2.54                 2.59                  5.13        0.0322           32.15
   13       4            7.5546          59.1116             0.0169                  1.23                 1.25                  2.48        0.0322           32.17
   14       4            7.5314          58.9335             0.0170                  3.32                 3.00                  6.32        0.0322           32.15
   15       4            7.4774          58.5122             0.0171                  3.32                 3.32                  6.64        0.0322           32.15
   16       5            7.4647          58.4078             0.0171                  3.32                 3.39                  6.71        0.0322           32.16

Summary Statistics:
------------------------------------------------------------------------------------------------------------------------
            Comp     Groups  Wall Time/Evt (s)  CPU Time/Evt (s)  Throughput (evt/s)  Write Remote (MB/evt)  Read Remote (MB/evt)  Net Transfer (MB/evt)  CPU Cores/Evt  Memory/Evt (MB)
count  16.000000  16.000000          16.000000         16.000000           16.000000              16.000000             16.000000              16.000000      16.000000        16.000000
mean    8.500000   3.000000           7.740558         60.568750            0.016527               1.884766              1.694698               3.579463       0.032155        32.155000
std     4.760952   1.032796           0.260902          2.042311            0.000535               1.152134              1.197157               2.340838       0.000027         0.026753
min     1.000000   1.000000           7.464669         58.407758            0.015172               0.449219              0.000000               0.449219       0.032120        32.120000
25%     4.750000   2.000000           7.564873         59.192045            0.016351               1.035156              0.711384               1.746540       0.032136        32.136000
50%     8.500000   3.000000           7.659686         59.935904            0.016685               1.884766              1.694016               3.578782       0.032152        32.152000
75%    12.250000   4.000000           7.816334         61.161618            0.016894               2.734375              2.680568               5.414943       0.032172        32.172000
max    16.000000   5.000000           8.423114         65.910652            0.017121               3.320312              3.389089               6.709401       0.032216        32.216000
