Workflow Construction Summary Table
========================================================================================================================

 Comp  Groups Wall Time/Evt (s) CPU Time/Evt (s) Throughput (evt/s) Write Remote (MB/evt) Read Remote (MB/evt) Net Transfer (MB/evt) CPU Cores/Evt Memory/Evt (MB)
    1       1            7.7193          58.7530             0.0170                  0.45                 0.00                  0.45        0.0007            0.71
    2       2            7.7208          58.7649             0.0170                  0.45                 0.06                  0.51        0.0007            0.71
    3       2            7.8062          59.6749             0.0168                  1.23                 0.81                  2.04        0.0007            0.70
    4       2            7.7342          58.9235             0.0170                  0.45                 0.39                  0.84        0.0007            0.71
    5       2            8.1102          61.9366             0.0161                  2.54                 2.18                  4.72        0.0007            0.71
    6       3            7.7581          59.0436             0.0169                  0.45                 0.47                  0.92        0.0007            0.72
    7       3            7.8103          59.7076             0.0167                  1.23                 0.88                  2.11        0.0007            0.71
    8       3            8.2360          63.0512             0.0159                  3.32                 2.98                  6.30        0.0007            0.71
    9       3            8.1155          61.9776             0.0161                  2.54                 2.25                  4.78        0.0007            0.71
   10       3            8.1603          62.2774             0.0161                  2.54                 2.58                  5.12        0.0007            0.71
   11       3            7.8240          59.8792             0.0167                  1.23                 1.20                  2.43        0.0007            0.71
   12       4            8.1528          62.2717             0.0161                  2.54                 2.64                  5.18        0.0007            0.71
   13       4            7.8305          59.9295             0.0167                  1.23                 1.27                  2.50        0.0007            0.71
   14       4            8.2407          63.0898             0.0159                  3.32                 3.05                  6.37        0.0007            0.71
   15       4            8.2759          63.3511             0.0158                  3.32                 3.37                  6.69        0.0007            0.71
   16       5            8.2819          63.3996             0.0158                  3.32                 3.44                  6.76        0.0007            0.71

Summary Statistics:
------------------------------------------------------------------------------------------------------------------------
            Comp     Groups  Wall Time/Evt (s)  CPU Time/Evt (s)  Throughput (evt/s)  Write Remote (MB/evt)  Read Remote (MB/evt)  Net Transfer (MB/evt)  CPU Cores/Evt  Memory/Evt (MB)
count  16.000000  16.000000          16.000000         16.000000           16.000000              16.000000             16.000000              16.000000      16.000000        16.000000
mean    8.500000   3.000000           7.986050         61.001938            0.016406               1.884766              1.723376               3.608141       0.000710         0.710000
std     4.760952   1.032796           0.225062          1.806546            0.000485               1.152134              1.215221               2.358785       0.000003         0.003008
min     1.000000   1.000000           7.719335         58.753028            0.015773               0.449219              0.000000               0.449219       0.000704         0.704000
25%     4.750000   2.000000           7.794196         59.517047            0.016008               1.035156              0.727679               1.762835       0.000708         0.708400
50%     8.500000   3.000000           7.970348         60.933024            0.016416               1.884766              1.723445               3.608211       0.000710         0.710400
75%    12.250000   4.000000           8.179220         62.470820            0.016802               2.734375              2.724396               5.458771       0.000712         0.712000
max    16.000000   5.000000           8.281930         63.399551            0.017020               3.320312              3.437646               6.757959       0.000715         0.715200
