Workflow Construction Summary Table
========================================================================================================================

 Comp  Groups Wall Time/Evt (s) CPU Time/Evt (s) Throughput (evt/s) Write Remote (MB/evt) Read Remote (MB/evt) Net Transfer (MB/evt) CPU Cores/Evt Memory/Evt (MB)
    1       1            7.1881          57.5047             0.0174                  0.45                 0.00                  0.45        0.0077            7.67
    2       2            7.1293          57.0345             0.0175                  0.45                 0.06                  0.51        0.0077            7.67
    3       2            7.0701          56.5609             0.0177                  0.45                 0.38                  0.83        0.0077            7.67
    4       2            7.0363          56.2906             0.0178                  2.54                 2.09                  4.63        0.0077            7.67
    5       2            7.0371          56.2967             0.0178                  1.23                 0.78                  2.01        0.0077            7.67
    6       3            7.0668          56.5348             0.0177                  0.45                 0.44                  0.89        0.0077            7.67
    7       3            7.0193          56.1546             0.0178                  2.54                 2.15                  4.69        0.0077            7.67
    8       3            7.0105          56.0837             0.0178                  1.23                 0.84                  2.08        0.0077            7.67
    9       3            7.0067          56.0537             0.0178                  2.54                 2.47                  5.00        0.0077            7.67
   10       3            6.9858          55.8861             0.0179                  1.23                 1.16                  2.39        0.0077            7.67
   11       3            6.9970          55.9763             0.0179                  3.32                 2.87                  6.19        0.0077            7.67
   12       4            7.0035          56.0277             0.0178                  2.54                 2.53                  5.07        0.0077            7.67
   13       4            6.9825          55.8600             0.0179                  1.23                 1.22                  2.45        0.0077            7.67
   14       4            6.9800          55.8403             0.0179                  3.32                 2.93                  6.25        0.0077            7.67
   15       4            6.9674          55.7395             0.0179                  3.32                 3.25                  6.57        0.0077            7.67
   16       5            6.9642          55.7134             0.0179                  3.32                 3.31                  6.63        0.0077            7.67

Summary Statistics:
------------------------------------------------------------------------------------------------------------------------
            Comp     Groups  Wall Time/Evt (s)  CPU Time/Evt (s)  Throughput (evt/s)  Write Remote (MB/evt)  Read Remote (MB/evt)  Net Transfer (MB/evt)  CPU Cores/Evt  Memory/Evt (MB)
count  16.000000  16.000000          16.000000         16.000000           16.000000              16.000000             16.000000              16.000000      16.000000        16.000000
mean    8.500000   3.000000           7.027793         56.222346            0.017788               1.884766              1.655273               3.540039       0.007671         7.670700
std     4.760952   1.032796           0.060893          0.487148            0.000152               1.152134              1.168838               2.312666       0.000001         0.001335
min     1.000000   1.000000           6.964171         55.713367            0.017390               0.449219              0.000000               0.449219       0.007669         7.668800
25%     4.750000   2.000000           6.984949         55.879589            0.017744               1.035156              0.695801               1.730957       0.007670         7.670400
50%     8.500000   3.000000           7.008588         56.068704            0.017835               1.884766              1.655273               3.540039       0.007670         7.670400
75%    12.250000   4.000000           7.044525         56.356200            0.017896               2.734375              2.614746               5.349121       0.007672         7.672000
max    16.000000   5.000000           7.188089         57.504714            0.017949               3.320312              3.310547               6.630859       0.007674         7.673600
