Workflow Construction Summary Table
========================================================================================================================

 Comp  Groups Wall Time/Evt (s) CPU Time/Evt (s) Throughput (evt/s) Write Remote (MB/evt) Read Remote (MB/evt) Net Transfer (MB/evt) CPU Cores/Evt Memory/Evt (MB)
    1       1            6.9765          55.8119             0.0179                  0.45                 0.00                  0.45        0.0019            1.92
    2       2            6.9624          55.6989             0.0180                  0.45                 0.06                  0.51        0.0019            1.92
    3       2            6.9506          55.6049             0.0180                  0.45                 0.38                  0.83        0.0019            1.92
    4       2            6.9794          55.8353             0.0179                  2.54                 2.09                  4.63        0.0019            1.93
    5       2            6.9540          55.6317             0.0180                  1.23                 0.78                  2.01        0.0019            1.92
    6       3            6.9505          55.6037             0.0180                  0.45                 0.44                  0.89        0.0019            1.93
    7       3            6.9757          55.8058             0.0179                  2.54                 2.15                  4.69        0.0019            1.93
    8       3            6.9479          55.5830             0.0180                  1.23                 0.84                  2.08        0.0019            1.92
    9       3            6.9756          55.8049             0.0179                  2.54                 2.47                  5.00        0.0019            1.93
   10       3            6.9448          55.5581             0.0180                  1.23                 1.16                  2.39        0.0019            1.92
   11       3            6.9848          55.8782             0.0179                  3.32                 2.87                  6.19        0.0019            1.93
   12       4            6.9755          55.8037             0.0179                  2.54                 2.53                  5.07        0.0019            1.94
   13       4            6.9446          55.5569             0.0180                  1.23                 1.22                  2.45        0.0019            1.93
   14       4            6.9811          55.8487             0.0179                  3.32                 2.93                  6.25        0.0019            1.93
   15       4            6.9810          55.8478             0.0179                  3.32                 3.25                  6.57        0.0019            1.93
   16       5            6.9808          55.8466             0.0179                  3.32                 3.31                  6.63        0.0019            1.94

Summary Statistics:
------------------------------------------------------------------------------------------------------------------------
            Comp     Groups  Wall Time/Evt (s)  CPU Time/Evt (s)  Throughput (evt/s)  Write Remote (MB/evt)  Read Remote (MB/evt)  Net Transfer (MB/evt)  CPU Cores/Evt  Memory/Evt (MB)
count  16.000000  16.000000          16.000000         16.000000           16.000000              16.000000             16.000000              16.000000      16.000000        16.000000
mean    8.500000   3.000000           6.966563         55.732503            0.017943               1.884766              1.655273               3.540039       0.001926         1.926000
std     4.760952   1.032796           0.015186          0.121487            0.000039               1.152134              1.168838               2.312666       0.000005         0.005465
min     1.000000   1.000000           6.944612         55.556894            0.017896               0.449219              0.000000               0.449219       0.001920         1.920000
25%     4.750000   2.000000           6.950576         55.604605            0.017909               1.035156              0.695801               1.730957       0.001920         1.920000
50%     8.500000   3.000000           6.975536         55.804290            0.017920               1.884766              1.655273               3.540039       0.001928         1.928000
75%    12.250000   4.000000           6.979764         55.838112            0.017984               2.734375              2.614746               5.349121       0.001928         1.928000
max    16.000000   5.000000           6.984774         55.878192            0.018000               3.320312              3.310547               6.630859       0.001936         1.936000
