Workflow Construction Summary Table
========================================================================================================================

 Comp  Groups Wall Time/Evt (s) CPU Time/Evt (s) Throughput (evt/s) Write Remote (MB/evt) Read Remote (MB/evt) Net Transfer (MB/evt) CPU Cores/Evt Memory/Evt (MB)
    1       1            8.0586          64.4687             0.0155                  0.45                 0.00                  0.45        0.0308           30.78
    2       2            7.8229          62.5831             0.0160                  0.45                 0.06                  0.51        0.0308           30.76
    3       2            7.5873          60.6987             0.0165                  0.45                 0.38                  0.83        0.0308           30.78
    4       2            7.4734          59.7876             0.0167                  2.54                 2.09                  4.63        0.0307           30.70
    5       2            7.4610          59.6881             0.0168                  1.23                 0.78                  2.01        0.0307           30.72
    6       3            7.5746          60.5967             0.0165                  0.45                 0.44                  0.89        0.0308           30.78
    7       3            7.4057          59.2455             0.0169                  2.54                 2.15                  4.69        0.0307           30.70
    8       3            7.3544          58.8355             0.0170                  1.23                 0.84                  2.08        0.0307           30.70
    9       3            7.3571          58.8572             0.0170                  2.54                 2.47                  5.00        0.0307           30.70
   10       3            7.2578          58.0622             0.0172                  1.23                 1.16                  2.39        0.0307           30.72
   11       3            7.3257          58.6056             0.0171                  3.32                 2.87                  6.19        0.0307           30.71
   12       4            7.3444          58.7552             0.0170                  2.54                 2.53                  5.07        0.0307           30.70
   13       4            7.2450          57.9603             0.0173                  1.23                 1.22                  2.45        0.0307           30.72
   14       4            7.2579          58.0634             0.0172                  3.32                 2.93                  6.25        0.0307           30.71
   15       4            7.2094          57.6752             0.0173                  3.32                 3.25                  6.57        0.0307           30.71
   16       5            7.1966          57.5732             0.0174                  3.32                 3.31                  6.63        0.0307           30.71

Summary Statistics:
------------------------------------------------------------------------------------------------------------------------
            Comp     Groups  Wall Time/Evt (s)  CPU Time/Evt (s)  Throughput (evt/s)  Write Remote (MB/evt)  Read Remote (MB/evt)  Net Transfer (MB/evt)  CPU Cores/Evt  Memory/Evt (MB)
count  16.000000  16.000000          16.000000         16.000000           16.000000              16.000000             16.000000              16.000000      16.000000        16.000000
mean    8.500000   3.000000           7.433250         59.466003            0.016831               1.884766              1.655273               3.540039       0.030724        30.724000
std     4.760952   1.032796           0.234414          1.875309            0.000510               1.152134              1.168838               2.312666       0.000030         0.030075
min     1.000000   1.000000           7.196649         57.573189            0.015511               0.449219              0.000000               0.449219       0.030696        30.696000
25%     4.750000   2.000000           7.257891         58.063127            0.016670               1.035156              0.695801               1.730957       0.030702        30.702000
50%     8.500000   3.000000           7.355790         58.846323            0.016993               1.884766              1.655273               3.540039       0.030712        30.712000
75%    12.250000   4.000000           7.498733         59.989868            0.017223               2.734375              2.614746               5.349121       0.030730        30.730000
max    16.000000   5.000000           8.058592         64.468738            0.017369               3.320312              3.310547               6.630859       0.030776        30.776000
