Workflow Construction Summary Table
========================================================================================================================

 Comp  Groups Wall Time/Evt (s) CPU Time/Evt (s) Throughput (evt/s) Write Remote (MB/evt) Read Remote (MB/evt) Net Transfer (MB/evt) CPU Cores/Evt Memory/Evt (MB)
    1       1            7.1047          56.4863             0.0177                  0.45                 0.00                  0.45        0.0019            1.94
    2       2            7.0962          56.4187             0.0177                  0.45                 0.06                  0.51        0.0019            1.94
    3       2            7.1135          56.5535             0.0177                  0.45                 0.38                  0.83        0.0019            1.94
    4       2            7.4888          59.5387             0.0168                  2.54                 2.10                  4.64        0.0019            1.94
    5       2            7.2242          57.4366             0.0174                  1.23                 0.79                  2.02        0.0019            1.94
    6       3            7.1192          56.5982             0.0177                  0.45                 0.45                  0.89        0.0019            1.95
    7       3            7.4909          59.5551             0.0168                  2.54                 2.17                  4.71        0.0019            1.94
    8       3            7.2238          57.4341             0.0174                  1.23                 0.85                  2.08        0.0019            1.95
    9       3            7.5191          59.7800             0.0167                  2.54                 2.48                  5.02        0.0019            1.94
   10       3            7.2461          57.6230             0.0174                  1.23                 1.17                  2.40        0.0019            1.95
   11       3            7.6348          60.7068             0.0165                  3.32                 2.89                  6.21        0.0019            1.94
   12       4            7.5247          59.8248             0.0167                  2.54                 2.55                  5.09        0.0019            1.95
   13       4            7.2528          57.6719             0.0173                  1.23                 1.23                  2.46        0.0019            1.95
   14       4            7.6369          60.7237             0.0165                  3.32                 2.95                  6.27        0.0019            1.95
   15       4            7.6658          60.9511             0.0164                  3.32                 3.26                  6.58        0.0019            1.95
   16       5            7.6714          60.9958             0.0164                  3.32                 3.33                  6.65        0.0020            1.95

Summary Statistics:
------------------------------------------------------------------------------------------------------------------------
            Comp     Groups  Wall Time/Evt (s)  CPU Time/Evt (s)  Throughput (evt/s)  Write Remote (MB/evt)  Read Remote (MB/evt)  Net Transfer (MB/evt)  CPU Cores/Evt  Memory/Evt (MB)
count  16.000000  16.000000          16.000000         16.000000           16.000000              16.000000             16.000000              16.000000      16.000000        16.000000
mean    8.500000   3.000000           7.375801         58.643653            0.017067               1.884766              1.666089               3.550855       0.001946         1.945600
std     4.760952   1.032796           0.222087          1.766765            0.000514               1.152134              1.175244               2.318998       0.000003         0.002547
min     1.000000   1.000000           7.096176         56.418742            0.016395               0.449219              0.000000               0.449219       0.001942         1.942400
25%     4.750000   2.000000           7.197669         57.225102            0.016655               1.035156              0.700614               1.735770       0.001944         1.944000
50%     8.500000   3.000000           7.370810         58.605336            0.017068               1.884766              1.667986               3.552752       0.001945         1.944800
75%    12.250000   4.000000           7.552252         60.045317            0.017476               2.734375              2.632124               5.366499       0.001947         1.947200
max    16.000000   5.000000           7.671413         60.995836            0.017725               3.320312              3.328349               6.648661       0.001952         1.952000
