Workflow Construction Summary Table
========================================================================================================================

 Comp  Groups Wall Time/Evt (s) CPU Time/Evt (s) Throughput (evt/s) Write Remote (MB/evt) Read Remote (MB/evt) Net Transfer (MB/evt) CPU Cores/Evt Memory/Evt (MB)
    1       1            6.9000          55.2000             0.0181                  0.45                 0.00                  0.45        0.0026            2.56
    2       2            6.9000          55.2000             0.0181                  0.45                 0.06                  0.51        0.0026            2.57
    3       2            6.9000          55.2000             0.0181                  0.45                 0.38                  0.83        0.0026            2.56
    4       2            6.9000          55.2000             0.0181                  2.54                 2.09                  4.63        0.0026            2.56
    5       2            6.9000          55.2000             0.0181                  1.23                 0.78                  2.01        0.0026            2.56
    6       3            6.9000          55.2000             0.0181                  0.45                 0.44                  0.89        0.0026            2.57
    7       3            6.9000          55.2000             0.0181                  2.54                 2.15                  4.69        0.0026            2.57
    8       3            6.9000          55.2000             0.0181                  1.23                 0.84                  2.08        0.0026            2.57
    9       3            6.9000          55.2000             0.0181                  2.54                 2.47                  5.00        0.0026            2.57
   10       3            6.9000          55.2000             0.0181                  1.23                 1.16                  2.39        0.0026            2.57
   11       3            6.9000          55.2000             0.0181                  3.32                 2.87                  6.19        0.0026            2.56
   12       4            6.9000          55.2000             0.0181                  2.54                 2.53                  5.07        0.0026            2.58
   13       4            6.9000          55.2000             0.0181                  1.23                 1.22                  2.45        0.0026            2.58
   14       4            6.9000          55.2000             0.0181                  3.32                 2.93                  6.25        0.0026            2.57
   15       4            6.9000          55.2000             0.0181                  3.32                 3.25                  6.57        0.0026            2.57
   16       5            6.9000          55.2000             0.0181                  3.32                 3.31                  6.63        0.0026            2.58

Summary Statistics:
------------------------------------------------------------------------------------------------------------------------
            Comp     Groups  Wall Time/Evt (s)  CPU Time/Evt (s)  Throughput (evt/s)  Write Remote (MB/evt)  Read Remote (MB/evt)  Net Transfer (MB/evt)  CPU Cores/Evt  Memory/Evt (MB)
count  16.000000  16.000000       1.600000e+01      1.600000e+01        1.600000e+01              16.000000             16.000000              16.000000      16.000000         16.00000
mean    8.500000   3.000000       6.900000e+00      5.520000e+01        1.811594e-02               1.884766              1.655273               3.540039       0.002567          2.56700
std     4.760952   1.032796       3.243169e-16      4.102320e-15        3.469447e-18               1.152134              1.168838               2.312666       0.000006          0.00575
min     1.000000   1.000000       6.900000e+00      5.520000e+01        1.811594e-02               0.449219              0.000000               0.449219       0.002560          2.56000
25%     4.750000   2.000000       6.900000e+00      5.520000e+01        1.811594e-02               1.035156              0.695801               1.730957       0.002560          2.56000
50%     8.500000   3.000000       6.900000e+00      5.520000e+01        1.811594e-02               1.884766              1.655273               3.540039       0.002568          2.56800
75%    12.250000   4.000000       6.900000e+00      5.520000e+01        1.811594e-02               2.734375              2.614746               5.349121       0.002568          2.56800
max    16.000000   5.000000       6.900000e+00      5.520000e+01        1.811594e-02               3.320312              3.310547               6.630859       0.002576          2.57600
