Workflow Construction Summary Table
========================================================================================================================

 Comp  Groups Wall Time/Evt (s) CPU Time/Evt (s) Throughput (evt/s) Write Remote (MB/evt) Read Remote (MB/evt) Net Transfer (MB/evt) CPU Cores/Evt Memory/Evt (MB)
    1       1            7.8540         491.9968             0.0020                  0.45                 0.00                  0.45        0.1283          128.32
    2       2            7.7378         481.0887             0.0021                  0.45                 0.07                  0.51        0.1274          127.43
    3       2            7.6466         450.6106             0.0022                  0.45                 0.39                  0.84        0.1212          121.97
    4       2            7.6984         228.5121             0.0044                  1.23                 0.80                  2.03        0.0588           59.87
    5       2            7.9645         197.0453             0.0051                  2.54                 2.13                  4.67        0.0486           59.97
    6       3            7.6460         450.7229             0.0022                  0.45                 0.45                  0.90        0.1213          122.03
    7       3            7.6494         221.8207             0.0045                  1.23                 0.86                  2.09        0.0579           59.04
    8       3            7.9325         191.5111             0.0052                  2.54                 2.20                  4.74        0.0477           59.14
    9       3            7.6302         195.8588             0.0051                  1.23                 1.19                  2.42        0.0517           53.51
   10       3            7.9412         167.7091             0.0060                  2.54                 2.52                  5.06        0.0417           53.82
   11       3            8.0426         169.6910             0.0059                  3.32                 2.94                  6.26        0.0409           44.57
   12       4            7.6299         195.8578             0.0051                  1.23                 1.25                  2.48        0.0517           53.50
   13       4            7.9405         167.3278             0.0060                  2.54                 2.58                  5.12        0.0416           53.64
   14       4            8.0137         164.3848             0.0061                  3.32                 3.00                  6.32        0.0401           43.87
   15       4            8.0177         140.1763             0.0071                  3.32                 3.32                  6.64        0.0341           38.45
   16       5            8.0195         139.9942             0.0071                  3.32                 3.39                  6.71        0.0340           38.32

Summary Statistics:
------------------------------------------------------------------------------------------------------------------------
            Comp     Groups  Wall Time/Evt (s)  CPU Time/Evt (s)  Throughput (evt/s)  Write Remote (MB/evt)  Read Remote (MB/evt)  Net Transfer (MB/evt)  CPU Cores/Evt  Memory/Evt (MB)
count  16.000000  16.000000          16.000000         16.000000           16.000000              16.000000             16.000000              16.000000      16.000000        16.000000
mean    8.500000   3.000000           7.835290        253.394256            0.004758               1.884766              1.692856               3.577621       0.065435        69.840625
std     4.760952   1.032796           0.165181        130.946938            0.001743               1.152134              1.194373               2.338055       0.036011        33.615452
min     1.000000   1.000000           7.629926        139.994167            0.002033               0.449219              0.000000               0.449219       0.033970        38.322000
25%     4.750000   2.000000           7.648732        167.613750            0.003837               1.035156              0.711966               1.747123       0.041400        51.271000
50%     8.500000   3.000000           7.893225        195.858298            0.005106               1.884766              1.692942               3.577708       0.050133        56.433000
75%    12.250000   4.000000           7.976782        284.036764            0.005966               2.734375              2.671566               5.405941       0.074386        75.468000
max    16.000000   5.000000           8.042644        491.996788            0.007143               3.320312              3.385481               6.705794       0.128320       128.320000
