Workflow Construction Summary Table
========================================================================================================================

 Comp  Groups Wall Time/Evt (s) CPU Time/Evt (s) Throughput (evt/s) Write Remote (MB/evt) Read Remote (MB/evt) Net Transfer (MB/evt) CPU Cores/Evt Memory/Evt (MB)
    1       1           12.2710         687.5957             0.0015                  0.45                 0.00                  0.45        0.6529          652.92
    2       2           11.6542         648.8808             0.0015                  0.45                 0.07                  0.52        0.6484          648.68
    3       2           11.0584         584.9878             0.0017                  0.45                 0.44                  0.88        0.6174          620.89
    4       2           10.8500         305.6694             0.0033                  1.23                 0.91                  2.13        0.2980          303.66
    5       2           11.1683         250.6824             0.0040                  2.53                 2.42                  4.96        0.2465          304.50
    6       3           11.0305         585.0071             0.0017                  0.45                 0.51                  0.95        0.6176          620.99
    7       3           10.5762         285.9777             0.0035                  1.23                 0.98                  2.21        0.2934          299.33
    8       3           10.9964         236.7545             0.0042                  2.53                 2.50                  5.03        0.2422          300.53
    9       3           10.3523         242.9449             0.0041                  1.23                 1.34                  2.57        0.2626          271.75
   10       3           10.8955         200.6404             0.0050                  2.53                 2.86                  5.39        0.2106          272.23
   11       3           10.9302         215.1859             0.0046                  3.30                 3.33                  6.63        0.2066          225.21
   12       4           10.3275         242.9620             0.0041                  1.23                 1.42                  2.64        0.2628          271.84
   13       4           10.8690         200.7975             0.0050                  2.53                 2.93                  5.46        0.2111          272.57
   14       4           10.7616         201.3816             0.0050                  3.31                 3.40                  6.71        0.2025          221.44
   15       4           10.6684         165.8920             0.0060                  3.31                 3.77                  7.08        0.1723          194.37
   16       5           10.6463         165.4414             0.0060                  3.31                 3.84                  7.15        0.1715          193.51

Summary Statistics:
------------------------------------------------------------------------------------------------------------------------
            Comp     Groups  Wall Time/Evt (s)  CPU Time/Evt (s)  Throughput (evt/s)  Write Remote (MB/evt)  Read Remote (MB/evt)  Net Transfer (MB/evt)  CPU Cores/Evt  Memory/Evt (MB)
count  16.000000  16.000000          16.000000         16.000000           16.000000              16.000000             16.000000              16.000000      16.000000        16.000000
mean    8.500000   3.000000          10.940996        326.300074            0.003830               1.877215              1.920209               3.797424       0.332273       354.650825
std     4.760952   1.032796           0.477435        184.250060            0.001527               1.147371              1.356132               2.494610       0.183821       171.611125
min     1.000000   1.000000          10.327457        165.441421            0.001454               0.447366              0.000000               0.447455       0.171450       193.514800
25%     4.750000   2.000000          10.662886        201.235607            0.002881               1.030993              0.806713               1.837678       0.209611       260.113900
50%     8.500000   3.000000          10.882266        242.953430            0.004116               1.877264              1.921594               3.799664       0.254513       285.947600
75%    12.250000   4.000000          11.037522        375.498956            0.004969               2.723746              3.030978               5.753538       0.377868       383.595800
max    16.000000   5.000000          12.271048        687.595657            0.006044               3.307629              3.843795               7.151134       0.652915       652.915200
