Workflow Construction Summary Table
========================================================================================================================

 Comp  Groups Wall Time/Evt (s) CPU Time/Evt (s) Throughput (evt/s) Write Remote (MB/evt) Read Remote (MB/evt) Net Transfer (MB/evt) CPU Cores/Evt Memory/Evt (MB)
    1       1            7.8503          59.0011             0.0169                  0.45                 0.00                  0.45        0.0015            1.46
    2       2            7.8935          59.1740             0.0169                  0.45                 0.06                  0.51        0.0015            1.50
    3       2            7.8936          59.1743             0.0169                  0.45                 0.42                  0.87        0.0015            1.49
    4       2            7.8504          59.0015             0.0169                  2.54                 2.23                  4.76        0.0015            1.46
    5       2            7.8333          58.9330             0.0170                  1.23                 0.83                  2.06        0.0015            1.46
    6       3            7.8550          59.0201             0.0169                  0.45                 0.47                  0.91        0.0015            1.50
    7       3            7.8936          59.1743             0.0169                  2.54                 2.32                  4.85        0.0015            1.50
    8       3            7.8342          58.9368             0.0170                  1.23                 0.90                  2.13        0.0015            1.48
    9       3            7.8936          59.1743             0.0169                  2.54                 2.66                  5.19        0.0015            1.50
   10       3            7.8372          58.9487             0.0170                  1.23                 1.25                  2.48        0.0015            1.48
   11       3            7.8749          59.0998             0.0169                  3.32                 3.07                  6.39        0.0015            1.50
   12       4            7.8936          59.1743             0.0169                  2.54                 2.72                  5.26        0.0015            1.52
   13       4            7.8356          58.9423             0.0170                  1.23                 1.31                  2.55        0.0015            1.50
   14       4            7.8022          58.8086             0.0170                  3.32                 3.10                  6.42        0.0015            1.50
   15       4            7.8086          58.8346             0.0170                  3.32                 3.42                  6.74        0.0015            1.50
   16       5            7.7869          58.7477             0.0170                  3.32                 3.48                  6.80        0.0015            1.51

Summary Statistics:
------------------------------------------------------------------------------------------------------------------------
            Comp     Groups  Wall Time/Evt (s)  CPU Time/Evt (s)  Throughput (evt/s)  Write Remote (MB/evt)  Read Remote (MB/evt)  Net Transfer (MB/evt)  CPU Cores/Evt  Memory/Evt (MB)
count  16.000000  16.000000          16.000000         16.000000           16.000000              16.000000             16.000000              16.000000      16.000000        16.000000
mean    8.500000   3.000000           7.852271         59.009083            0.016947               1.884766              1.764630               3.649396       0.001490         1.490000
std     4.760952   1.032796           0.035528          0.142110            0.000041               1.152134              1.237797               2.381218       0.000017         0.017405
min     1.000000   1.000000           7.786937         58.747748            0.016899               0.449219              0.000000               0.449219       0.001456         1.456000
25%     4.750000   2.000000           7.833957         58.935828            0.016899               1.035156              0.741434               1.776590       0.001480         1.480000
50%     8.500000   3.000000           7.850321         59.001285            0.016949               1.884766              1.770087               3.654852       0.001496         1.496000
75%    12.250000   4.000000           7.893523         59.174094            0.016968               2.734375              2.808456               5.542831       0.001496         1.496000
max    16.000000   5.000000           7.893579         59.174316            0.017022               3.320312              3.480134               6.800447       0.001520         1.520000
