Workflow Construction Summary Table
========================================================================================================================

 Comp  Groups Wall Time/Evt (s) CPU Time/Evt (s) Throughput (evt/s) Write Remote (MB/evt) Read Remote (MB/evt) Net Transfer (MB/evt) CPU Cores/Evt Memory/Evt (MB)
    1       1            8.8980         542.4696             0.0018                  0.45                 0.00                  0.45        0.2720          272.00
    2       2            8.6375         523.2950             0.0019                  0.45                 0.07                  0.52        0.2700          270.17
    3       2            8.3724         483.7855             0.0021                  0.45                 0.39                  0.84        0.2575          258.95
    4       2            8.2228         240.9212             0.0042                  1.23                 0.82                  2.05        0.1244          126.78
    5       2            8.2080         191.9416             0.0052                  2.54                 2.19                  4.73        0.1025          126.67
    6       3            8.3594         483.6736             0.0021                  0.45                 0.46                  0.91        0.2574          258.85
    7       3            8.1027         230.3118             0.0043                  1.23                 0.89                  2.12        0.1224          124.86
    8       3            8.1321         184.1565             0.0054                  2.54                 2.26                  4.80        0.1007          125.00
    9       3            7.9919         199.6796             0.0050                  1.23                 1.22                  2.45        0.1094          113.20
   10       3            8.0747         157.4279             0.0064                  2.54                 2.60                  5.14        0.0883          113.83
   11       3            8.0266         161.4991             0.0062                  3.32                 3.02                  6.34        0.0860           93.79
   12       4            7.9771         199.8566             0.0050                  1.23                 1.28                  2.51        0.1096          113.32
   13       4            8.0605         157.6639             0.0063                  2.54                 2.67                  5.21        0.0886          114.04
   14       4            7.9520         153.7581             0.0065                  3.32                 3.09                  6.41        0.0844           92.29
   15       4            7.8941         126.3431             0.0079                  3.32                 3.41                  6.73        0.0711           80.43
   16       5            7.8805         126.3399             0.0079                  3.32                 3.48                  6.80        0.0712           80.43

Summary Statistics:
------------------------------------------------------------------------------------------------------------------------
            Comp     Groups  Wall Time/Evt (s)  CPU Time/Evt (s)  Throughput (evt/s)  Write Remote (MB/evt)  Read Remote (MB/evt)  Net Transfer (MB/evt)  CPU Cores/Evt  Memory/Evt (MB)
count  16.000000  16.000000          16.000000         16.000000           16.000000              16.000000             16.000000              16.000000      16.000000        16.000000
mean    8.500000   3.000000           8.174386        260.195192            0.004891               1.884704              1.740591               3.625295       0.138466       147.788625
std     4.760952   1.032796           0.277297        151.837761            0.002036               1.152172              1.230086               2.373675       0.076624        71.543501
min     1.000000   1.000000           7.880462        126.339921            0.001843               0.449219              0.000000               0.449219       0.071101        80.426000
25%     4.750000   2.000000           7.988181        157.604905            0.003630               1.034879              0.731664               1.766820       0.087705       108.351500
50%     8.500000   3.000000           8.088682        195.810640            0.005109               1.884766              1.738722               3.623303       0.105957       119.446000
75%    12.250000   4.000000           8.256921        301.609280            0.006345               2.734375              2.756591               5.490966       0.157695       159.801500
max    16.000000   5.000000           8.898032        542.469650            0.007915               3.320312              3.480829               6.801142       0.272000       272.000000
