Workflow Construction Summary Table
========================================================================================================================

 Comp  Groups Wall Time/Evt (s) CPU Time/Evt (s) Throughput (evt/s) Write Remote (MB/evt) Read Remote (MB/evt) Net Transfer (MB/evt) CPU Cores/Evt Memory/Evt (MB)
    1       1            8.0584         515.7345             0.0019                  0.45                 0.00                  0.45        0.2462          246.16
    2       2            7.8228         497.5169             0.0020                  0.45                 0.06                  0.51        0.2444          244.50
    3       2            7.4608         229.6059             0.0044                  1.23                 0.78                  2.01        0.1125          114.58
    4       2            7.5871         459.7046             0.0022                  0.45                 0.38                  0.83        0.2328          234.11
    5       2            7.4733         184.4090             0.0054                  2.54                 2.09                  4.63        0.0929          114.71
    6       3            7.5744         459.6538             0.0022                  0.45                 0.44                  0.89        0.2328          234.05
    7       3            7.3544         219.6519             0.0046                  1.23                 0.84                  2.08        0.1107          112.93
    8       3            7.3255         155.6838             0.0064                  3.32                 2.87                  6.19        0.0781           85.13
    9       3            7.4056         176.9334             0.0057                  2.54                 2.15                  4.69        0.0913          113.17
   10       3            7.3571         151.0996             0.0066                  2.54                 2.47                  5.00        0.0796          102.72
   11       3            7.2576         190.7323             0.0052                  1.23                 1.16                  2.39        0.0991          102.55
   12       4            7.3443         151.0488             0.0066                  2.54                 2.53                  5.07        0.0796          102.66
   13       4            7.2449         190.6815             0.0052                  1.23                 1.22                  2.45        0.0991          102.50
   14       4            7.2578         148.2082             0.0067                  3.32                 2.93                  6.25        0.0765           83.58
   15       4            7.2092         122.3744             0.0082                  3.32                 3.25                  6.57        0.0648           73.13
   16       5            7.1965         122.3236             0.0082                  3.32                 3.31                  6.63        0.0648           73.08

Summary Statistics:
------------------------------------------------------------------------------------------------------------------------
            Comp     Groups  Wall Time/Evt (s)  CPU Time/Evt (s)  Throughput (evt/s)  Write Remote (MB/evt)  Read Remote (MB/evt)  Net Transfer (MB/evt)  CPU Cores/Evt  Memory/Evt (MB)
count  16.000000  16.000000          16.000000         16.000000           16.000000              16.000000             16.000000              16.000000      16.000000        16.000000
mean    8.500000   3.000000           7.433103        248.460141            0.005095               1.884766              1.655273               3.540039       0.125312       133.722300
std     4.760952   1.032796           0.234397        143.573610            0.002096               1.152134              1.168838               2.312666       0.069263        64.671555
min     1.000000   1.000000           7.196529        122.323593            0.001939               0.449219              0.000000               0.449219       0.064791        73.075200
25%     4.750000   2.000000           7.257741        151.086892            0.003810               1.035156              0.695801               1.730957       0.079219        98.156300
50%     8.500000   3.000000           7.355712        187.545240            0.005334               1.884766              1.655273               3.540039       0.096011       107.823800
75%    12.250000   4.000000           7.498562        287.117851            0.006619               2.734375              2.614746               5.349121       0.142541       144.548500
max    16.000000   5.000000           8.058352        515.734540            0.008175               3.320312              3.310547               6.630859       0.246157       246.156800
