Workflow Construction Summary Table
========================================================================================================================

 Comp  Groups Wall Time/Evt (s) CPU Time/Evt (s) Throughput (evt/s) Write Remote (MB/evt) Read Remote (MB/evt) Net Transfer (MB/evt) CPU Cores/Evt Memory/Evt (MB)
    1       1            7.0169          56.1349             0.0178                  0.45                 0.00                  0.45        0.0019            1.92
    2       2            7.0085          55.8383             0.0179                  0.45                 0.06                  0.51        0.0019            1.91
    3       2            7.1350          44.0840             0.0227                  1.23                 0.78                  2.01        0.0015            1.26
    4       2            7.0248          54.4123             0.0184                  0.45                 0.38                  0.83        0.0019            1.86
    5       2            7.3958          50.1010             0.0200                  2.54                 2.09                  4.63        0.0016            1.75
    6       3            7.0304          53.6450             0.0186                  0.45                 0.44                  0.89        0.0018            1.86
    7       3            7.1346          44.0827             0.0227                  1.23                 0.84                  2.08        0.0015            1.25
    8       3            7.5419          45.7117             0.0219                  3.32                 2.87                  6.19        0.0015            1.22
    9       3            7.3979          50.1093             0.0200                  2.54                 2.15                  4.69        0.0016            1.74
   10       3            7.4259          50.2213             0.0199                  2.54                 2.47                  5.00        0.0016            1.69
   11       3            7.1596          44.1827             0.0226                  1.23                 1.16                  2.39        0.0015            1.20
   12       4            7.4314          49.4540             0.0202                  2.54                 2.53                  5.07        0.0016            1.69
   13       4            7.1651          43.4154             0.0230                  1.23                 1.22                  2.45        0.0015            1.20
   14       4            7.5439          45.7200             0.0219                  3.32                 2.93                  6.25        0.0015            1.21
   15       4            7.5720          45.8320             0.0218                  3.32                 3.25                  6.57        0.0015            1.16
   16       5            7.5775          45.0647             0.0222                  3.32                 3.31                  6.63        0.0015            1.16

Summary Statistics:
------------------------------------------------------------------------------------------------------------------------
            Comp     Groups  Wall Time/Evt (s)  CPU Time/Evt (s)  Throughput (evt/s)  Write Remote (MB/evt)  Read Remote (MB/evt)  Net Transfer (MB/evt)  CPU Cores/Evt  Memory/Evt (MB)
count  16.000000  16.000000          16.000000         16.000000           16.000000              16.000000             16.000000              16.000000      16.000000        16.000000
mean    8.500000   3.000000           7.285080         48.625583            0.020724               1.884766              1.655273               3.540039       0.001620         1.506500
std     4.760952   1.032796           0.219599          4.474154            0.001844               1.152134              1.168838               2.312666       0.000171         0.314461
min     1.000000   1.000000           7.008498         43.415358            0.017814               0.449219              0.000000               0.449219       0.001463         1.164200
25%     4.750000   2.000000           7.108558         44.844211            0.019594               1.035156              0.695801               1.730957       0.001487         1.210350
50%     8.500000   3.000000           7.280488         47.643034            0.021020               1.884766              1.655273               3.540039       0.001551         1.475300
75%    12.250000   4.000000           7.459047         51.077264            0.022301               2.734375              2.614746               5.349121       0.001690         1.776750
max    16.000000   5.000000           7.577474         56.134895            0.023033               3.320312              3.310547               6.630859       0.001918         1.918400
