Workflow Construction Summary Table
========================================================================================================================

 Comp  Groups Wall Time/Evt (s) CPU Time/Evt (s) Throughput (evt/s) Write Remote (MB/evt) Read Remote (MB/evt) Net Transfer (MB/evt) CPU Cores/Evt Memory/Evt (MB)
    1       2           39.3261         307.6965             0.0032                  0.89                 0.54                  1.43        0.0071            7.24
    2       2           39.3261         307.6965             0.0032                  0.89                 0.54                  1.43        0.0071            7.06
    3       3           39.3258         307.6952             0.0032                  0.89                 0.69                  1.58        0.0071            7.24
    4       3           39.3258         307.6952             0.0032                  0.89                 0.69                  1.58        0.0071            7.06
    5       3           39.2566         306.0025             0.0033                  0.89                 0.69                  1.58        0.0071            7.19
    6       3           39.2566         306.0025             0.0033                  0.89                 0.69                  1.58        0.0071            7.05
    7       3           39.2860         156.5120             0.0064                  1.50                 1.16                  2.66        0.0036            7.23
    8       3           39.2860         156.5120             0.0064                  1.50                 1.16                  2.66        0.0036            7.05
    9       3           39.2162         301.5952             0.0033                  0.89                 1.08                  1.97        0.0070            7.06
   10       3           39.1943         277.1440             0.0036                  2.06                 1.72                  3.78        0.0064            7.24
   11       3           39.1943         277.1440             0.0036                  2.06                 1.72                  3.78        0.0064            7.05
   12       4           39.2563         306.0012             0.0033                  0.89                 0.83                  1.72        0.0071            7.19
   13       4           39.2563         306.0012             0.0033                  0.89                 0.83                  1.72        0.0071            7.05
   14       4           39.2857         156.5106             0.0064                  1.50                 1.31                  2.81        0.0036            7.23
   15       4           39.2857         156.5106             0.0064                  1.50                 1.31                  2.81        0.0036            7.05
   16       4           39.2159         301.5939             0.0033                  0.89                 1.23                  2.12        0.0070            7.06
   17       4           39.2159         301.5939             0.0033                  0.89                 1.23                  2.12        0.0070            7.06
   18       4           39.2169         156.2714             0.0064                  1.50                 1.31                  2.81        0.0036            7.19
   19       4           39.2169         156.2714             0.0064                  1.50                 1.31                  2.81        0.0036            7.05
   20       4           39.1940         277.1427             0.0036                  2.06                 1.87                  3.93        0.0064            7.24
   21       4           39.1645         156.0457             0.0064                  2.68                 2.34                  5.01        0.0036            7.23
   22       4           39.1940         277.1427             0.0036                  2.06                 1.87                  3.93        0.0064            7.05
   23       4           39.1645         156.0457             0.0064                  2.68                 2.34                  5.01        0.0036            7.05
   24       4           39.1851         277.1075             0.0036                  2.06                 1.87                  3.93        0.0064            7.19
   25       4           39.1851         277.1075             0.0036                  2.06                 1.87                  3.93        0.0064            7.06
   26       4           39.1811         277.0913             0.0036                  2.06                 2.26                  4.32        0.0064            7.06
   27       4           39.1781         156.0997             0.0064                  1.50                 1.70                  3.20        0.0036            7.05
   28       5           39.2156         301.5926             0.0033                  0.89                 1.37                  2.26        0.0070            7.06
   29       5           39.2165         156.2701             0.0064                  1.50                 1.45                  2.96        0.0036            7.19
   30       5           39.2165         156.2701             0.0064                  1.50                 1.45                  2.96        0.0036            7.05
   31       5           39.1642         156.0444             0.0064                  2.68                 2.48                  5.16        0.0036            7.24
   32       5           39.1642         156.0444             0.0064                  2.68                 2.48                  5.16        0.0036            7.05
   33       5           39.1848         277.1062             0.0036                  2.06                 2.01                  4.07        0.0064            7.20
   34       5           39.1848         277.1062             0.0036                  2.06                 2.01                  4.07        0.0064            7.06
   35       5           39.1807         277.0900             0.0036                  2.06                 2.40                  4.46        0.0064            7.06
   36       5           39.1807         277.0900             0.0036                  2.06                 2.40                  4.46        0.0064            7.06
   37       5           39.1778         156.0984             0.0064                  1.50                 1.85                  3.35        0.0036            7.05
   38       5           39.1778         156.0984             0.0064                  1.50                 1.85                  3.35        0.0036            7.05
   39       5           39.1554         156.0092             0.0064                  2.68                 2.49                  5.16        0.0036            7.19
   40       5           39.1554         156.0092             0.0064                  2.68                 2.49                  5.16        0.0036            7.05
   41       5           39.1513         155.9930             0.0064                  2.68                 2.88                  5.55        0.0036            7.05
   42       6           39.1804         277.0887             0.0036                  2.06                 2.55                  4.61        0.0064            7.06
   43       6           39.1774         156.0971             0.0064                  1.50                 1.99                  3.50        0.0036            7.05
   44       6           39.1551         156.0079             0.0064                  2.68                 2.63                  5.31        0.0036            7.19
   45       6           39.1551         156.0079             0.0064                  2.68                 2.63                  5.31        0.0036            7.05
   46       6           39.1510         155.9917             0.0064                  2.68                 3.02                  5.70        0.0036            7.05
   47       6           39.1510         155.9917             0.0064                  2.68                 3.02                  5.70        0.0036            7.05
   48       7           39.1506         155.9904             0.0064                  2.68                 3.17                  5.85        0.0036            7.06

Summary Statistics:
------------------------------------------------------------------------------------------------------------------------
        Comp     Groups  Wall Time/Evt (s)  CPU Time/Evt (s)  Throughput (evt/s)  Write Remote (MB/evt)  Read Remote (MB/evt)  Net Transfer (MB/evt)  CPU Cores/Evt  Memory/Evt (MB)
count  48.00  48.000000          48.000000         48.000000           48.000000              48.000000             48.000000              48.000000      48.000000        48.000000
mean   24.50   4.333333          39.209090        223.629792            0.004924               1.782451              1.765776               3.548227       0.005186         7.106500
std    14.00   1.117241           0.052811         68.931057            0.001501               0.668887              0.727394               1.369700       0.001595         0.078366
min     1.00   2.000000          39.150636        155.990375            0.003250               0.888672              0.540679               1.429351       0.003622         7.045400
25%    12.75   4.000000          39.174218        156.084219            0.003535               1.350435              1.226382               2.563597       0.003624         7.050950
50%    24.50   4.000000          39.189570        216.800320            0.004999               1.782451              1.845243               3.637901       0.005029         7.056000
75%    36.25   5.000000          39.226713        283.256160            0.006407               2.214468              2.404163               4.712501       0.006575         7.191200
max    48.00   7.000000          39.326148        307.696502            0.006411               2.676230              3.170594               5.846825       0.007118         7.243200
