Workflow Construction Summary Table
========================================================================================================================

 Comp  Groups Wall Time/Evt (s) CPU Time/Evt (s) Throughput (evt/s) Write Remote (MB/evt) Read Remote (MB/evt) Net Transfer (MB/evt) CPU Cores/Evt Memory/Evt (MB)
    1       1            9.2743          65.2905             0.0153                  0.45                 0.00                  0.45        0.0050            5.05
    2       2            9.2401          65.0388             0.0154                  0.45                 0.08                  0.53        0.0051            5.05
    3       2            9.1874          64.7004             0.0155                  1.23                 0.91                  2.14        0.0050            5.05
    4       2            9.2067          64.7985             0.0154                  0.45                 0.44                  0.89        0.0051            5.05
    5       2            9.2218          64.9360             0.0154                  2.54                 2.43                  4.97        0.0050            5.05
    6       3            9.2026          64.7780             0.0154                  0.45                 0.51                  0.95        0.0051            5.06
    7       3            9.1748          64.5996             0.0155                  1.23                 0.98                  2.21        0.0051            5.05
    8       3            9.2200          64.9101             0.0154                  3.32                 3.32                  6.64        0.0051            5.06
    9       3            9.2184          64.8910             0.0154                  2.54                 2.51                  5.05        0.0051            5.06
   10       3            9.2040          64.8197             0.0154                  2.54                 2.86                  5.40        0.0050            5.05
   11       3            9.1591          64.4992             0.0155                  1.23                 1.34                  2.57        0.0051            5.05
   12       4            9.1921          64.7683             0.0154                  2.54                 2.93                  5.47        0.0050            5.05
   13       4            9.1577          64.4893             0.0155                  1.23                 1.41                  2.64        0.0051            5.06
   14       4            9.2035          64.8123             0.0154                  3.32                 3.39                  6.71        0.0051            5.06
   15       4            9.2030          64.7969             0.0154                  3.32                 3.76                  7.08        0.0051            5.06
   16       5            9.1957          64.7635             0.0154                  3.32                 3.83                  7.15        0.0051            5.07

Summary Statistics:
------------------------------------------------------------------------------------------------------------------------
            Comp     Groups  Wall Time/Evt (s)  CPU Time/Evt (s)  Throughput (evt/s)  Write Remote (MB/evt)  Read Remote (MB/evt)  Net Transfer (MB/evt)  CPU Cores/Evt  Memory/Evt (MB)
count  16.000000  16.000000          16.000000         16.000000           16.000000              16.000000             16.000000              16.000000      16.000000        16.000000
mean    8.500000   3.000000           9.203821         64.805760            0.015431               1.884766              1.917699               3.802465       0.005055         5.054700
std     4.760952   1.032796           0.028915          0.196042            0.000047               1.152134              1.353155               2.496506       0.000006         0.005993
min     1.000000   1.000000           9.157664         64.489262            0.015316               0.449219              0.000000               0.449219       0.005046         5.046400
25%     4.750000   2.000000           9.190934         64.747745            0.015409               1.035156              0.805917               1.841073       0.005050         5.049600
50%     8.500000   3.000000           9.203225         64.797697            0.015433               1.884766              1.920457               3.805223       0.005054         5.054400
75%    12.250000   4.000000           9.218828         64.895761            0.015445               2.734375              3.027177               5.761552       0.005060         5.059600
max    16.000000   5.000000           9.274312         65.290495            0.015506               3.320312              3.829128               7.149441       0.005066         5.065600
