Workflow Construction Summary Table
========================================================================================================================

 Comp  Groups Wall Time/Evt (s) CPU Time/Evt (s) Throughput (evt/s) Write Remote (MB/evt) Read Remote (MB/evt) Net Transfer (MB/evt) CPU Cores/Evt Memory/Evt (MB)
    1       2           52.5660        2852.4996             0.0004                  0.89                 0.62                  1.51        0.2214          222.11
    2       2           52.5660        2852.4996             0.0004                  0.89                 0.62                  1.51        0.2214          222.11
    3       3           52.5537        2850.6861             0.0004                  0.89                 0.79                  1.68        0.2212          221.79
    4       3           52.5537        2850.6861             0.0004                  0.89                 0.79                  1.68        0.2212          221.79
    5       3           52.3419        2817.7415             0.0004                  0.89                 0.79                  1.68        0.2196          220.37
    6       3           52.3419        2817.7415             0.0004                  0.89                 0.79                  1.68        0.2196          220.37
    7       3           52.5347        2844.6819             0.0004                  1.50                 1.33                  2.84        0.2210          221.73
    8       3           52.5347        2844.6819             0.0004                  1.50                 1.33                  2.84        0.2210          221.73
    9       3           52.1553        2734.3233             0.0004                  0.89                 1.25                  2.14        0.2139          215.30
   10       3           52.2552         855.2264             0.0012                  2.06                 1.99                  4.05        0.0659           88.78
   11       3           52.2552         855.2264             0.0012                  2.06                 1.99                  4.05        0.0659           88.78
   12       4           52.3447        2816.2899             0.0004                  0.89                 0.96                  1.85        0.2195          220.10
   13       4           52.3447        2816.2899             0.0004                  0.89                 0.96                  1.85        0.2195          220.10
   14       4           52.5183        2843.5061             0.0004                  1.50                 1.50                  3.00        0.2209          221.50
   15       4           52.5183        2843.5061             0.0004                  1.50                 1.50                  3.00        0.2209          221.50
   16       4           52.1808        2733.0957             0.0004                  0.89                 1.42                  2.31        0.2137          215.06
   17       4           52.1808        2733.0957             0.0004                  0.89                 1.42                  2.31        0.2137          215.06
   18       4           52.3453        2809.0344             0.0004                  1.50                 1.51                  3.02        0.2192          219.90
   19       4           52.3453        2809.0344             0.0004                  1.50                 1.51                  3.02        0.2192          219.90
   20       4           52.2666         854.4458             0.0012                  2.06                 2.16                  4.22        0.0659           88.62
   21       4           52.2178         710.9835             0.0014                  2.68                 2.70                  5.38        0.0545           88.37
   22       4           52.2666         854.4458             0.0012                  2.06                 2.16                  4.22        0.0659           88.62
   23       4           52.2178         710.9835             0.0014                  2.68                 2.70                  5.38        0.0545           88.37
   24       4           52.2091         830.8602             0.0012                  2.06                 2.15                  4.21        0.0643           87.15
   25       4           52.2091         830.8602             0.0012                  2.06                 2.15                  4.21        0.0643           87.15
   26       4           52.2810         758.9995             0.0013                  2.06                 2.61                  4.67        0.0588           82.41
   27       4           52.1927        2727.5454             0.0004                  1.50                 1.97                  3.47        0.2136          215.03
   28       5           52.1766        2731.4620             0.0004                  0.89                 1.59                  2.48        0.2136          214.76
   29       5           52.3568        2808.1852             0.0004                  1.50                 1.68                  3.19        0.2191          219.70
   30       5           52.3568        2808.1852             0.0004                  1.50                 1.68                  3.19        0.2191          219.70
   31       5           52.2635         710.4675             0.0014                  2.68                 2.88                  5.55        0.0544           88.20
   32       5           52.2635         710.4675             0.0014                  2.68                 2.88                  5.55        0.0544           88.20
   33       5           52.2557         829.7709             0.0012                  2.06                 2.33                  4.39        0.0642           86.93
   34       5           52.2557         829.7709             0.0012                  2.06                 2.33                  4.39        0.0642           86.93
   35       5           52.2646         757.3686             0.0013                  2.06                 2.78                  4.84        0.0587           82.13
   36       5           52.2646         757.3686             0.0013                  2.06                 2.78                  4.84        0.0587           82.13
   37       5           52.2012        2726.5000             0.0004                  1.50                 2.13                  3.64        0.2135          214.81
   38       5           52.2012        2726.5000             0.0004                  1.50                 2.13                  3.64        0.2135          214.81
   39       5           52.1895         686.4561             0.0015                  2.68                 2.87                  5.55        0.0528           86.69
   40       5           52.1895         686.4561             0.0015                  2.68                 2.87                  5.55        0.0528           86.69
   41       5           52.1734         614.6762             0.0016                  2.68                 3.32                  5.99        0.0473           81.89
   42       6           52.2907         755.8156             0.0013                  2.06                 2.95                  5.01        0.0585           81.82
   43       6           52.1859        2725.1015             0.0004                  1.50                 2.30                  3.81        0.2134          214.54
   44       6           52.1761         685.8478             0.0015                  2.68                 3.03                  5.71        0.0527           86.48
   45       6           52.1761         685.8478             0.0015                  2.68                 3.03                  5.71        0.0527           86.48
   46       6           52.1868         614.8946             0.0016                  2.68                 3.48                  6.16        0.0474           81.86
   47       6           52.1868         614.8946             0.0016                  2.68                 3.48                  6.16        0.0474           81.86
   48       7           52.2195         612.9441             0.0016                  2.68                 3.66                  6.34        0.0472           81.51

Summary Statistics:
------------------------------------------------------------------------------------------------------------------------
        Comp     Groups  Wall Time/Evt (s)  CPU Time/Evt (s)  Throughput (evt/s)  Write Remote (MB/evt)  Read Remote (MB/evt)  Net Transfer (MB/evt)  CPU Cores/Evt  Memory/Evt (MB)
count  48.00  48.000000          48.000000         48.000000           48.000000              48.000000             48.000000              48.000000      48.000000        48.000000
mean   24.50   4.333333          52.294402       1769.540651            0.000861               1.782451              2.038682               3.821133       0.137624       152.330842
std    14.00   1.117241           0.126329       1040.408404            0.000521               0.668887              0.840291               1.480753       0.081431        67.342986
min     1.00   2.000000          52.155286        612.944071            0.000351               0.888672              0.621365               1.510037       0.047177        81.513000
25%    12.75   4.000000          52.191893        744.607558            0.000356               1.350435              1.421977               2.748518       0.057477        86.873150
50%    24.50   4.000000          52.259585       1790.163966            0.000768               1.782451              2.134640               3.929073       0.139656       151.662900
75%    36.25   5.000000          52.344873       2810.848283            0.001344               2.214468              2.775646               5.100451       0.219248       219.949950
max    48.00   7.000000          52.566009       2852.499622            0.001631               2.676230              3.659030               6.335260       0.221393       222.109200
