Workflow Construction Summary Table
========================================================================================================================

 Comp  Groups Wall Time/Evt (s) CPU Time/Evt (s) Throughput (evt/s) Write Remote (MB/evt) Read Remote (MB/evt) Net Transfer (MB/evt) CPU Cores/Evt Memory/Evt (MB)
    1       1            8.4581          66.0495             0.0151                  0.45                 0.00                  0.45        0.0323           32.31
    2       2            8.2103          63.9002             0.0156                  0.45                 0.07                  0.51        0.0322           32.18
    3       2            7.9598          60.4085             0.0166                  0.45                 0.38                  0.83        0.0314           31.38
    4       2            7.8024          51.8879             0.0193                  2.54                 2.15                  4.69        0.0275           29.36
    5       2            7.8158          46.6059             0.0215                  1.23                 0.80                  2.03        0.0250           21.17
    6       3            7.9457          59.6059             0.0168                  0.45                 0.45                  0.90        0.0310           31.37
    7       3            7.7308          51.6083             0.0194                  2.54                 2.21                  4.75        0.0275           29.25
    8       3            7.7029          46.1652             0.0217                  1.23                 0.87                  2.10        0.0250           21.03
    9       3            7.6764          51.3928             0.0195                  2.54                 2.53                  5.07        0.0275           28.42
   10       3            7.5985          45.7573             0.0219                  1.23                 1.19                  2.42        0.0250           20.22
   11       3            7.6327          45.8930             0.0218                  3.32                 2.95                  6.27        0.0250           20.51
   12       4            7.6626          50.5939             0.0198                  2.54                 2.60                  5.14        0.0271           28.43
   13       4            7.5841          44.9599             0.0222                  1.23                 1.25                  2.48        0.0246           20.23
   14       4            7.5616          45.6158             0.0219                  3.32                 3.01                  6.33        0.0250           20.39
   15       4            7.5077          45.4053             0.0220                  3.32                 3.33                  6.65        0.0250           19.57
   16       5            7.4941          44.6105             0.0224                  3.32                 3.40                  6.72        0.0246           19.58

Summary Statistics:
------------------------------------------------------------------------------------------------------------------------
            Comp     Groups  Wall Time/Evt (s)  CPU Time/Evt (s)  Throughput (evt/s)  Write Remote (MB/evt)  Read Remote (MB/evt)  Net Transfer (MB/evt)  CPU Cores/Evt  Memory/Evt (MB)
count  16.000000  16.000000          16.000000         16.000000           16.000000              16.000000             16.000000              16.000000      16.000000        16.000000
mean    8.500000   3.000000           7.771449         51.278755            0.019835               1.884758              1.699379               3.584137       0.027226        25.337787
std     4.760952   1.032796           0.262655          7.255189            0.002527               1.152130              1.199837               2.343546       0.002899         5.300238
min     1.000000   1.000000           7.494076         44.610528            0.015140               0.449219              0.000000               0.449219       0.024579        19.566600
25%     4.750000   2.000000           7.594874         45.721944            0.018648               1.035119              0.714050               1.749206       0.024984        20.352900
50%     8.500000   3.000000           7.689624         48.599908            0.020611               1.884766              1.699414               3.584154       0.026055        24.793700
75%    12.250000   4.000000           7.848268         53.817402            0.021871               2.734357              2.685438               5.419795       0.028394        29.865600
max    16.000000   5.000000           8.458055         66.049457            0.022416               3.320312              3.398252               6.718565       0.032312        32.312000
