Workflow Construction Summary Table
========================================================================================================================

 Comp  Groups Wall Time/Evt (s) CPU Time/Evt (s) Throughput (evt/s) Write Remote (MB/evt) Read Remote (MB/evt) Net Transfer (MB/evt) CPU Cores/Evt Memory/Evt (MB)
    1       2           41.3141        2503.1777             0.0004                  0.89                 0.55                  1.44        0.1745          175.06
    2       2           41.3141        2503.1777             0.0004                  0.89                 0.55                  1.44        0.1745          175.06
    3       3           41.3246        2502.5196             0.0004                  0.89                 0.70                  1.59        0.1745          174.92
    4       3           41.3246        2502.5196             0.0004                  0.89                 0.70                  1.59        0.1745          174.92
    5       3           41.1540        2473.3669             0.0004                  0.89                 0.70                  1.59        0.1732          173.76
    6       3           41.1540        2473.3669             0.0004                  0.89                 0.70                  1.59        0.1732          173.76
    7       3           41.1857        2492.0021             0.0004                  1.50                 1.18                  2.68        0.1742          174.74
    8       3           41.1857        2492.0021             0.0004                  1.50                 1.18                  2.68        0.1742          174.74
    9       3           41.0087        2402.1481             0.0004                  0.89                 1.10                  1.99        0.1688          169.96
   10       3           40.9102         739.6329             0.0014                  2.06                 1.75                  3.81        0.0520           70.04
   11       3           40.9102         739.6329             0.0014                  2.06                 1.75                  3.81        0.0520           70.04
   12       4           41.1580        2472.7867             0.0004                  0.89                 0.85                  1.74        0.1732          173.64
   13       4           41.1580        2472.7867             0.0004                  0.89                 0.85                  1.74        0.1732          173.64
   14       4           41.1786        2491.0579             0.0004                  1.50                 1.33                  2.83        0.1741          174.57
   15       4           41.1786        2491.0579             0.0004                  1.50                 1.33                  2.83        0.1741          174.57
   16       4           40.9779        2401.0560             0.0004                  0.89                 1.25                  2.14        0.1687          169.74
   17       4           40.9779        2401.0560             0.0004                  0.89                 1.25                  2.14        0.1687          169.74
   18       4           41.0213        2462.3754             0.0004                  1.50                 1.33                  2.83        0.1729          173.48
   19       4           41.0213        2462.3754             0.0004                  1.50                 1.33                  2.83        0.1729          173.48
   20       4           40.8990         738.5278             0.0014                  2.06                 1.90                  3.96        0.0519           69.84
   21       4           40.7825         614.3753             0.0016                  2.68                 2.38                  5.06        0.0431           69.88
   22       4           40.8990         738.5278             0.0014                  2.06                 1.90                  3.96        0.0519           69.84
   23       4           40.7825         614.3753             0.0016                  2.68                 2.38                  5.06        0.0431           69.88
   24       4           40.8620         717.3185             0.0014                  2.06                 1.90                  3.96        0.0505           68.57
   25       4           40.8620         717.3185             0.0014                  2.06                 1.90                  3.96        0.0505           68.57
   26       4           40.8446         654.4613             0.0015                  2.06                 2.30                  4.36        0.0462           64.80
   27       4           40.8600        2390.2700             0.0004                  1.50                 1.73                  3.24        0.1684          169.51
   28       5           40.9892        2400.0643             0.0004                  0.89                 1.40                  2.29        0.1686          169.57
   29       5           41.0172        2461.4327             0.0004                  1.50                 1.48                  2.98        0.1728          173.31
   30       5           41.0172        2461.4327             0.0004                  1.50                 1.48                  2.98        0.1728          173.31
   31       5           40.7666         613.2184             0.0016                  2.68                 2.53                  5.21        0.0430           69.65
   32       5           40.7666         613.2184             0.0016                  2.68                 2.53                  5.21        0.0430           69.65
   33       5           40.8584         716.3060             0.0014                  2.06                 2.05                  4.11        0.0504           68.41
   34       5           40.8584         716.3060             0.0014                  2.06                 2.05                  4.11        0.0504           68.41
   35       5           40.8172         653.5590             0.0015                  2.06                 2.45                  4.51        0.0461           64.63
   36       5           40.8172         653.5590             0.0015                  2.06                 2.45                  4.51        0.0461           64.63
   37       5           40.8376        2389.5470             0.0004                  1.50                 1.88                  3.38        0.1683          169.36
   38       5           40.8376        2389.5470             0.0004                  1.50                 1.88                  3.38        0.1683          169.36
   39       5           40.7247         592.8796             0.0017                  2.68                 2.53                  5.20        0.0417           68.50
   40       5           40.7247         592.8796             0.0017                  2.68                 2.53                  5.20        0.0417           68.50
   41       5           40.7245         529.9068             0.0019                  2.68                 2.93                  5.61        0.0374           64.72
   42       6           40.8294         652.5550             0.0015                  2.06                 2.60                  4.66        0.0460           64.46
   43       6           40.8518        2388.6415             0.0004                  1.50                 2.03                  3.54        0.1683          169.20
   44       6           40.7206         591.7537             0.0017                  2.68                 2.68                  5.35        0.0416           68.31
   45       6           40.7206         591.7537             0.0017                  2.68                 2.68                  5.35        0.0416           68.31
   46       6           40.7058         528.7522             0.0019                  2.68                 3.08                  5.75        0.0373           64.51
   47       6           40.7058         528.7522             0.0019                  2.68                 3.08                  5.75        0.0373           64.51
   48       7           40.7084         527.8259             0.0019                  2.68                 3.23                  5.91        0.0372           64.35

Summary Statistics:
------------------------------------------------------------------------------------------------------------------------
        Comp     Groups  Wall Time/Evt (s)  CPU Time/Evt (s)  Throughput (evt/s)  Write Remote (MB/evt)  Read Remote (MB/evt)  Net Transfer (MB/evt)  CPU Cores/Evt  Memory/Evt (MB)
count  48.00  48.000000          48.000000         48.000000           48.000000              48.000000             48.000000              48.000000      48.000000        48.000000
mean   24.50   4.333333          40.942683       1547.024246            0.000994               1.782451              1.797452               3.579903       0.108519       120.133583
std    14.00   1.117241           0.187782        917.858138            0.000607               0.668887              0.740133               1.381995       0.064231        53.111911
min     1.00   2.000000          40.705844        527.825879            0.000399               0.888672              0.550792               1.439464       0.037231        64.345800
25%    12.75   4.000000          40.808494        643.010071            0.000406               1.350435              1.248515               2.585646       0.045298        68.477750
50%    24.50   4.000000          40.880525       1564.137249            0.000885               1.782451              1.878196               3.672681       0.110128       119.620900
75%    36.25   5.000000          41.054474       2464.978221            0.001556               2.214468              2.446919               4.760279       0.172967       173.519850
max    48.00   7.000000          41.324559       2503.177675            0.001895               2.676230              3.230042               5.906272       0.174486       175.057600
