Workflow Construction Summary Table
========================================================================================================================

 Comp  Groups Wall Time/Evt (s) CPU Time/Evt (s) Throughput (evt/s) Write Remote (MB/evt) Read Remote (MB/evt) Net Transfer (MB/evt) CPU Cores/Evt Memory/Evt (MB)
    1       1            6.9480          55.5839             0.0180                  0.45                 0.00                  0.45        0.0013            1.28
    2       2            6.9382          55.5055             0.0180                  0.45                 0.06                  0.51        0.0013            1.28
    3       2            6.9227          55.3817             0.0181                  1.23                 0.78                  2.01        0.0013            1.28
    4       2            6.9283          55.4265             0.0180                  0.45                 0.38                  0.83        0.0013            1.28
    5       2            6.9224          55.3796             0.0181                  2.54                 2.09                  4.63        0.0013            1.28
    6       3            6.9278          55.4221             0.0180                  0.45                 0.44                  0.89        0.0013            1.28
    7       3            6.9183          55.3464             0.0181                  1.23                 0.84                  2.08        0.0013            1.28
    8       3            6.9158          55.3263             0.0181                  3.32                 2.87                  6.19        0.0013            1.28
    9       3            6.9196          55.3568             0.0181                  2.54                 2.15                  4.69        0.0013            1.28
   10       3            6.9175          55.3399             0.0181                  2.54                 2.47                  5.00        0.0013            1.28
   11       3            6.9142          55.3133             0.0181                  1.23                 1.16                  2.39        0.0013            1.28
   12       4            6.9169          55.3355             0.0181                  2.54                 2.53                  5.07        0.0013            1.28
   13       4            6.9136          55.3088             0.0181                  1.23                 1.22                  2.45        0.0013            1.28
   14       4            6.9129          55.3035             0.0181                  3.32                 2.93                  6.25        0.0013            1.28
   15       4            6.9108          55.2867             0.0181                  3.32                 3.25                  6.57        0.0013            1.28
   16       5            6.9103          55.2822             0.0181                  3.32                 3.31                  6.63        0.0013            1.28

Summary Statistics:
------------------------------------------------------------------------------------------------------------------------
            Comp     Groups  Wall Time/Evt (s)  CPU Time/Evt (s)  Throughput (evt/s)  Write Remote (MB/evt)  Read Remote (MB/evt)  Net Transfer (MB/evt)  CPU Cores/Evt  Memory/Evt (MB)
count  16.000000  16.000000          16.000000         16.000000           16.000000              16.000000             16.000000              16.000000      16.000000        16.000000
mean    8.500000   3.000000           6.921083         55.368666            0.018061               1.884766              1.655273               3.540039       0.001280         1.280100
std     4.760952   1.032796           0.010257          0.082053            0.000027               1.152134              1.168838               2.312666       0.000001         0.001088
min     1.000000   1.000000           6.910275         55.282201            0.017991               0.449219              0.000000               0.449219       0.001278         1.278400
25%     4.750000   2.000000           6.914019         55.312155            0.018053               1.035156              0.695801               1.730957       0.001280         1.280000
50%     8.500000   3.000000           6.917898         55.343184            0.018069               1.884766              1.655273               3.540039       0.001280         1.280000
75%    12.250000   4.000000           6.923975         55.391801            0.018079               2.734375              2.614746               5.349121       0.001280         1.280400
max    16.000000   5.000000           6.947985         55.583879            0.018089               3.320312              3.310547               6.630859       0.001282         1.281600
