Workflow Construction Summary Table
========================================================================================================================

 Comp  Groups Wall Time/Evt (s) CPU Time/Evt (s) Throughput (evt/s) Write Remote (MB/evt) Read Remote (MB/evt) Net Transfer (MB/evt) CPU Cores/Evt Memory/Evt (MB)
    1       2           43.3868         165.1281             0.0061                  0.89                 0.57                  1.46        0.0059           11.90
    2       2           43.3868         165.1281             0.0061                  0.89                 0.57                  1.46        0.0059           11.90
    3       3           43.4064         165.1911             0.0061                  0.89                 0.72                  1.61        0.0060           11.91
    4       3           43.4064         165.1911             0.0061                  0.89                 0.72                  1.61        0.0060           11.91
    5       3           43.3182         164.8610             0.0061                  0.89                 0.72                  1.61        0.0060           11.91
    6       3           43.3182         164.8610             0.0061                  0.89                 0.72                  1.61        0.0060           11.91
    7       3           43.4210         165.2865             0.0061                  1.50                 1.21                  2.72        0.0059           11.89
    8       3           43.4210         165.2865             0.0061                  1.50                 1.21                  2.72        0.0059           11.89
    9       3           43.2837         164.7125             0.0061                  0.89                 1.13                  2.02        0.0059           11.90
   10       3           43.3716         165.1300             0.0061                  2.06                 1.80                  3.87        0.0059           11.90
   11       3           43.3716         165.1300             0.0061                  2.06                 1.80                  3.87        0.0059           11.90
   12       4           43.3238         164.8960             0.0061                  0.89                 0.88                  1.76        0.0060           11.91
   13       4           43.3238         164.8960             0.0061                  0.89                 0.88                  1.76        0.0060           11.91
   14       4           43.4289         165.3262             0.0060                  1.50                 1.36                  2.87        0.0059           11.90
   15       4           43.4289         165.3262             0.0060                  1.50                 1.36                  2.87        0.0059           11.90
   16       4           43.2864         164.7416             0.0061                  0.89                 1.29                  2.18        0.0060           11.90
   17       4           43.2864         164.7416             0.0061                  0.89                 1.29                  2.18        0.0060           11.90
   18       4           43.3254         164.9668             0.0061                  1.50                 1.37                  2.87        0.0059           11.89
   19       4           43.3254         164.9668             0.0061                  1.50                 1.37                  2.87        0.0059           11.89
   20       4           43.3865         165.1837             0.0061                  2.06                 1.96                  4.02        0.0060           11.90
   21       4           43.4585         165.4248             0.0060                  2.68                 2.45                  5.12        0.0059           11.90
   22       4           43.3865         165.1837             0.0061                  2.06                 1.96                  4.02        0.0060           11.90
   23       4           43.4585         165.4248             0.0060                  2.68                 2.45                  5.12        0.0059           11.90
   24       4           43.3808         165.1462             0.0061                  2.06                 1.96                  4.02        0.0060           11.90
   25       4           43.3808         165.1462             0.0061                  2.06                 1.96                  4.02        0.0060           11.90
   26       4           43.3878         165.2145             0.0061                  2.06                 2.37                  4.43        0.0059           11.90
   27       4           43.3097         164.8602             0.0061                  1.50                 1.78                  3.28        0.0059           11.89
   28       5           43.3106         164.8141             0.0061                  0.89                 1.44                  2.33        0.0060           11.91
   29       5           43.3331         165.0060             0.0061                  1.50                 1.52                  3.02        0.0059           11.90
   30       5           43.3331         165.0060             0.0061                  1.50                 1.52                  3.02        0.0059           11.90
   31       5           43.4824         165.4964             0.0060                  2.68                 2.61                  5.28        0.0059           11.90
   32       5           43.4824         165.4964             0.0060                  2.68                 2.61                  5.28        0.0059           11.90
   33       5           43.3852         165.1788             0.0061                  2.06                 2.11                  4.17        0.0060           11.91
   34       5           43.3852         165.1788             0.0061                  2.06                 2.11                  4.17        0.0060           11.91
   35       5           43.3611         165.1850             0.0061                  2.06                 2.51                  4.57        0.0059           11.89
   36       5           43.3611         165.1850             0.0061                  2.06                 2.51                  4.57        0.0059           11.89
   37       5           43.2914         164.8474             0.0061                  1.50                 1.93                  3.44        0.0059           11.88
   38       5           43.2914         164.8474             0.0061                  1.50                 1.93                  3.44        0.0059           11.88
   39       5           43.4461         165.3977             0.0060                  2.68                 2.60                  5.28        0.0060           11.90
   40       5           43.4461         165.3977             0.0060                  2.68                 2.60                  5.28        0.0060           11.90
   41       5           43.5017         165.5632             0.0060                  2.68                 3.02                  5.70        0.0060           11.90
   42       6           43.3858         165.2582             0.0061                  2.06                 2.67                  4.73        0.0059           11.90
   43       6           43.3443         164.9774             0.0061                  1.50                 2.09                  3.60        0.0060           11.91
   44       6           43.4505         165.4303             0.0060                  2.68                 2.76                  5.43        0.0060           11.90
   45       6           43.4505         165.4303             0.0060                  2.68                 2.76                  5.43        0.0060           11.90
   46       6           43.4613         165.5061             0.0060                  2.68                 3.16                  5.84        0.0059           11.89
   47       6           43.4613         165.5061             0.0060                  2.68                 3.16                  5.84        0.0059           11.89
   48       7           43.5202         165.6480             0.0060                  2.68                 3.33                  6.00        0.0060           11.91

Summary Statistics:
------------------------------------------------------------------------------------------------------------------------
        Comp     Groups  Wall Time/Evt (s)  CPU Time/Evt (s)  Throughput (evt/s)  Write Remote (MB/evt)  Read Remote (MB/evt)  Net Transfer (MB/evt)  CPU Cores/Evt  Memory/Evt (MB)
count  48.00  48.000000          48.000000         48.000000           48.000000              48.000000             48.000000              48.000000      48.000000        48.000000
mean   24.50   4.333333          43.384466        165.160570            0.006055               1.782451              1.850273               3.632724       0.005950        11.899333
std    14.00   1.117241           0.063127          0.244244            0.000009               0.668887              0.761871               1.403520       0.000003         0.006898
min     1.00   2.000000          43.283739        164.712520            0.006037               0.888672              0.568046               1.456718       0.005942        11.883200
25%    12.75   4.000000          43.325400        164.966799            0.006048               1.350435              1.287766               2.619359       0.005948        11.896000
50%    24.50   4.000000          43.385535        165.181236            0.006054               1.782451              1.934122               3.730800       0.005950        11.899200
75%    36.25   5.000000          43.433222        165.344078            0.006062               2.214468              2.513423               4.829880       0.005952        11.904000
max    48.00   7.000000          43.520232        165.647963            0.006071               2.676230              3.328720               6.004950       0.005957        11.913600
