Workflow Construction Summary Table
========================================================================================================================

 Comp  Groups Wall Time/Evt (s) CPU Time/Evt (s) Throughput (evt/s) Write Remote (MB/evt) Read Remote (MB/evt) Net Transfer (MB/evt) CPU Cores/Evt Memory/Evt (MB)
    1       1            9.6122         529.1717             0.0019                  0.45                 0.00                  0.45        0.0071            7.10
    2       2            9.6059         523.0370             0.0019                  0.44                 0.06                  0.51        0.0071            7.14
    3       2            9.5996         499.0275             0.0020                  0.44                 0.42                  0.86        0.0068            6.87
    4       2            9.5018         228.4709             0.0044                  1.23                 0.88                  2.11        0.0031            3.14
    5       2            9.6358         196.5967             0.0051                  2.54                 2.42                  4.96        0.0028            3.47
    6       3            9.5992         501.6237             0.0020                  0.44                 0.44                  0.88        0.0069            6.94
    7       3            9.5994         225.7909             0.0044                  1.23                 0.95                  2.18        0.0031            3.18
    8       3            9.6851         195.1132             0.0051                  2.54                 2.52                  5.06        0.0028            3.44
    9       3            9.5304         205.3360             0.0049                  1.23                 1.31                  2.54        0.0028            2.89
   10       3            9.4437         165.1026             0.0061                  2.50                 2.76                  5.26        0.0023            2.97
   11       3            9.4352         162.5053             0.0062                  3.32                 3.25                  6.58        0.0022            2.45
   12       4            9.6056         210.2704             0.0048                  1.23                 1.36                  2.59        0.0029            3.06
   13       4            9.5322         167.9048             0.0060                  2.54                 2.88                  5.42        0.0024            3.05
   14       4            9.5291         154.4814             0.0065                  3.32                 3.33                  6.65        0.0022            2.41
   15       4            9.4412         133.3578             0.0075                  3.32                 3.67                  6.99        0.0019            2.18
   16       5            9.3525         130.4050             0.0077                  3.32                 3.69                  7.01        0.0018            2.04

Summary Statistics:
------------------------------------------------------------------------------------------------------------------------
            Comp     Groups  Wall Time/Evt (s)  CPU Time/Evt (s)  Throughput (evt/s)  Write Remote (MB/evt)  Read Remote (MB/evt)  Net Transfer (MB/evt)  CPU Cores/Evt  Memory/Evt (MB)
count  16.000000  16.000000          16.000000         16.000000           16.000000              16.000000             16.000000              16.000000      16.000000        16.000000
mean    8.500000   3.000000           9.544308        264.262174            0.004766               1.881492              1.871362               3.752854       0.003634         3.895500
std     4.760952   1.032796           0.089914        151.367696            0.001933               1.152066              1.328030               2.472519       0.002035         1.904151
min     1.000000   1.000000           9.352549        130.404968            0.001890               0.443676              0.000000               0.449219       0.001784         2.044000
25%     4.750000   2.000000           9.487250        164.453286            0.003784               1.035156              0.768529               1.802435       0.002269         2.776500
50%     8.500000   3.000000           9.565717        200.966353            0.004978               1.866342              1.892644               3.777410       0.002802         3.100000
75%    12.250000   4.000000           9.605699        296.110009            0.006081               2.734375              2.971624               5.705999       0.004025         4.322500
max    16.000000   5.000000           9.685106        529.171670            0.007668               3.320312              3.690642               7.010954       0.007120         7.136000
