Workflow Construction Summary Table
========================================================================================================================

 Comp  Groups Wall Time/Evt (s) CPU Time/Evt (s) Throughput (evt/s) Write Remote (MB/evt) Read Remote (MB/evt) Net Transfer (MB/evt) CPU Cores/Evt Memory/Evt (MB)
    1       2           40.2384        2495.5327             0.0004                  0.89                 0.54                  1.43        0.3341          335.14
    2       2           40.2384        2495.5327             0.0004                  0.89                 0.54                  1.43        0.3341          335.14
    3       3           40.2291        2494.5825             0.0004                  0.89                 0.68                  1.57        0.3339          334.81
    4       3           40.2291        2494.5825             0.0004                  0.89                 0.68                  1.57        0.3339          334.81
    5       3           39.9171        2455.7947             0.0004                  0.89                 0.68                  1.57        0.3307          331.80
    6       3           39.9171        2455.7947             0.0004                  0.89                 0.68                  1.57        0.3307          331.80
    7       3           39.9321        2473.3237             0.0004                  1.50                 1.15                  2.66        0.3324          333.43
    8       3           39.9321        2473.3237             0.0004                  1.50                 1.15                  2.66        0.3324          333.43
    9       3           39.6075        2375.4245             0.0004                  0.89                 1.07                  1.96        0.3231          325.22
   10       3           39.3840         729.8356             0.0014                  2.06                 1.71                  3.77        0.0991          133.66
   11       3           39.3840         729.8356             0.0014                  2.06                 1.71                  3.77        0.0991          133.66
   12       4           39.9077        2454.8445             0.0004                  0.89                 0.83                  1.72        0.3305          331.46
   13       4           39.9077        2454.8445             0.0004                  0.89                 0.83                  1.72        0.3305          331.46
   14       4           39.9228        2472.3735             0.0004                  1.50                 1.30                  2.80        0.3323          333.10
   15       4           39.9228        2472.3735             0.0004                  1.50                 1.30                  2.80        0.3323          333.10
   16       4           39.5981        2374.4742             0.0004                  0.89                 1.22                  2.11        0.3229          324.89
   17       4           39.5981        2374.4742             0.0004                  0.89                 1.22                  2.11        0.3229          324.89
   18       4           39.6204        2434.2062             0.0004                  1.50                 1.30                  2.80        0.3307          331.81
   19       4           39.6204        2434.2062             0.0004                  1.50                 1.30                  2.80        0.3307          331.81
   20       4           39.3747         728.8854             0.0014                  2.06                 1.86                  3.92        0.0990          133.33
   21       4           39.1446         606.8485             0.0016                  2.68                 2.32                  5.00        0.0823          133.40
   22       4           39.3747         728.8854             0.0014                  2.06                 1.86                  3.92        0.0990          133.33
   23       4           39.1446         606.8485             0.0016                  2.68                 2.32                  5.00        0.0823          133.40
   24       4           39.3222         706.7087             0.0014                  2.06                 1.86                  3.92        0.0965          131.10
   25       4           39.3222         706.7087             0.0014                  2.06                 1.86                  3.92        0.0965          131.10
   26       4           39.2785         643.3550             0.0016                  2.06                 2.25                  4.31        0.0883          123.90
   27       4           39.3156        2354.1401             0.0004                  1.50                 1.69                  3.19        0.3215          323.63
   28       5           39.5888        2373.5240             0.0004                  0.89                 1.37                  2.26        0.3228          324.56
   29       5           39.6111        2433.2560             0.0004                  1.50                 1.45                  2.95        0.3306          331.48
   30       5           39.6111        2433.2560             0.0004                  1.50                 1.45                  2.95        0.3306          331.48
   31       5           39.1352         605.8983             0.0017                  2.68                 2.47                  5.15        0.0822          133.07
   32       5           39.1352         605.8983             0.0017                  2.68                 2.47                  5.15        0.0822          133.07
   33       5           39.3128         705.7584             0.0014                  2.06                 2.00                  4.06        0.0964          130.76
   34       5           39.3128         705.7584             0.0014                  2.06                 2.00                  4.06        0.0964          130.76
   35       5           39.2692         642.4048             0.0016                  2.06                 2.39                  4.45        0.0881          123.56
   36       5           39.2692         642.4048             0.0016                  2.06                 2.39                  4.45        0.0881          123.56
   37       5           39.3063        2353.1899             0.0004                  1.50                 1.84                  3.34        0.3214          323.30
   38       5           39.3063        2353.1899             0.0004                  1.50                 1.84                  3.34        0.3214          323.30
   39       5           39.0827         583.7216             0.0017                  2.68                 2.47                  5.15        0.0797          130.83
   40       5           39.0827         583.7216             0.0017                  2.68                 2.47                  5.15        0.0797          130.83
   41       5           39.0391         520.3679             0.0019                  2.68                 2.86                  5.54        0.0715          123.64
   42       6           39.2598         641.4545             0.0016                  2.06                 2.54                  4.60        0.0880          123.23
   43       6           39.2969        2352.2397             0.0004                  1.50                 1.98                  3.49        0.3212          322.96
   44       6           39.0734         582.7713             0.0017                  2.68                 2.62                  5.29        0.0796          130.50
   45       6           39.0734         582.7713             0.0017                  2.68                 2.62                  5.29        0.0796          130.50
   46       6           39.0297         519.4177             0.0019                  2.68                 3.01                  5.68        0.0714          123.30
   47       6           39.0297         519.4177             0.0019                  2.68                 3.01                  5.68        0.0714          123.30
   48       7           39.0204         518.4674             0.0019                  2.68                 3.15                  5.83        0.0712          122.97

Summary Statistics:
------------------------------------------------------------------------------------------------------------------------
        Comp     Groups  Wall Time/Evt (s)  CPU Time/Evt (s)  Throughput (evt/s)  Write Remote (MB/evt)  Read Remote (MB/evt)  Net Transfer (MB/evt)  CPU Cores/Evt  Memory/Evt (MB)
count  48.00  48.000000          48.000000         48.000000           48.000000              48.000000             48.000000              48.000000      48.000000        48.000000
mean   24.50   4.333333          39.483951       1530.971447            0.001009               1.782451              1.756410               3.538861       0.207400       229.575467
std    14.00   1.117241           0.366586        911.494532            0.000618               0.668887              0.723768               1.366042       0.122766       101.530174
min     1.00   2.000000          39.020354        518.467422            0.000401               0.888672              0.537109               1.425781       0.071245       122.970400
25%    12.75   4.000000          39.230995        632.803024            0.000410               1.350435              1.220703               2.556826       0.086591       130.816700
50%    24.50   4.000000          39.348424       1541.037644            0.000898               1.782451              1.836387               3.628379       0.210173       228.313000
75%    36.25   5.000000          39.692236       2439.365800            0.001581               2.214468              2.392578               4.699932       0.330612       331.560100
max    48.00   7.000000          40.238450       2495.532734            0.001929               2.676230              3.154746               5.830977       0.334060       335.143600
