Workflow Construction Summary Table
========================================================================================================================

 Comp  Groups Wall Time/Evt (s) CPU Time/Evt (s) Throughput (evt/s) Write Remote (MB/evt) Read Remote (MB/evt) Net Transfer (MB/evt) CPU Cores/Evt Memory/Evt (MB)
    1       1            7.0629          56.2231             0.0178                  0.45                 0.00                  0.45        0.0013            1.29
    2       2            7.0594          56.1951             0.0178                  0.45                 0.06                  0.51        0.0013            1.29
    3       2            7.0902          56.4038             0.0177                  0.45                 0.38                  0.83        0.0013            1.29
    4       2            7.4684          59.4133             0.0168                  2.54                 2.10                  4.64        0.0013            1.30
    5       2            7.2040          57.3109             0.0174                  1.23                 0.79                  2.02        0.0013            1.29
    6       3            7.0963          56.4514             0.0177                  0.45                 0.44                  0.89        0.0013            1.30
    7       3            7.4719          59.4414             0.0168                  2.54                 2.17                  4.71        0.0013            1.30
    8       3            7.2059          57.3262             0.0174                  1.23                 0.85                  2.08        0.0013            1.30
    9       3            7.4916          59.6365             0.0168                  2.54                 2.48                  5.02        0.0013            1.29
   10       3            7.2330          57.5428             0.0174                  1.23                 1.16                  2.39        0.0013            1.30
   11       3            7.6199          60.6168             0.0165                  3.32                 2.89                  6.21        0.0013            1.30
   12       4            7.4974          59.6828             0.0168                  2.54                 2.54                  5.08        0.0013            1.30
   13       4            7.2388          57.5890             0.0174                  1.23                 1.23                  2.46        0.0013            1.30
   14       4            7.6234          60.6448             0.0165                  3.32                 2.95                  6.27        0.0013            1.30
   15       4            7.6529          60.8791             0.0164                  3.32                 3.26                  6.58        0.0013            1.30
   16       5            7.6586          60.9255             0.0164                  3.32                 3.33                  6.65        0.0013            1.30

Summary Statistics:
------------------------------------------------------------------------------------------------------------------------
            Comp     Groups  Wall Time/Evt (s)  CPU Time/Evt (s)  Throughput (evt/s)  Write Remote (MB/evt)  Read Remote (MB/evt)  Net Transfer (MB/evt)  CPU Cores/Evt  Memory/Evt (MB)
count  16.000000  16.000000          16.000000         16.000000           16.000000              16.000000             16.000000              16.000000      16.000000        16.000000
mean    8.500000   3.000000           7.354660         58.517664            0.017104               1.884766              1.664257               3.549022       0.001296         1.295900
std     4.760952   1.032796           0.226832          1.801033            0.000526               1.152134              1.174691               2.318524       0.000002         0.002063
min     1.000000   1.000000           7.059359         56.195105            0.016413               0.449219              0.000000               0.449219       0.001291         1.291200
25%     4.750000   2.000000           7.177072         57.096049            0.016691               1.035156              0.700438               1.735594       0.001294         1.294400
50%     8.500000   3.000000           7.353594         58.501169            0.017098               1.884766              1.664544               3.549310       0.001296         1.296000
75%    12.250000   4.000000           7.528040         59.916331            0.017515               2.734375              2.627001               5.361376       0.001298         1.297600
max    16.000000   5.000000           7.658649         60.925485            0.017795               3.320312              3.327968               6.648281       0.001299         1.299200
