Workflow Construction Summary Table
========================================================================================================================

 Comp  Groups Wall Time/Evt (s) CPU Time/Evt (s) Throughput (evt/s) Write Remote (MB/evt) Read Remote (MB/evt) Net Transfer (MB/evt) CPU Cores/Evt Memory/Evt (MB)
    1       1            8.9442          68.0085             0.0147                  0.45                 0.00                  0.45        0.0342           34.15
    2       2            8.6828          66.0208             0.0151                  0.45                 0.07                  0.52        0.0341           34.14
    3       2            8.4210          64.0295             0.0156                  0.45                 0.39                  0.84        0.0341           34.15
    4       2            8.2947          63.0642             0.0159                  2.54                 2.21                  4.75        0.0341           34.06
    5       2            8.2814          62.9629             0.0159                  1.23                 0.82                  2.06        0.0341           34.08
    6       3            8.4070          63.9243             0.0156                  0.45                 0.46                  0.91        0.0342           34.15
    7       3            8.2188          62.4887             0.0160                  2.54                 2.27                  4.81        0.0341           34.07
    8       3            8.1628          62.0626             0.0161                  1.23                 0.89                  2.12        0.0341           34.08
    9       3            8.1664          62.0941             0.0161                  2.54                 2.61                  5.15        0.0341           34.07
   10       3            8.0568          61.2565             0.0163                  1.23                 1.22                  2.45        0.0341           34.09
   11       3            8.1332          61.8351             0.0162                  3.32                 3.03                  6.35        0.0341           34.08
   12       4            8.1518          61.9818             0.0161                  2.54                 2.68                  5.22        0.0341           34.07
   13       4            8.0430          61.1521             0.0164                  1.23                 1.29                  2.52        0.0341           34.10
   14       4            8.0568          61.2557             0.0163                  3.32                 3.10                  6.42        0.0341           34.08
   15       4            8.0029          60.8473             0.0164                  3.32                 3.43                  6.75        0.0341           34.08
   16       5            7.9889          60.7408             0.0165                  3.32                 3.50                  6.82        0.0341           34.09

Summary Statistics:
------------------------------------------------------------------------------------------------------------------------
            Comp     Groups  Wall Time/Evt (s)  CPU Time/Evt (s)  Throughput (evt/s)  Write Remote (MB/evt)  Read Remote (MB/evt)  Net Transfer (MB/evt)  CPU Cores/Evt  Memory/Evt (MB)
count  16.000000  16.000000          16.000000         16.000000           16.000000              16.000000             16.000000              16.000000      16.000000        16.000000
mean    8.500000   3.000000           8.250786         62.732803            0.015955               1.884621              1.749887               3.634508       0.034097        34.097300
std     4.760952   1.032796           0.259695          1.976150            0.000483               1.152085              1.236311               2.379807       0.000032         0.031787
min     1.000000   1.000000           7.988941         60.740823            0.014704               0.449177              0.000000               0.449195       0.034062        34.062400
25%     4.750000   2.000000           8.056801         61.256288            0.015804               1.034962              0.734270               1.769232       0.034076        34.076000
50%     8.500000   3.000000           8.164594         62.078312            0.016109               1.884450              1.748941               3.633432       0.034085        34.084800
75%    12.250000   4.000000           8.322768         63.279249            0.016325               2.734338              2.768313               5.502524       0.034109        34.109200
max    16.000000   5.000000           8.944189         68.008489            0.016463               3.320312              3.498953               6.819191       0.034152        34.152000
