Workflow Construction Summary Table
========================================================================================================================

 Comp  Groups Wall Time/Evt (s) CPU Time/Evt (s) Throughput (evt/s) Write Remote (MB/evt) Read Remote (MB/evt) Net Transfer (MB/evt) CPU Cores/Evt Memory/Evt (MB)
    1       2           39.1846         155.9408             0.0064                  0.89                 0.54                  1.43        0.0018            3.62
    2       2           39.1846         155.9408             0.0064                  0.89                 0.54                  1.43        0.0018            3.62
    3       3           39.1852         155.9431             0.0064                  0.89                 0.69                  1.58        0.0018            3.62
    4       3           39.1852         155.9431             0.0064                  0.89                 0.69                  1.58        0.0018            3.62
    5       3           39.1594         155.8403             0.0064                  0.89                 0.69                  1.58        0.0018            3.62
    6       3           39.1594         155.8403             0.0064                  0.89                 0.69                  1.58        0.0018            3.62
    7       3           39.1708         155.8856             0.0064                  1.50                 1.16                  2.66        0.0018            3.62
    8       3           39.1708         155.8856             0.0064                  1.50                 1.16                  2.66        0.0018            3.62
    9       3           39.1022         155.6811             0.0064                  0.89                 1.08                  1.97        0.0018            3.61
   10       3           39.1176         155.7082             0.0064                  2.06                 1.72                  3.78        0.0018            3.62
   11       3           39.1176         155.7082             0.0064                  2.06                 1.72                  3.78        0.0018            3.62
   12       4           39.1599         155.8425             0.0064                  0.89                 0.83                  1.72        0.0018            3.63
   13       4           39.1599         155.8425             0.0064                  0.89                 0.83                  1.72        0.0018            3.63
   14       4           39.1713         155.8879             0.0064                  1.50                 1.31                  2.81        0.0018            3.62
   15       4           39.1713         155.8879             0.0064                  1.50                 1.31                  2.81        0.0018            3.62
   16       4           39.1028         155.6834             0.0064                  0.89                 1.23                  2.12        0.0018            3.62
   17       4           39.1028         155.6834             0.0064                  0.89                 1.23                  2.12        0.0018            3.62
   18       4           39.1457         155.7860             0.0064                  1.50                 1.31                  2.81        0.0018            3.62
   19       4           39.1457         155.7860             0.0064                  1.50                 1.31                  2.81        0.0018            3.62
   20       4           39.1182         155.7105             0.0064                  2.06                 1.87                  3.93        0.0018            3.62
   21       4           39.1090         155.6738             0.0064                  2.68                 2.34                  5.01        0.0018            3.62
   22       4           39.1182         155.7105             0.0064                  2.06                 1.87                  3.93        0.0018            3.62
   23       4           39.1090         155.6738             0.0064                  2.68                 2.34                  5.01        0.0018            3.62
   24       4           39.1138         155.6929             0.0064                  2.06                 1.87                  3.93        0.0018            3.62
   25       4           39.1138         155.6929             0.0064                  2.06                 1.87                  3.93        0.0018            3.62
   26       4           39.0964         155.6581             0.0064                  2.06                 2.26                  4.32        0.0018            3.62
   27       4           39.0893         155.6299             0.0064                  1.50                 1.70                  3.20        0.0018            3.62
   28       5           39.1207         155.7205             0.0064                  0.89                 1.38                  2.27        0.0018            3.62
   29       5           39.1463         155.7883             0.0064                  1.50                 1.45                  2.96        0.0018            3.63
   30       5           39.1463         155.7883             0.0064                  1.50                 1.45                  2.96        0.0018            3.63
   31       5           39.1096         155.6761             0.0064                  2.68                 2.49                  5.16        0.0018            3.62
   32       5           39.1096         155.6761             0.0064                  2.68                 2.49                  5.16        0.0018            3.62
   33       5           39.1144         155.6952             0.0064                  2.06                 2.01                  4.07        0.0018            3.62
   34       5           39.1144         155.6952             0.0064                  2.06                 2.01                  4.07        0.0018            3.62
   35       5           39.0970         155.6604             0.0064                  2.06                 2.41                  4.47        0.0018            3.62
   36       5           39.0970         155.6604             0.0064                  2.06                 2.41                  4.47        0.0018            3.62
   37       5           39.0899         155.6322             0.0064                  1.50                 1.85                  3.35        0.0018            3.62
   38       5           39.0899         155.6322             0.0064                  1.50                 1.85                  3.35        0.0018            3.62
   39       5           39.1051         155.6585             0.0064                  2.68                 2.48                  5.16        0.0018            3.62
   40       5           39.1051         155.6585             0.0064                  2.68                 2.48                  5.16        0.0018            3.62
   41       5           39.0878         155.6237             0.0064                  2.68                 2.88                  5.55        0.0018            3.62
   42       6           39.1150         155.6975             0.0064                  2.06                 2.56                  4.62        0.0018            3.62
   43       6           39.1079         155.6693             0.0064                  1.50                 2.00                  3.50        0.0018            3.62
   44       6           39.1057         155.6608             0.0064                  2.68                 2.63                  5.31        0.0018            3.62
   45       6           39.1057         155.6608             0.0064                  2.68                 2.63                  5.31        0.0018            3.62
   46       6           39.0883         155.6260             0.0064                  2.68                 3.02                  5.70        0.0018            3.62
   47       6           39.0883         155.6260             0.0064                  2.68                 3.02                  5.70        0.0018            3.62
   48       7           39.1063         155.6631             0.0064                  2.68                 3.18                  5.85        0.0018            3.63

Summary Statistics:
------------------------------------------------------------------------------------------------------------------------
        Comp     Groups  Wall Time/Evt (s)  CPU Time/Evt (s)  Throughput (evt/s)  Write Remote (MB/evt)  Read Remote (MB/evt)  Net Transfer (MB/evt)  CPU Cores/Evt  Memory/Evt (MB)
count  48.00  48.000000          48.000000         48.000000           48.000000              48.000000             48.000000              48.000000      48.000000        48.000000
mean   24.50   4.333333          39.125304        155.736012            0.006421               1.782451              1.766908               3.549359       0.001810         3.619867
std    14.00   1.117241           0.030968          0.100085            0.000004               0.668887              0.727852               1.369926       0.000002         0.003331
min     1.00   2.000000          39.087754        155.623700            0.006413               0.888672              0.540679               1.429351       0.001807         3.614400
25%    12.75   4.000000          39.104525        155.660790            0.006418               1.350435              1.228913               2.565231       0.001809         3.617600
50%    24.50   4.000000          39.114066        155.694057            0.006423               1.782451              1.847405               3.641785       0.001810         3.619200
75%    36.25   5.000000          39.149572        155.801285            0.006424               2.214468              2.405851               4.717189       0.001810         3.620800
max    48.00   7.000000          39.185186        155.943105            0.006426               2.676230              3.176146               5.852376       0.001814         3.627200
