Workflow Construction Summary Table
========================================================================================================================

 Comp  Groups Wall Time/Evt (s) CPU Time/Evt (s) Throughput (evt/s) Write Remote (MB/evt) Read Remote (MB/evt) Net Transfer (MB/evt) CPU Cores/Evt Memory/Evt (MB)
    1       1            9.4271          65.0493             0.0154                  0.45                 0.00                  0.45        0.0012            1.17
    2       2            9.4008          65.2033             0.0153                  0.45                 0.09                  0.54        0.0012            1.18
    3       2            9.4441          65.3763             0.0153                  0.45                 0.44                  0.89        0.0012            1.18
    4       2            9.4152          65.0017             0.0154                  2.51                 2.35                  4.87        0.0012            1.18
    5       2            9.4254          65.3016             0.0153                  1.23                 0.90                  2.13        0.0012            1.20
    6       3            9.4265          65.3061             0.0153                  0.45                 0.51                  0.96        0.0012            1.21
    7       3            9.5303          65.7210             0.0152                  2.54                 2.49                  5.03        0.0012            1.22
    8       3            9.4271          64.7900             0.0154                  1.21                 0.95                  2.16        0.0012            1.21
    9       3            9.3660          64.8046             0.0154                  2.51                 2.74                  5.26        0.0012            1.18
   10       3            9.4443          65.3772             0.0153                  1.23                 1.37                  2.60        0.0012            1.21
   11       3            9.5180          65.6718             0.0152                  3.32                 3.34                  6.66        0.0012            1.22
   12       4            9.4426          65.1113             0.0154                  2.51                 2.87                  5.38        0.0013            1.26
   13       4            9.5261          65.7044             0.0152                  1.23                 1.44                  2.67        0.0013            1.26
   14       4            9.4884          65.5535             0.0153                  3.32                 3.37                  6.69        0.0012            1.23
   15       4            9.5098          65.6391             0.0152                  3.32                 3.75                  7.07        0.0012            1.23
   16       5            9.4729          65.4917             0.0153                  3.32                 3.81                  7.13        0.0013            1.30

Summary Statistics:
------------------------------------------------------------------------------------------------------------------------
            Comp     Groups  Wall Time/Evt (s)  CPU Time/Evt (s)  Throughput (evt/s)  Write Remote (MB/evt)  Read Remote (MB/evt)  Net Transfer (MB/evt)  CPU Cores/Evt  Memory/Evt (MB)
count  16.000000  16.000000          16.000000         16.000000           16.000000              16.000000             16.000000              16.000000      16.000000        16.000000
mean    8.500000   3.000000           9.454034         65.318941            0.015310               1.877904              1.902116               3.780020       0.001215         1.215000
std     4.760952   1.032796           0.048428          0.305878            0.000072               1.150262              1.338192               2.479388       0.000035         0.034917
min     1.000000   1.000000           9.365959         64.790027            0.015216               0.445000              0.000000               0.445000       0.001168         1.168000
25%     4.750000   2.000000           9.426238         65.095775            0.015250               1.018163              0.799320               1.834477       0.001184         1.184000
50%     8.500000   3.000000           9.443352         65.341203            0.015304               1.870948              1.899316               3.770263       0.001208         1.208000
75%    12.250000   4.000000           9.493728         65.574914            0.015362               2.734375              2.985538               5.699186       0.001232         1.232000
max    16.000000   5.000000           9.530261         65.721043            0.015434               3.320312              3.813491               7.133803       0.001296         1.296000
