Workflow Construction Summary Table
========================================================================================================================

 Comp  Groups Wall Time/Evt (s) CPU Time/Evt (s) Throughput (evt/s) Write Remote (MB/evt) Read Remote (MB/evt) Net Transfer (MB/evt) CPU Cores/Evt Memory/Evt (MB)
    1       2           43.0074         322.1535             0.0031                  0.89                 0.57                  1.45        0.0078            7.92
    2       2           43.0074         322.1535             0.0031                  0.89                 0.57                  1.45        0.0078            7.72
    3       3           42.9710         322.0772             0.0031                  0.89                 0.71                  1.60        0.0078            7.92
    4       3           42.9710         322.0772             0.0031                  0.89                 0.71                  1.60        0.0078            7.72
    5       3           42.8901         320.2347             0.0031                  0.89                 0.72                  1.61        0.0077            7.86
    6       3           42.8901         320.2347             0.0031                  0.89                 0.72                  1.61        0.0077            7.71
    7       3           42.9472         163.7821             0.0061                  1.50                 1.22                  2.72        0.0040            7.91
    8       3           42.9472         163.7821             0.0061                  1.50                 1.22                  2.72        0.0040            7.71
    9       3           42.8403         315.6562             0.0032                  0.89                 1.12                  2.01        0.0076            7.71
   10       3           42.8468         289.9704             0.0034                  2.06                 1.80                  3.87        0.0070            7.92
   11       3           42.8468         289.9704             0.0034                  2.06                 1.80                  3.87        0.0070            7.71
   12       4           42.9052         320.2616             0.0031                  0.89                 0.87                  1.76        0.0077            7.86
   13       4           42.9052         320.2616             0.0031                  0.89                 0.87                  1.76        0.0077            7.71
   14       4           42.9519         163.7882             0.0061                  1.50                 1.37                  2.88        0.0040            7.92
   15       4           42.9519         163.7882             0.0061                  1.50                 1.37                  2.88        0.0040            7.71
   16       4           42.8467         315.6657             0.0032                  0.89                 1.28                  2.16        0.0076            7.71
   17       4           42.8467         315.6657             0.0032                  0.89                 1.28                  2.16        0.0076            7.72
   18       4           42.8918         163.5664             0.0061                  1.50                 1.37                  2.88        0.0040            7.87
   19       4           42.8918         163.5664             0.0061                  1.50                 1.37                  2.88        0.0040            7.71
   20       4           42.8243         289.9739             0.0034                  2.06                 1.94                  4.00        0.0070            7.92
   21       4           42.7816         163.1854             0.0061                  2.68                 2.45                  5.12        0.0040            7.91
   22       4           42.8243         289.9739             0.0034                  2.06                 1.94                  4.00        0.0070            7.72
   23       4           42.7816         163.1854             0.0061                  2.68                 2.45                  5.12        0.0040            7.71
   24       4           42.8405         289.9369             0.0034                  2.06                 1.96                  4.02        0.0070            7.87
   25       4           42.8405         289.9369             0.0034                  2.06                 1.96                  4.02        0.0070            7.72
   26       4           42.8025         290.0364             0.0034                  2.06                 2.35                  4.41        0.0070            7.72
   27       4           42.8168         163.3151             0.0061                  1.50                 1.78                  3.28        0.0040            7.71
   28       5           42.8453         315.6597             0.0032                  0.89                 1.43                  2.32        0.0076            7.72
   29       5           42.8894         163.5583             0.0061                  1.50                 1.53                  3.03        0.0040            7.88
   30       5           42.8894         163.5583             0.0061                  1.50                 1.53                  3.03        0.0040            7.71
   31       5           42.7797         163.1782             0.0061                  2.68                 2.61                  5.28        0.0040            7.91
   32       5           42.7797         163.1782             0.0061                  2.68                 2.61                  5.28        0.0040            7.71
   33       5           42.7983         289.9010             0.0034                  2.06                 2.10                  4.16        0.0070            7.87
   34       5           42.7983         289.9010             0.0034                  2.06                 2.10                  4.16        0.0070            7.72
   35       5           42.7960         290.0028             0.0034                  2.06                 2.51                  4.57        0.0070            7.72
   36       5           42.7960         290.0028             0.0034                  2.06                 2.51                  4.57        0.0070            7.72
   37       5           42.8356         163.3494             0.0061                  1.50                 1.93                  3.44        0.0040            7.71
   38       5           42.8356         163.3494             0.0061                  1.50                 1.93                  3.44        0.0040            7.71
   39       5           42.7607         163.1227             0.0061                  2.68                 2.60                  5.28        0.0040            7.87
   40       5           42.7607         163.1227             0.0061                  2.68                 2.60                  5.28        0.0040            7.71
   41       5           42.7712         163.1286             0.0061                  2.68                 3.01                  5.69        0.0040            7.72
   42       6           42.7974         290.0024             0.0034                  2.06                 2.66                  4.72        0.0070            7.73
   43       6           42.8137         163.3022             0.0061                  1.50                 2.10                  3.60        0.0040            7.71
   44       6           42.7819         163.1618             0.0061                  2.68                 2.76                  5.44        0.0040            7.87
   45       6           42.7819         163.1618             0.0061                  2.68                 2.76                  5.44        0.0040            7.72
   46       6           42.7347         163.0523             0.0061                  2.68                 3.16                  5.83        0.0040            7.71
   47       6           42.7347         163.0523             0.0061                  2.68                 3.16                  5.83        0.0040            7.72
   48       7           42.7691         163.1179             0.0061                  2.68                 3.32                  6.00        0.0040            7.72

Summary Statistics:
------------------------------------------------------------------------------------------------------------------------
        Comp     Groups  Wall Time/Evt (s)  CPU Time/Evt (s)  Throughput (evt/s)  Write Remote (MB/evt)  Read Remote (MB/evt)  Net Transfer (MB/evt)  CPU Cores/Evt  Memory/Evt (MB)
count  48.00  48.000000          48.000000         48.000000           48.000000              48.000000             48.000000              48.000000      48.000000        48.000000
mean   24.50   4.333333          42.846209        234.001313            0.004706               1.782451              1.847194               3.629645       0.005674         7.774050
std    14.00   1.117241           0.071195         72.181399            0.001435               0.668887              0.761565               1.403719       0.001743         0.086082
min     1.00   2.000000          42.734714        163.052334            0.003104               0.888672              0.565666               1.454338       0.003963         7.706400
25%    12.75   4.000000          42.792460        163.273027            0.003378               1.350435              1.275087               2.620005       0.003966         7.713100
50%    24.50   4.000000          42.837965        226.844617            0.004777               1.782451              1.934233               3.733403       0.005502         7.718200
75%    36.25   5.000000          42.890532        296.441390            0.006125               2.214468              2.505435               4.820013       0.007194         7.868300
max    48.00   7.000000          43.007441        322.153463            0.006133               2.676230              3.320008               5.996239       0.007786         7.921600
