Workflow Construction Summary Table
========================================================================================================================

 Comp  Groups Wall Time/Evt (s) CPU Time/Evt (s) Throughput (evt/s) Write Remote (MB/evt) Read Remote (MB/evt) Net Transfer (MB/evt) CPU Cores/Evt Memory/Evt (MB)
    1       1            7.8424         476.5099             0.0021                  0.45                 0.00                  0.45        0.0342           34.18
    2       2            7.8108         471.5089             0.0021                  0.45                 0.06                  0.51        0.0339           33.98
    3       2            7.7814         445.6600             0.0022                  0.45                 0.42                  0.87        0.0321           32.36
    4       2            7.7750         216.9225             0.0046                  1.23                 0.82                  2.05        0.0156           15.89
    5       2            7.7868         179.7941             0.0056                  2.54                 2.19                  4.73        0.0130           16.00
    6       3            7.7677         445.6302             0.0022                  0.45                 0.48                  0.93        0.0321           32.35
    7       3            7.7609         212.9991             0.0047                  1.23                 0.89                  2.12        0.0154           15.68
    8       3            7.7907         176.1660             0.0057                  2.54                 2.27                  4.81        0.0127           15.80
    9       3            7.7372         188.7605             0.0053                  1.23                 1.22                  2.45        0.0136           14.11
   10       3            7.7900         153.7057             0.0065                  2.54                 2.61                  5.14        0.0111           14.33
   11       3            7.7944         152.6798             0.0065                  3.32                 3.02                  6.34        0.0110           11.95
   12       4            7.7310         188.2795             0.0053                  1.23                 1.29                  2.52        0.0136           14.08
   13       4            7.7891         154.5830             0.0065                  2.54                 2.68                  5.22        0.0112           14.47
   14       4            7.7876         148.6527             0.0067                  3.32                 3.09                  6.41        0.0108           11.75
   15       4            7.7678         125.3225             0.0080                  3.32                 3.41                  6.73        0.0092           10.31
   16       5            7.7829         125.7139             0.0080                  3.32                 3.49                  6.81        0.0092           10.32

Summary Statistics:
------------------------------------------------------------------------------------------------------------------------
            Comp     Groups  Wall Time/Evt (s)  CPU Time/Evt (s)  Throughput (evt/s)  Write Remote (MB/evt)  Read Remote (MB/evt)  Net Transfer (MB/evt)  CPU Cores/Evt  Memory/Evt (MB)
count  16.000000  16.000000          16.000000         16.000000           16.000000              16.000000             16.000000              16.000000      16.000000        16.000000
mean    8.500000   3.000000           7.780978        241.430523            0.005128               1.884766              1.745992               3.630757       0.017417        18.597000
std     4.760952   1.032796           0.026293        132.982746            0.002004               1.152134              1.229056               2.372264       0.009544         8.914923
min     1.000000   1.000000           7.731045        125.322513            0.002099               0.449219              0.000000               0.449219       0.009156        10.314000
25%     4.750000   2.000000           7.767741        153.449260            0.004018               1.035156              0.735704               1.770860       0.011075        13.548000
50%     8.500000   3.000000           7.784836        184.036806            0.005437               1.884766              1.742602               3.627367       0.013264        15.073000
75%    12.250000   4.000000           7.790206        274.099444            0.006517               2.734375              2.763290               5.497665       0.019730        20.087500
max    16.000000   5.000000           7.842442        476.509888            0.007979               3.320312              3.486685               6.806998       0.034176        34.176000
