Workflow Construction Summary Table
========================================================================================================================

 Comp  Groups Wall Time/Evt (s) CPU Time/Evt (s) Throughput (evt/s) Write Remote (MB/evt) Read Remote (MB/evt) Net Transfer (MB/evt) CPU Cores/Evt Memory/Evt (MB)
    1       1            9.2122          73.6977             0.0136                  0.45                 0.00                  0.45        0.0615           61.54
    2       2            8.7405          69.9242             0.0143                  0.45                 0.06                  0.51        0.0615           61.51
    3       2            8.0020          64.0158             0.0156                  1.23                 0.78                  2.01        0.0615           61.49
    4       2            8.2660          66.1276             0.0151                  0.45                 0.38                  0.83        0.0615           61.53
    5       2            8.0021          64.0166             0.0156                  2.54                 2.09                  4.63        0.0615           61.50
    6       3            8.2399          65.9193             0.0152                  0.45                 0.44                  0.89        0.0615           61.53
    7       3            7.7885          62.3083             0.0160                  1.23                 0.84                  2.08        0.0615           61.46
    8       3            7.6895          61.5164             0.0163                  3.32                 2.87                  6.19        0.0615           61.46
    9       3            7.8663          62.9305             0.0159                  2.54                 2.15                  4.69        0.0615           61.52
   10       3            7.7659          62.1273             0.0161                  2.54                 2.47                  5.00        0.0615           61.51
   11       3            7.5919          60.7349             0.0165                  1.23                 1.16                  2.39        0.0615           61.48
   12       4            7.7399          61.9190             0.0162                  2.54                 2.53                  5.07        0.0615           61.51
   13       4            7.5658          60.5265             0.0165                  1.23                 1.22                  2.45        0.0615           61.48
   14       4            7.5538          60.4303             0.0165                  3.32                 2.93                  6.25        0.0615           61.48
   15       4            7.4534          59.6271             0.0168                  3.32                 3.25                  6.57        0.0615           61.47
   16       5            7.4273          59.4188             0.0168                  3.32                 3.31                  6.63        0.0615           61.47

Summary Statistics:
------------------------------------------------------------------------------------------------------------------------
            Comp     Groups  Wall Time/Evt (s)  CPU Time/Evt (s)  Throughput (evt/s)  Write Remote (MB/evt)  Read Remote (MB/evt)  Net Transfer (MB/evt)  CPU Cores/Evt  Memory/Evt (MB)
count  16.000000  16.000000          16.000000         16.000000           16.000000              16.000000             16.000000              16.000000      16.000000        16.000000
mean    8.500000   3.000000           7.931565         63.452523            0.015811               1.884766              1.655273               3.540039       0.061496        61.495800
std     4.760952   1.032796           0.485356          3.882845            0.000900               1.152134              1.168838               2.312666       0.000025         0.024855
min     1.000000   1.000000           7.427349         59.418789            0.013569               0.449219              0.000000               0.449219       0.061459        61.459200
25%     4.750000   2.000000           7.585347         60.682773            0.015508               1.035156              0.695801               1.730957       0.061477        61.476800
50%     8.500000   3.000000           7.777224         62.217795            0.016073               1.884766              1.655273               3.540039       0.061491        61.491200
75%    12.250000   4.000000           8.061533         64.492268            0.016479               2.734375              2.614746               5.349121       0.061514        61.514000
max    16.000000   5.000000           9.212212         73.697698            0.016830               3.320312              3.310547               6.630859       0.061539        61.539200
