Workflow Construction Summary Table
========================================================================================================================

 Comp  Groups Wall Time/Evt (s) CPU Time/Evt (s) Throughput (evt/s) Write Remote (MB/evt) Read Remote (MB/evt) Net Transfer (MB/evt) CPU Cores/Evt Memory/Evt (MB)
    1       1            9.5191          66.8448             0.0150                  0.45                 0.00                  0.45        0.0102           10.15
    2       2            9.4415          66.3018             0.0151                  0.45                 0.07                  0.52        0.0102           10.16
    3       2            9.3177          65.4918             0.0153                  1.23                 0.91                  2.14        0.0101           10.13
    4       2            9.3682          65.7833             0.0152                  0.45                 0.43                  0.88        0.0102           10.16
    5       2            9.3598          65.7515             0.0152                  2.54                 2.42                  4.96        0.0101           10.15
    6       3            9.3567          65.7261             0.0152                  0.45                 0.51                  0.96        0.0102           10.15
    7       3            9.2809          65.2406             0.0153                  1.23                 0.98                  2.21        0.0101           10.14
    8       3            9.3254          65.5131             0.0153                  3.32                 3.34                  6.66        0.0102           10.15
    9       3            9.3405          65.6085             0.0152                  2.54                 2.50                  5.04        0.0102           10.16
   10       3            9.3270          65.5154             0.0153                  2.54                 2.87                  5.40        0.0102           10.16
   11       3            9.2402          64.9901             0.0154                  1.23                 1.34                  2.57        0.0101           10.13
   12       4            9.3165          65.4626             0.0153                  2.54                 2.94                  5.48        0.0102           10.15
   13       4            9.2422          64.9875             0.0154                  1.23                 1.42                  2.65        0.0101           10.14
   14       4            9.2873          65.2953             0.0153                  3.32                 3.41                  6.73        0.0101           10.15
   15       4            9.2691          65.1829             0.0153                  3.32                 3.77                  7.09        0.0101           10.13
   16       5            9.2672          65.1649             0.0153                  3.32                 3.84                  7.16        0.0101           10.15

Summary Statistics:
------------------------------------------------------------------------------------------------------------------------
            Comp     Groups  Wall Time/Evt (s)  CPU Time/Evt (s)  Throughput (evt/s)  Write Remote (MB/evt)  Read Remote (MB/evt)  Net Transfer (MB/evt)  CPU Cores/Evt  Memory/Evt (MB)
count  16.000000  16.000000          16.000000         16.000000           16.000000              16.000000             16.000000              16.000000      16.000000         16.00000
mean    8.500000   3.000000           9.328696         65.553763            0.015255               1.884766              1.921114               3.805880       0.010147         10.14690
std     4.760952   1.032796           0.072724          0.480146            0.000111               1.152134              1.357551               2.500851       0.000011          0.01052
min     1.000000   1.000000           9.240202         64.987481            0.014960               0.449219              0.000000               0.449219       0.010126         10.12640
25%     4.750000   2.000000           9.277947         65.226215            0.015213               1.035156              0.808944               1.844100       0.010139         10.13880
50%     8.500000   3.000000           9.321514         65.502445            0.015267               1.884766              1.920221               3.804987       0.010149         10.14880
75%    12.250000   4.000000           9.357442         65.732443            0.015331               2.734375              3.038445               5.772820       0.010154         10.15440
max    16.000000   5.000000           9.519062         66.844776            0.015388               3.320312              3.840808               7.161121       0.010162         10.16160
