Workflow Construction Summary Table
========================================================================================================================

 Comp  Groups Wall Time/Evt (s) CPU Time/Evt (s) Throughput (evt/s) Write Remote (MB/evt) Read Remote (MB/evt) Net Transfer (MB/evt) CPU Cores/Evt Memory/Evt (MB)
    1       1            9.0763         512.9198             0.0019                  0.45                 0.00                  0.45        0.0134           13.35
    2       2            9.0752         509.4762             0.0020                  0.45                 0.06                  0.51        0.0133           13.30
    3       2            9.0356         232.0305             0.0043                  1.23                 0.89                  2.12        0.0060            6.11
    4       2            9.0016         482.8446             0.0021                  0.45                 0.42                  0.87        0.0126           12.67
    5       2            9.0171         189.6432             0.0053                  2.54                 2.31                  4.85        0.0048            6.03
    6       3            8.9792         482.5395             0.0021                  0.45                 0.48                  0.93        0.0126           12.65
    7       3            9.0338         228.4788             0.0044                  1.23                 0.95                  2.18        0.0059            6.04
    8       3            9.0529         160.7348             0.0062                  3.32                 3.23                  6.55        0.0041            4.47
    9       3            9.0265         186.3371             0.0054                  2.54                 2.37                  4.91        0.0048            5.97
   10       3            9.0091         163.5235             0.0061                  2.54                 2.75                  5.29        0.0042            5.45
   11       3            9.0439         204.3832             0.0049                  1.23                 1.31                  2.54        0.0053            5.49
   12       4            9.0341         163.3102             0.0061                  2.54                 2.83                  5.37        0.0042            5.45
   13       4            9.0208         203.7209             0.0049                  1.23                 1.37                  2.60        0.0053            5.47
   14       4            9.0213         157.4150             0.0064                  3.32                 3.29                  6.61        0.0040            4.41
   15       4            9.0478         133.6952             0.0075                  3.32                 3.66                  6.98        0.0034            3.88
   16       5            9.0395         134.4693             0.0074                  3.32                 3.73                  7.05        0.0035            3.91

Summary Statistics:
------------------------------------------------------------------------------------------------------------------------
            Comp     Groups  Wall Time/Evt (s)  CPU Time/Evt (s)  Throughput (evt/s)  Write Remote (MB/evt)  Read Remote (MB/evt)  Net Transfer (MB/evt)  CPU Cores/Evt  Memory/Evt (MB)
count  16.000000  16.000000          16.000000         16.000000           16.000000              16.000000             16.000000              16.000000      16.000000        16.000000
mean    8.500000   3.000000           9.032162        259.095114            0.004807               1.884766              1.854360               3.739125       0.006702         7.165525
std     4.760952   1.032796           0.025112        144.806720            0.001899               1.152134              1.312321               2.455256       0.003807         3.551438
min     1.000000   1.000000           8.979224        133.695195            0.001950               0.449219              0.000000               0.449219       0.003424         3.878000
25%     4.750000   2.000000           9.019842        162.666339            0.003750               1.035156              0.786449               1.821605       0.004152         5.203700
50%     8.500000   3.000000           9.033936        196.682052            0.005091               1.884766              1.839391               3.724157       0.005048         5.729000
75%    12.250000   4.000000           9.044853        294.657744            0.006148               2.734375              2.932078               5.666453       0.007639         7.744200
max    16.000000   5.000000           9.076312        512.919804            0.007480               3.320312              3.731815               7.052127       0.013350        13.350400
