Workflow Construction Summary Table
========================================================================================================================

 Comp  Groups Wall Time/Evt (s) CPU Time/Evt (s) Throughput (evt/s) Write Remote (MB/evt) Read Remote (MB/evt) Net Transfer (MB/evt) CPU Cores/Evt Memory/Evt (MB)
    1       1            7.0111          55.7424             0.0179                  0.45                 0.00                  0.45        0.0006            0.65
    2       2            7.0065          55.7052             0.0180                  0.45                 0.06                  0.51        0.0007            0.66
    3       2            7.0018          55.6681             0.0180                  0.45                 0.38                  0.83        0.0007            0.66
    4       2            7.0023          55.6725             0.0180                  2.54                 2.09                  4.63        0.0007            0.66
    5       2            7.0000          55.6542             0.0180                  1.23                 0.78                  2.01        0.0007            0.66
    6       3            7.0016          55.6662             0.0180                  0.45                 0.44                  0.89        0.0007            0.67
    7       3            7.0011          55.6625             0.0180                  2.54                 2.15                  4.69        0.0007            0.67
    8       3            6.9978          55.6364             0.0180                  1.23                 0.84                  2.08        0.0007            0.66
    9       3            7.0003          55.6563             0.0180                  2.54                 2.47                  5.00        0.0007            0.67
   10       3            6.9961          55.6226             0.0180                  1.23                 1.16                  2.39        0.0007            0.66
   11       3            7.0005          55.6578             0.0180                  3.32                 2.87                  6.19        0.0007            0.66
   12       4            7.0001          55.6544             0.0180                  2.54                 2.53                  5.07        0.0007            0.68
   13       4            6.9958          55.6207             0.0180                  1.23                 1.22                  2.45        0.0007            0.67
   14       4            6.9992          55.6478             0.0180                  3.32                 2.93                  6.25        0.0007            0.68
   15       4            6.9984          55.6416             0.0180                  3.32                 3.25                  6.57        0.0007            0.68
   16       5            6.9982          55.6397             0.0180                  3.32                 3.31                  6.63        0.0007            0.69

Summary Statistics:
------------------------------------------------------------------------------------------------------------------------
            Comp     Groups  Wall Time/Evt (s)  CPU Time/Evt (s)  Throughput (evt/s)  Write Remote (MB/evt)  Read Remote (MB/evt)  Net Transfer (MB/evt)  CPU Cores/Evt  Memory/Evt (MB)
count  16.000000  16.000000          16.000000         16.000000           16.000000              16.000000             16.000000              16.000000      16.000000         16.00000
mean    8.500000   3.000000           7.000678         55.659291            0.017966               1.884766              1.655273               3.540039       0.000669          0.66850
std     4.760952   1.032796           0.003792          0.030083            0.000010               1.152134              1.168838               2.312666       0.000011          0.01052
min     1.000000   1.000000           6.995826         55.620708            0.017940               0.449219              0.000000               0.449219       0.000648          0.64800
25%     4.750000   2.000000           6.998383         55.641164            0.017964               1.035156              0.695801               1.730957       0.000664          0.66400
50%     8.500000   3.000000           7.000200         55.655388            0.017968               1.884766              1.655273               3.540039       0.000668          0.66800
75%    12.250000   4.000000           7.001631         55.666714            0.017972               2.734375              2.614746               5.349121       0.000674          0.67400
max    16.000000   5.000000           7.011150         55.742396            0.017979               3.320312              3.310547               6.630859       0.000688          0.68800
