Workflow Construction Summary Table
========================================================================================================================

 Comp  Groups Wall Time/Evt (s) CPU Time/Evt (s) Throughput (evt/s) Write Remote (MB/evt) Read Remote (MB/evt) Net Transfer (MB/evt) CPU Cores/Evt Memory/Evt (MB)
    1       1            7.2830         456.0630             0.0022                  0.45                 0.00                  0.45        0.0054            5.35
    2       2            7.2867         452.1879             0.0022                  0.45                 0.07                  0.52        0.0053            5.31
    3       2            7.3138         430.0506             0.0023                  0.45                 0.39                  0.84        0.0051            5.08
    4       2            7.4331         215.4114             0.0046                  1.23                 0.80                  2.03        0.0025            2.51
    5       2            7.7075         190.0601             0.0053                  2.54                 2.14                  4.68        0.0021            2.53
    6       3            7.3203         430.0758             0.0023                  0.45                 0.46                  0.91        0.0051            5.08
    7       3            7.4372         212.2310             0.0047                  1.23                 0.86                  2.09        0.0024            2.48
    8       3            7.7129         186.3513             0.0054                  2.54                 2.21                  4.75        0.0020            2.48
    9       3            7.4678         190.2804             0.0053                  1.23                 1.18                  2.41        0.0022            2.26
   10       3            7.7445         165.0599             0.0061                  2.54                 2.53                  5.07        0.0018            2.28
   11       3            7.8639         163.5096             0.0061                  3.32                 2.94                  6.26        0.0017            1.86
   12       4            7.4727         190.8436             0.0052                  1.23                 1.24                  2.47        0.0022            2.27
   13       4            7.7423         164.4690             0.0061                  2.54                 2.59                  5.13        0.0018            2.27
   14       4            7.8690         160.3912             0.0062                  3.32                 3.00                  6.32        0.0017            1.85
   15       4            7.8960         137.9046             0.0073                  3.32                 3.32                  6.64        0.0014            1.61
   16       5            7.9067         137.9383             0.0072                  3.32                 3.39                  6.71        0.0014            1.61

Summary Statistics:
------------------------------------------------------------------------------------------------------------------------
            Comp     Groups  Wall Time/Evt (s)  CPU Time/Evt (s)  Throughput (evt/s)  Write Remote (MB/evt)  Read Remote (MB/evt)  Net Transfer (MB/evt)  CPU Cores/Evt  Memory/Evt (MB)
count  16.000000  16.000000          16.000000         16.000000           16.000000              16.000000             16.000000              16.000000      16.000000        16.000000
mean    8.500000   3.000000           7.591092        242.676732            0.004908               1.884766              1.695555               3.580321       0.002743         2.927275
std     4.760952   1.032796           0.235899        121.058099            0.001743               1.152134              1.194664               2.338425       0.001491         1.391910
min     1.000000   1.000000           7.283048        137.904634            0.002193               0.449219              0.000000               0.449219       0.001427         1.609600
25%     4.750000   2.000000           7.404885        164.229138            0.004063               1.035156              0.713505               1.748662       0.001751         2.158200
50%     8.500000   3.000000           7.590094        190.170233            0.005258               1.884766              1.692357               3.577123       0.002120         2.379600
75%    12.250000   4.000000           7.774375        269.071216            0.006089               2.734375              2.676275               5.410650       0.003112         3.171400
max    16.000000   5.000000           7.906748        456.063049            0.007251               3.320312              3.386523               6.706835       0.005350         5.350400
