Workflow Construction Summary Table
========================================================================================================================

 Comp  Groups Wall Time/Evt (s) CPU Time/Evt (s) Throughput (evt/s) Write Remote (MB/evt) Read Remote (MB/evt) Net Transfer (MB/evt) CPU Cores/Evt Memory/Evt (MB)
    1       1            7.8379          59.5296             0.0168                  0.45                 0.00                  0.45        0.0043            4.27
    2       2            7.8057          59.0816             0.0169                  0.45                 0.06                  0.51        0.0043            4.27
    3       2            7.7731          57.3610             0.0174                  0.45                 0.39                  0.84        0.0042            4.16
    4       2            7.7407          50.3277             0.0199                  2.54                 2.19                  4.73        0.0037            3.90
    5       2            7.7549          45.6416             0.0219                  1.23                 0.82                  2.05        0.0033            2.80
    6       3            7.7573          56.5633             0.0177                  0.45                 0.46                  0.90        0.0041            4.16
    7       3            7.7438          50.3173             0.0199                  2.54                 2.27                  4.81        0.0037            3.90
    8       3            7.7402          45.5857             0.0219                  1.23                 0.89                  2.12        0.0033            2.79
    9       3            7.7400          50.2389             0.0199                  2.54                 2.61                  5.15        0.0037            3.77
   10       3            7.7133          45.5072             0.0220                  1.23                 1.22                  2.45        0.0033            2.67
   11       3            7.7253          45.5464             0.0220                  3.32                 3.02                  6.34        0.0033            2.72
   12       4            7.7285          49.5090             0.0202                  2.54                 2.67                  5.21        0.0036            3.80
   13       4            7.7055          44.7402             0.0224                  1.23                 1.29                  2.52        0.0033            2.68
   14       4            7.7258          45.5306             0.0220                  3.32                 3.09                  6.41        0.0033            2.71
   15       4            7.7067          45.4801             0.0220                  3.32                 3.41                  6.73        0.0033            2.60
   16       5            7.7172          44.7506             0.0223                  3.32                 3.49                  6.81        0.0033            2.62

Summary Statistics:
------------------------------------------------------------------------------------------------------------------------
            Comp     Groups  Wall Time/Evt (s)  CPU Time/Evt (s)  Throughput (evt/s)  Write Remote (MB/evt)  Read Remote (MB/evt)  Net Transfer (MB/evt)  CPU Cores/Evt  Memory/Evt (MB)
count  16.000000  16.000000          16.000000         16.000000           16.000000              16.000000             16.000000              16.000000      16.000000        16.000000
mean    8.500000   3.000000           7.744751         49.731917            0.020319               1.884766              1.741508               3.626273       0.003622         3.363937
std     4.760952   1.032796           0.035833          5.440789            0.002067               1.152134              1.231705               2.375229       0.000376         0.703278
min     1.000000   1.000000           7.705522         44.740182            0.016798               0.449219              0.000000               0.449219       0.003280         2.601000
25%     4.750000   2.000000           7.723309         45.524758            0.019322               1.035156              0.729695               1.764851       0.003324         2.705750
50%     8.500000   3.000000           7.740105         47.575304            0.021054               1.884766              1.739909               3.624675       0.003476         3.285000
75%    12.250000   4.000000           7.755498         51.886565            0.021966               2.734375              2.756824               5.491199       0.003781         3.966000
max    16.000000   5.000000           7.837943         59.529571            0.022351               3.320312              3.486685               6.806998       0.004272         4.272000
