Workflow Construction Summary Table
========================================================================================================================

 Comp  Groups Wall Time/Evt (s) CPU Time/Evt (s) Throughput (evt/s) Write Remote (MB/evt) Read Remote (MB/evt) Net Transfer (MB/evt) CPU Cores/Evt Memory/Evt (MB)
    1       1            7.8661          59.5320             0.0168                  0.45                 0.00                  0.45        0.0022            2.15
    2       2            7.8854          59.3457             0.0169                  0.45                 0.06                  0.51        0.0022            2.16
    3       2            7.9054          57.8061             0.0173                  0.45                 0.40                  0.85        0.0021            2.10
    4       2            8.3178          53.3324             0.0188                  2.54                 2.20                  4.73        0.0019            1.97
    5       2            8.0268          46.9873             0.0213                  1.23                 0.82                  2.05        0.0017            1.41
    6       3            7.9121          57.0085             0.0175                  0.45                 0.47                  0.92        0.0021            2.11
    7       3            8.2948          53.2909             0.0188                  2.54                 2.25                  4.79        0.0019            1.98
    8       3            8.0261          46.9859             0.0213                  1.23                 0.89                  2.12        0.0017            1.43
    9       3            8.3505          53.4584             0.0187                  2.54                 2.59                  5.13        0.0019            1.93
   10       3            8.0551          47.0932             0.0212                  1.23                 1.22                  2.45        0.0017            1.35
   11       3            8.4409          48.6296             0.0206                  3.32                 3.01                  6.33        0.0017            1.39
   12       4            8.3566          52.6272             0.0190                  2.54                 2.65                  5.19        0.0018            1.93
   13       4            8.0614          46.2625             0.0216                  1.23                 1.29                  2.52        0.0017            1.36
   14       4            8.4540          48.6599             0.0206                  3.32                 3.08                  6.40        0.0017            1.38
   15       4            8.4753          48.7585             0.0205                  3.32                 3.41                  6.73        0.0017            1.33
   16       5            8.4809          47.9912             0.0208                  3.32                 3.47                  6.79        0.0017            1.34

Summary Statistics:
------------------------------------------------------------------------------------------------------------------------
            Comp     Groups  Wall Time/Evt (s)  CPU Time/Evt (s)  Throughput (evt/s)  Write Remote (MB/evt)  Read Remote (MB/evt)  Net Transfer (MB/evt)  CPU Cores/Evt  Memory/Evt (MB)
count  16.000000  16.000000          16.000000         16.000000           16.000000              16.000000             16.000000              16.000000      16.000000        16.000000
mean    8.500000   3.000000           8.181828         51.735569            0.019474               1.884766              1.738256               3.623021       0.001843         1.708750
std     4.760952   1.032796           0.234187          4.695300            0.001710               1.152134              1.224378               2.367695       0.000184         0.352604
min     1.000000   1.000000           7.866075         46.262455            0.016798               0.449219              0.000000               0.449219       0.001672         1.330000
25%     4.750000   2.000000           7.997639         47.766694            0.018415               1.035156              0.734177               1.769333       0.001695         1.377750
50%     8.500000   3.000000           8.178090         50.692846            0.019755               1.884766              1.742155               3.626921       0.001776         1.675500
75%    12.250000   4.000000           8.377721         54.345933            0.020936               2.734375              2.742648               5.477023       0.001924         2.009500
max    16.000000   5.000000           8.480868         59.531989            0.021616               3.320312              3.473547               6.793860       0.002164         2.164000
