Workflow Construction Summary Table
========================================================================================================================

 Comp  Groups Wall Time/Evt (s) CPU Time/Evt (s) Throughput (evt/s) Write Remote (MB/evt) Read Remote (MB/evt) Net Transfer (MB/evt) CPU Cores/Evt Memory/Evt (MB)
    1       1            7.0152          55.7749             0.0179                  0.45                 0.00                  0.45        0.0006            0.65
    2       2            7.0111          55.7424             0.0179                  0.45                 0.06                  0.51        0.0007            0.66
    3       2            7.0093          55.7277             0.0179                  0.45                 0.38                  0.83        0.0007            0.66
    4       2            7.0443          56.0071             0.0179                  2.54                 2.09                  4.63        0.0007            0.66
    5       2            7.0183          55.7996             0.0179                  1.23                 0.78                  2.01        0.0007            0.66
    6       3            7.0096          55.7304             0.0179                  0.45                 0.44                  0.89        0.0007            0.67
    7       3            7.0436          56.0017             0.0179                  2.54                 2.15                  4.69        0.0007            0.67
    8       3            7.0166          55.7865             0.0179                  1.23                 0.84                  2.08        0.0007            0.66
    9       3            7.0457          56.0180             0.0179                  2.54                 2.47                  5.00        0.0007            0.67
   10       3            7.0177          55.7952             0.0179                  1.23                 1.16                  2.39        0.0007            0.66
   11       3            7.0563          56.1043             0.0178                  3.32                 2.87                  6.19        0.0007            0.66
   12       4            7.0460          56.0207             0.0179                  2.54                 2.53                  5.07        0.0007            0.68
   13       4            7.0180          55.7978             0.0179                  1.23                 1.22                  2.45        0.0007            0.67
   14       4            7.0557          56.0988             0.0178                  3.32                 2.93                  6.25        0.0007            0.68
   15       4            7.0577          56.1151             0.0178                  3.32                 3.25                  6.57        0.0007            0.68
   16       5            7.0580          56.1178             0.0178                  3.32                 3.31                  6.63        0.0007            0.69

Summary Statistics:
------------------------------------------------------------------------------------------------------------------------
            Comp     Groups  Wall Time/Evt (s)  CPU Time/Evt (s)  Throughput (evt/s)  Write Remote (MB/evt)  Read Remote (MB/evt)  Net Transfer (MB/evt)  CPU Cores/Evt  Memory/Evt (MB)
count  16.000000  16.000000          16.000000         16.000000           16.000000              16.000000             16.000000              16.000000      16.000000         16.00000
mean    8.500000   3.000000           7.032713         55.914873            0.017884               1.884766              1.655273               3.540039       0.000669          0.66850
std     4.760952   1.032796           0.019516          0.155999            0.000050               1.152134              1.168838               2.312666       0.000011          0.01052
min     1.000000   1.000000           7.009280         55.727728            0.017820               0.449219              0.000000               0.449219       0.000648          0.64800
25%     4.750000   2.000000           7.016281         55.783591            0.017844               1.035156              0.695801               1.730957       0.000664          0.66400
50%     8.500000   3.000000           7.030960         55.900643            0.017889               1.884766              1.655273               3.540039       0.000668          0.66800
75%    12.250000   4.000000           7.048437         56.040209            0.017926               2.734375              2.614746               5.349121       0.000674          0.67400
max    16.000000   5.000000           7.058043         56.117806            0.017944               3.320312              3.310547               6.630859       0.000688          0.68800
