Workflow Construction Summary Table
========================================================================================================================

 Comp  Groups Wall Time/Evt (s) CPU Time/Evt (s) Throughput (evt/s) Write Remote (MB/evt) Read Remote (MB/evt) Net Transfer (MB/evt) CPU Cores/Evt Memory/Evt (MB)
    1       1            9.6257          66.4089             0.0151                  0.45                 0.00                  0.45        0.0026            2.65
    2       2            9.6078          66.2812             0.0151                  0.45                 0.06                  0.51        0.0027            2.68
    3       2            9.5825          66.1333             0.0151                  0.45                 0.43                  0.88        0.0027            2.66
    4       2            9.6257          66.4212             0.0151                  2.54                 2.46                  5.00        0.0027            2.66
    5       2            9.5654          65.9618             0.0152                  1.23                 0.91                  2.14        0.0026            2.65
    6       3            9.5452          65.8673             0.0152                  0.45                 0.49                  0.94        0.0027            2.68
    7       3            9.6099          66.3432             0.0151                  2.54                 2.53                  5.07        0.0027            2.68
    8       3            9.5633          66.0465             0.0151                  1.23                 0.98                  2.21        0.0027            2.69
    9       3            9.6274          66.4133             0.0151                  2.54                 2.94                  5.48        0.0027            2.69
   10       3            9.5412          65.8303             0.0152                  1.22                 1.35                  2.58        0.0027            2.68
   11       3            9.6476          66.5303             0.0150                  3.32                 3.39                  6.71        0.0027            2.68
   12       4            9.6204          66.3843             0.0151                  2.54                 3.01                  5.55        0.0027            2.70
   13       4            9.5425          65.7189             0.0152                  1.22                 1.41                  2.63        0.0027            2.72
   14       4            9.6308          66.4496             0.0150                  3.32                 3.45                  6.77        0.0027            2.73
   15       4            9.6307          66.4481             0.0150                  3.32                 3.83                  7.15        0.0027            2.70
   16       5            9.6048          66.2255             0.0151                  3.27                 3.86                  7.13        0.0027            2.72

Summary Statistics:
------------------------------------------------------------------------------------------------------------------------
            Comp     Groups  Wall Time/Evt (s)  CPU Time/Evt (s)  Throughput (evt/s)  Write Remote (MB/evt)  Read Remote (MB/evt)  Net Transfer (MB/evt)  CPU Cores/Evt  Memory/Evt (MB)
count  16.000000  16.000000          16.000000         16.000000           16.000000              16.000000             16.000000              16.000000      16.000000        16.000000
mean    8.500000   3.000000           9.598174         66.216474            0.015102               1.879990              1.945013               3.825004       0.002686         2.686000
std     4.760952   1.032796           0.035957          0.257171            0.000059               1.148561              1.382963               2.522365       0.000024         0.024177
min     1.000000   1.000000           9.541246         65.718872            0.015031               0.447553              0.000000               0.449219       0.002648         2.648000
25%     4.750000   2.000000           9.564866         66.025316            0.015057               1.027708              0.807193               1.838803       0.002676         2.676000
50%     8.500000   3.000000           9.608829         66.312216            0.015080               1.884766              1.936322               3.816122       0.002680         2.680000
75%    12.250000   4.000000           9.626149         66.415285            0.015146               2.720696              3.102468               5.836843       0.002704         2.704000
max    16.000000   5.000000           9.647561         66.530301            0.015216               3.320312              3.861332               7.150417       0.002728         2.728000
