Workflow Construction Summary Table
========================================================================================================================

 Comp  Groups Wall Time/Evt (s) CPU Time/Evt (s) Throughput (evt/s) Write Remote (MB/evt) Read Remote (MB/evt) Net Transfer (MB/evt) CPU Cores/Evt Memory/Evt (MB)
    1       1            9.6824         604.4996             0.0017                  0.45                 0.00                  0.45        0.5177          517.67
    2       2            9.1856         570.1828             0.0018                  0.45                 0.07                  0.51        0.5139          514.14
    3       2            8.6837         514.1684             0.0019                  0.45                 0.39                  0.84        0.4894          492.25
    4       2            8.3955         262.1702             0.0038                  1.23                 0.80                  2.03        0.2367          241.14
    5       2            8.3700         203.3494             0.0049                  2.54                 2.14                  4.68        0.1956          241.54
    6       3            8.6558         514.1111             0.0019                  0.45                 0.45                  0.90        0.4895          492.22
    7       3            8.1705         244.8459             0.0041                  1.23                 0.87                  2.10        0.2330          237.70
    8       3            8.2270         191.0899             0.0052                  2.54                 2.21                  4.75        0.1922          238.39
    9       3            7.9604         207.1175             0.0048                  1.23                 1.19                  2.42        0.2086          215.90
   10       3            8.1182         159.6974             0.0063                  2.54                 2.53                  5.07        0.1676          216.41
   11       3            8.0274         171.5825             0.0058                  3.32                 2.95                  6.27        0.1644          179.15
   12       4            7.9325         206.9655             0.0048                  1.23                 1.25                  2.48        0.2086          215.71
   13       4            8.0904         159.5868             0.0063                  2.54                 2.59                  5.13        0.1676          216.31
   14       4            7.8836         159.3388             0.0063                  3.32                 3.01                  6.33        0.1611          176.04
   15       4            7.7752         127.9591             0.0078                  3.32                 3.33                  6.65        0.1365          154.09
   16       5            7.7472         127.8445             0.0078                  3.32                 3.40                  6.72        0.1365          153.96

Summary Statistics:
------------------------------------------------------------------------------------------------------------------------
            Comp     Groups  Wall Time/Evt (s)  CPU Time/Evt (s)  Throughput (evt/s)  Write Remote (MB/evt)  Read Remote (MB/evt)  Net Transfer (MB/evt)  CPU Cores/Evt  Memory/Evt (MB)
count  16.000000  16.000000          16.000000         16.000000           16.000000              16.000000             16.000000              16.000000      16.000000        16.000000
mean    8.500000   3.000000           8.306588        276.531843            0.004705               1.884738              1.698288               3.583026       0.263690       281.412525
std     4.760952   1.032796           0.526673        168.619810            0.002046               1.152105              1.199191               2.342885       0.145543       135.876542
min     1.000000   1.000000           7.747205        127.844451            0.001654               0.449208              0.000000               0.449219       0.136534       153.960800
25%     4.750000   2.000000           7.953445        159.669769            0.003347               1.035156              0.713906               1.749059       0.166832       206.572000
50%     8.500000   3.000000           8.144346        205.157486            0.004875               1.884727              1.698209               3.582936       0.202073       227.053600
75%    12.250000   4.000000           8.460602        325.155444            0.006263               2.734290              2.682356               5.416731       0.299870       304.209600
max    16.000000   5.000000           9.682444        604.499615            0.007822               3.320312              3.396968               6.717280       0.517670       517.670400
