Workflow Construction Summary Table
========================================================================================================================

 Comp  Groups Wall Time/Evt (s) CPU Time/Evt (s) Throughput (evt/s) Write Remote (MB/evt) Read Remote (MB/evt) Net Transfer (MB/evt) CPU Cores/Evt Memory/Evt (MB)
    1       1            9.2528          74.0226             0.0135                  0.45                 0.00                  0.45        0.0615           61.54
    2       2            8.7868          70.0516             0.0143                  0.45                 0.06                  0.51        0.0613           61.30
    3       2            8.3404          64.7297             0.0154                  0.45                 0.38                  0.83        0.0598           59.76
    4       2            8.4188          56.7345             0.0176                  2.54                 2.09                  4.63        0.0526           56.04
    5       2            8.1832          49.2625             0.0203                  1.23                 0.78                  2.01        0.0477           40.31
    6       3            8.3200          63.8138             0.0157                  0.45                 0.44                  0.89        0.0590           59.76
    7       3            8.2888          56.2143             0.0178                  2.54                 2.15                  4.69        0.0526           55.84
    8       3            7.9754          48.4311             0.0206                  1.23                 0.84                  2.08        0.0477           40.06
    9       3            8.2165          55.9251             0.0179                  2.54                 2.47                  5.00        0.0526           54.27
   10       3            7.8069          47.7573             0.0209                  1.23                 1.16                  2.39        0.0477           38.53
   11       3            8.2469          49.5174             0.0202                  3.32                 2.87                  6.19        0.0477           39.06
   12       4            8.1961          55.0091             0.0182                  2.54                 2.53                  5.07        0.0518           54.27
   13       4            7.7866          46.8414             0.0213                  1.23                 1.22                  2.45        0.0469           38.53
   14       4            8.1169          48.9973             0.0204                  3.32                 2.93                  6.25        0.0477           38.86
   15       4            8.0446          48.7080             0.0205                  3.32                 3.25                  6.57        0.0477           37.30
   16       5            8.0242          47.7920             0.0209                  3.32                 3.31                  6.63        0.0469           37.30

Summary Statistics:
------------------------------------------------------------------------------------------------------------------------
            Comp     Groups  Wall Time/Evt (s)  CPU Time/Evt (s)  Throughput (evt/s)  Write Remote (MB/evt)  Read Remote (MB/evt)  Net Transfer (MB/evt)  CPU Cores/Evt  Memory/Evt (MB)
count  16.000000  16.000000          16.000000         16.000000           16.000000              16.000000             16.000000              16.000000      16.000000        16.000000
mean    8.500000   3.000000           8.250315         55.237973            0.018480               1.884766              1.655273               3.540039       0.051955        48.294000
std     4.760952   1.032796           0.359883          8.632950            0.002585               1.152134              1.168838               2.312666       0.005479        10.114525
min     1.000000   1.000000           7.786577         46.841358            0.013509               0.449219              0.000000               0.449219       0.046918        37.295000
25%     4.750000   2.000000           8.039510         48.638774            0.017137               1.035156              0.695801               1.730957       0.047694        38.775750
50%     8.500000   3.000000           8.206312         52.263247            0.019187               1.884766              1.655273               3.540039       0.049771        47.290500
75%    12.250000   4.000000           8.325115         58.504287            0.020560               2.734375              2.614746               5.349121       0.054212        56.968250
max    16.000000   5.000000           9.252822         74.022575            0.021349               3.320312              3.310547               6.630859       0.061544        61.544000
