Workflow Construction Summary Table
========================================================================================================================

 Comp  Groups Wall Time/Evt (s) CPU Time/Evt (s) Throughput (evt/s) Write Remote (MB/evt) Read Remote (MB/evt) Net Transfer (MB/evt) CPU Cores/Evt Memory/Evt (MB)
    1       1            7.3995         463.6279             0.0022                  0.45                 0.00                  0.45        0.0321           32.06
    2       2            7.3902         459.1259             0.0022                  0.45                 0.06                  0.51        0.0319           31.94
    3       2            7.3943         434.4175             0.0023                  0.45                 0.40                  0.85        0.0303           30.46
    4       2            7.4987         218.9375             0.0046                  1.23                 0.80                  2.03        0.0149           15.14
    5       2            7.7614         191.3494             0.0052                  2.54                 2.14                  4.68        0.0123           15.17
    6       3            7.4163         434.4709             0.0023                  0.45                 0.47                  0.92        0.0303           30.48
    7       3            7.4911         214.5221             0.0047                  1.23                 0.86                  2.09        0.0146           14.94
    8       3            7.7606         187.5404             0.0053                  2.54                 2.20                  4.74        0.0120           14.90
    9       3            7.5288         191.4309             0.0052                  1.23                 1.20                  2.43        0.0130           13.50
   10       3            7.8104         165.2813             0.0061                  2.54                 2.53                  5.07        0.0105           13.57
   11       3            7.9333         165.0235             0.0061                  3.32                 2.95                  6.27        0.0104           11.35
   12       4            7.5346         191.4516             0.0052                  1.23                 1.27                  2.50        0.0130           13.49
   13       4            7.8044         165.2789             0.0061                  2.54                 2.60                  5.13        0.0105           13.58
   14       4            7.8911         160.3369             0.0062                  3.32                 3.00                  6.32        0.0101           11.05
   15       4            7.9553         139.0776             0.0072                  3.32                 3.34                  6.66        0.0087            9.81
   16       5            7.9487         138.5731             0.0072                  3.32                 3.40                  6.72        0.0086            9.74

Summary Statistics:
------------------------------------------------------------------------------------------------------------------------
            Comp     Groups  Wall Time/Evt (s)  CPU Time/Evt (s)  Throughput (evt/s)  Write Remote (MB/evt)  Read Remote (MB/evt)  Net Transfer (MB/evt)  CPU Cores/Evt  Memory/Evt (MB)
count  16.000000  16.000000          16.000000         16.000000           16.000000              16.000000             16.000000              16.000000      16.000000        16.000000
mean    8.500000   3.000000           7.657422        245.027837            0.004874               1.884636              1.701329               3.585965       0.016454        17.574375
std     4.760952   1.032796           0.219172        123.226709            0.001741               1.152213              1.196120               2.339342       0.008944         8.338410
min     1.000000   1.000000           7.390194        138.573141            0.002157               0.449219              0.000000               0.449219       0.008619         9.742000
25%     4.750000   2.000000           7.472423        165.215018            0.004001               1.033600              0.719207               1.754364       0.010499        12.958000
50%     8.500000   3.000000           7.647602        191.390169            0.005225               1.884766              1.704586               3.589352       0.012670        14.244000
75%    12.250000   4.000000           7.830592        272.807511            0.006053               2.734375              2.683909               5.418284       0.018718        18.992000
max    16.000000   5.000000           7.955274        463.627936            0.007216               3.320312              3.397301               6.717613       0.032064        32.064000
