Workflow Construction Summary Table
========================================================================================================================

 Comp  Groups Wall Time/Evt (s) CPU Time/Evt (s) Throughput (evt/s) Write Remote (MB/evt) Read Remote (MB/evt) Net Transfer (MB/evt) CPU Cores/Evt Memory/Evt (MB)
    1       1            8.4696         530.1966             0.0019                  0.45                 0.00                  0.45        0.2575          257.47
    2       2            8.2294         511.5414             0.0020                  0.45                 0.06                  0.51        0.2556          255.74
    3       2            8.0118         472.5052             0.0021                  0.45                 0.39                  0.84        0.2434          244.79
    4       2            7.9929         242.2823             0.0041                  1.23                 0.80                  2.03        0.1178          120.01
    5       2            8.2526         205.2356             0.0049                  2.54                 2.14                  4.68        0.0974          120.21
    6       3            8.0035         472.4151             0.0021                  0.45                 0.45                  0.90        0.2433          244.69
    7       3            7.8866         232.1114             0.0043                  1.23                 0.86                  2.09        0.1161          118.40
    8       3            8.1878         197.6670             0.0051                  2.54                 2.21                  4.74        0.0957          118.58
    9       3            7.8158         202.1246             0.0049                  1.23                 1.19                  2.42        0.1037          107.32
   10       3            8.1665         171.0674             0.0058                  2.54                 2.53                  5.07        0.0836          107.79
   11       3            8.2433         176.6283             0.0057                  3.32                 2.94                  6.26        0.0820           89.32
   12       4            7.8083         202.3356             0.0049                  1.23                 1.25                  2.48        0.1040          107.52
   13       4            8.1581         170.7159             0.0059                  2.54                 2.59                  5.13        0.0833          107.46
   14       4            8.1760         168.9297             0.0059                  3.32                 3.00                  6.32        0.0803           87.77
   15       4            8.1569         142.5161             0.0070                  3.32                 3.32                  6.65        0.0683           76.97
   16       5            8.1509         142.2977             0.0070                  3.32                 3.39                  6.71        0.0681           76.77

Summary Statistics:
------------------------------------------------------------------------------------------------------------------------
            Comp     Groups  Wall Time/Evt (s)  CPU Time/Evt (s)  Throughput (evt/s)  Write Remote (MB/evt)  Read Remote (MB/evt)  Net Transfer (MB/evt)  CPU Cores/Evt  Memory/Evt (MB)
count  16.000000  16.000000          16.000000         16.000000           16.000000              16.000000             16.000000              16.000000      16.000000        16.000000
mean    8.500000   3.000000           8.106876        265.035622            0.004604               1.884766              1.694500               3.579265       0.131251       140.050500
std     4.760952   1.032796           0.175786        141.323453            0.001737               1.152134              1.196604               2.340297       0.072294        67.499164
min     1.000000   1.000000           7.808298        142.297744            0.001886               0.449219              0.000000               0.449219       0.068099        76.770000
25%     4.750000   2.000000           8.000829        170.979512            0.003625               1.035156              0.712394               1.747551       0.082988       102.816500
50%     8.500000   3.000000           8.157474        202.230104            0.004945               1.884766              1.693045               3.577810       0.100555       113.092000
75%    12.250000   4.000000           8.198218        299.815492            0.005849               2.734375              2.676777               5.411152       0.149177       151.329500
max    16.000000   5.000000           8.469622        530.196588            0.007028               3.320312              3.389089               6.709401       0.257472       257.472000
