Workflow Construction Summary Table
========================================================================================================================

 Comp  Groups Wall Time/Evt (s) CPU Time/Evt (s) Throughput (evt/s) Write Remote (MB/evt) Read Remote (MB/evt) Net Transfer (MB/evt) CPU Cores/Evt Memory/Evt (MB)
    1       1            7.7893          59.1591             0.0169                  0.45                 0.00                  0.45        0.0028            2.85
    2       2            7.7684          58.7965             0.0170                  0.45                 0.06                  0.51        0.0029            2.85
    3       2            7.7496          57.1864             0.0175                  0.45                 0.39                  0.84        0.0028            2.78
    4       2            7.7774          50.5494             0.0198                  2.54                 2.18                  4.72        0.0024            2.59
    5       2            7.7343          45.6710             0.0219                  1.23                 0.81                  2.05        0.0022            1.85
    6       3            7.7490          56.4512             0.0177                  0.45                 0.45                  0.90        0.0027            2.78
    7       3            7.7720          50.5287             0.0198                  2.54                 2.25                  4.78        0.0025            2.59
    8       3            7.7267          45.6830             0.0219                  1.23                 0.88                  2.11        0.0022            1.85
    9       3            7.7708          50.5240             0.0198                  2.54                 2.57                  5.11        0.0025            2.52
   10       3            7.7152          45.6061             0.0219                  1.23                 1.20                  2.43        0.0022            1.78
   11       3            7.7759          45.8086             0.0218                  3.32                 3.00                  6.32        0.0022            1.81
   12       4            7.7703          49.7893             0.0201                  2.54                 2.64                  5.18        0.0024            2.53
   13       4            7.7146          44.8712             0.0223                  1.23                 1.27                  2.50        0.0022            1.79
   14       4            7.7703          45.7872             0.0218                  3.32                 3.06                  6.38        0.0022            1.80
   15       4            7.7689          45.7821             0.0218                  3.32                 3.40                  6.72        0.0022            1.74
   16       5            7.7684          45.0474             0.0222                  3.32                 3.46                  6.78        0.0022            1.75

Summary Statistics:
------------------------------------------------------------------------------------------------------------------------
            Comp     Groups  Wall Time/Evt (s)  CPU Time/Evt (s)  Throughput (evt/s)  Write Remote (MB/evt)  Read Remote (MB/evt)  Net Transfer (MB/evt)  CPU Cores/Evt  Memory/Evt (MB)
count  16.000000  16.000000          16.000000         16.000000           16.000000              16.000000             16.000000              16.000000      16.000000        16.000000
mean    8.500000   3.000000           7.757574         49.827570            0.020267               1.884766              1.726748               3.611514       0.002423         2.242312
std     4.760952   1.032796           0.023213          5.263565            0.002003               1.152134              1.223851               2.367543       0.000247         0.470557
min     1.000000   1.000000           7.714617         44.871233            0.016904               0.449219              0.000000               0.449219       0.002196         1.737000
25%     4.750000   2.000000           7.745357         45.679956            0.019266               1.035156              0.723813               1.758970       0.002228         1.800250
50%     8.500000   3.000000           7.768642         47.798961            0.020957               1.884766              1.723546               3.608311       0.002329         2.189000
75%    12.250000   4.000000           7.771121         52.024816            0.021891               2.734375              2.729373               5.463748       0.002525         2.638750
max    16.000000   5.000000           7.789290         59.159130            0.022286               3.320312              3.464516               6.784828       0.002852         2.852000
