Workflow Construction Summary Table
========================================================================================================================

 Comp  Groups Wall Time/Evt (s) CPU Time/Evt (s) Throughput (evt/s) Write Remote (MB/evt) Read Remote (MB/evt) Net Transfer (MB/evt) CPU Cores/Evt Memory/Evt (MB)
    1       1            6.9724          55.7791             0.0179                  0.45                 0.00                  0.45        0.0019            1.92
    2       2            6.9577          55.6619             0.0180                  0.45                 0.06                  0.51        0.0019            1.92
    3       2            6.9431          55.5452             0.0180                  0.45                 0.38                  0.83        0.0019            1.92
    4       2            6.9376          55.5006             0.0180                  2.54                 2.09                  4.63        0.0019            1.92
    5       2            6.9358          55.4864             0.0180                  1.23                 0.78                  2.01        0.0019            1.92
    6       3            6.9424          55.5390             0.0180                  0.45                 0.44                  0.89        0.0019            1.92
    7       3            6.9334          55.4669             0.0180                  2.54                 2.15                  4.69        0.0019            1.92
    8       3            6.9292          55.4335             0.0180                  1.23                 0.84                  2.08        0.0019            1.92
    9       3            6.9304          55.4436             0.0180                  2.54                 2.47                  5.00        0.0019            1.92
   10       3            6.9232          55.3859             0.0181                  1.23                 1.16                  2.39        0.0019            1.92
   11       3            6.9289          55.4315             0.0180                  3.32                 2.87                  6.19        0.0019            1.92
   12       4            6.9297          55.4373             0.0180                  2.54                 2.53                  5.07        0.0019            1.92
   13       4            6.9225          55.3797             0.0181                  1.23                 1.22                  2.45        0.0019            1.92
   14       4            6.9247          55.3977             0.0181                  3.32                 2.93                  6.25        0.0019            1.92
   15       4            6.9218          55.3744             0.0181                  3.32                 3.25                  6.57        0.0019            1.92
   16       5            6.9210          55.3682             0.0181                  3.32                 3.31                  6.63        0.0019            1.92

Summary Statistics:
------------------------------------------------------------------------------------------------------------------------
            Comp     Groups  Wall Time/Evt (s)  CPU Time/Evt (s)  Throughput (evt/s)  Write Remote (MB/evt)  Read Remote (MB/evt)  Net Transfer (MB/evt)  CPU Cores/Evt  Memory/Evt (MB)
count  16.000000  16.000000          16.000000         16.000000           16.000000              16.000000             16.000000              16.000000      16.000000          16.0000
mean    8.500000   3.000000           6.934616         55.476930            0.018026               1.884766              1.655273               3.540039       0.001918           1.9184
std     4.760952   1.032796           0.013986          0.111892            0.000036               1.152134              1.168838               2.312666       0.000000           0.0000
min     1.000000   1.000000           6.921019         55.368151            0.017928               0.449219              0.000000               0.449219       0.001918           1.9184
25%     4.750000   2.000000           6.924344         55.394753            0.018015               1.035156              0.695801               1.730957       0.001918           1.9184
50%     8.500000   3.000000           6.930057         55.440453            0.018037               1.884766              1.655273               3.540039       0.001918           1.9184
75%    12.250000   4.000000           6.938779         55.510231            0.018052               2.734375              2.614746               5.349121       0.001918           1.9184
max    16.000000   5.000000           6.972389         55.779114            0.018061               3.320312              3.310547               6.630859       0.001918           1.9184
