Workflow Construction Summary Table
========================================================================================================================

 Comp  Groups Wall Time/Evt (s) CPU Time/Evt (s) Throughput (evt/s) Write Remote (MB/evt) Read Remote (MB/evt) Net Transfer (MB/evt) CPU Cores/Evt Memory/Evt (MB)
    1       1            7.8375          59.5262             0.0168                  0.45                 0.00                  0.45        0.0043            4.27
    2       2            7.8052          59.0780             0.0169                  0.45                 0.06                  0.51        0.0043            4.27
    3       2            7.7722          57.3565             0.0174                  0.45                 0.39                  0.84        0.0042            4.16
    4       2            7.7361          50.3022             0.0199                  2.54                 2.19                  4.73        0.0037            3.90
    5       2            7.7529          45.6310             0.0219                  1.23                 0.82                  2.05        0.0033            2.80
    6       3            7.7565          56.5593             0.0177                  0.45                 0.46                  0.90        0.0041            4.16
    7       3            7.7392          50.2915             0.0199                  2.54                 2.27                  4.81        0.0037            3.90
    8       3            7.7382          45.5749             0.0219                  1.23                 0.89                  2.12        0.0033            2.79
    9       3            7.7350          50.2119             0.0199                  2.54                 2.61                  5.15        0.0037            3.77
   10       3            7.7109          45.4951             0.0220                  1.23                 1.22                  2.46        0.0033            2.66
   11       3            7.7192          45.5200             0.0220                  3.32                 3.02                  6.34        0.0033            2.72
   12       4            7.7234          49.4826             0.0202                  2.54                 2.67                  5.21        0.0036            3.80
   13       4            7.7031          44.7287             0.0224                  1.23                 1.29                  2.52        0.0033            2.68
   14       4            7.7196          45.5040             0.0220                  3.32                 3.09                  6.41        0.0033            2.71
   15       4            7.7002          45.4524             0.0220                  3.32                 3.41                  6.73        0.0033            2.60
   16       5            7.7107          44.7234             0.0224                  3.32                 3.49                  6.81        0.0033            2.62

Summary Statistics:
------------------------------------------------------------------------------------------------------------------------
            Comp     Groups  Wall Time/Evt (s)  CPU Time/Evt (s)  Throughput (evt/s)  Write Remote (MB/evt)  Read Remote (MB/evt)  Net Transfer (MB/evt)  CPU Cores/Evt  Memory/Evt (MB)
count  16.000000  16.000000          16.000000         16.000000           16.000000              16.000000             16.000000              16.000000      16.000000        16.000000
mean    8.500000   3.000000           7.741233         49.714851            0.020327               1.884766              1.741800               3.626566       0.003622         3.363688
std     4.760952   1.032796           0.037444          5.446987            0.002070               1.152134              1.231573               2.375075       0.000376         0.703543
min     1.000000   1.000000           7.700189         44.723400            0.016799               0.449219              0.000000               0.449219       0.003280         2.601000
25%     4.750000   2.000000           7.717151         45.501779            0.019330               1.035156              0.729695               1.764851       0.003324         2.705750
50%     8.500000   3.000000           7.735518         47.556801            0.021062               1.884766              1.739909               3.624675       0.003476         3.285000
75%    12.250000   4.000000           7.753773         51.866447            0.021977               2.734375              2.756824               5.491199       0.003781         3.966000
max    16.000000   5.000000           7.837494         59.526154            0.022360               3.320312              3.486685               6.806998       0.004272         4.272000
