Workflow Construction Summary Table
========================================================================================================================

 Comp  Groups Wall Time/Evt (s) CPU Time/Evt (s) Throughput (evt/s) Write Remote (MB/evt) Read Remote (MB/evt) Net Transfer (MB/evt) CPU Cores/Evt Memory/Evt (MB)
    1       2           51.9855         182.3254             0.0055                  0.89                 0.62                  1.51        0.0071           14.26
    2       2           51.9855         182.3254             0.0055                  0.89                 0.62                  1.51        0.0071           14.26
    3       3           51.9955         182.3694             0.0055                  0.89                 0.79                  1.68        0.0071           14.26
    4       3           51.9955         182.3694             0.0055                  0.89                 0.79                  1.68        0.0071           14.26
    5       3           51.9045         182.0337             0.0055                  0.89                 0.79                  1.68        0.0071           14.27
    6       3           51.9045         182.0337             0.0055                  0.89                 0.79                  1.68        0.0071           14.27
    7       3           51.9930         182.4305             0.0055                  1.50                 1.34                  2.85        0.0071           14.24
    8       3           51.9930         182.4305             0.0055                  1.50                 1.34                  2.85        0.0071           14.24
    9       3           51.8504         181.8461             0.0055                  0.89                 1.24                  2.13        0.0071           14.26
   10       3           51.9933         182.3737             0.0055                  2.06                 1.99                  4.05        0.0071           14.27
   11       3           51.9933         182.3737             0.0055                  2.06                 1.99                  4.05        0.0071           14.27
   12       4           51.9252         182.0989             0.0055                  0.89                 0.96                  1.84        0.0071           14.28
   13       4           51.9252         182.0989             0.0055                  0.89                 0.96                  1.84        0.0071           14.28
   14       4           52.0114         182.4912             0.0055                  1.50                 1.51                  3.01        0.0071           14.25
   15       4           52.0114         182.4912             0.0055                  1.50                 1.51                  3.01        0.0071           14.25
   16       4           51.8345         181.8380             0.0055                  0.89                 1.41                  2.30        0.0071           14.27
   17       4           51.8345         181.8380             0.0055                  0.89                 1.41                  2.30        0.0071           14.27
   18       4           51.9641         182.2443             0.0055                  1.50                 1.52                  3.02        0.0071           14.27
   19       4           51.9641         182.2443             0.0055                  1.50                 1.52                  3.02        0.0071           14.27
   20       4           52.0010         182.4129             0.0055                  2.06                 2.16                  4.22        0.0071           14.27
   21       4           51.9411         182.3901             0.0055                  2.68                 2.70                  5.37        0.0071           14.22
   22       4           52.0010         182.4129             0.0055                  2.06                 2.16                  4.22        0.0071           14.27
   23       4           51.9411         182.3901             0.0055                  2.68                 2.70                  5.37        0.0071           14.22
   24       4           51.9279         182.2404             0.0055                  2.06                 2.16                  4.22        0.0071           14.25
   25       4           51.9279         182.2404             0.0055                  2.06                 2.16                  4.22        0.0071           14.25
   26       4           51.8693         182.1775             0.0055                  2.06                 2.60                  4.66        0.0071           14.23
   27       4           51.8456         181.9322             0.0055                  1.50                 1.97                  3.48        0.0071           14.24
   28       5           51.8686         181.9303             0.0055                  0.89                 1.58                  2.46        0.0071           14.28
   29       5           51.9255         182.1910             0.0055                  1.50                 1.68                  3.18        0.0071           14.27
   30       5           51.9255         182.1910             0.0055                  1.50                 1.68                  3.18        0.0071           14.27
   31       5           51.9105         182.3528             0.0055                  2.68                 2.85                  5.53        0.0071           14.22
   32       5           51.9105         182.3528             0.0055                  2.68                 2.85                  5.53        0.0071           14.22
   33       5           51.9879         182.3843             0.0055                  2.06                 2.32                  4.38        0.0071           14.27
   34       5           51.9879         182.3843             0.0055                  2.06                 2.32                  4.38        0.0071           14.27
   35       5           51.8584         182.1795             0.0055                  2.06                 2.76                  4.82        0.0071           14.23
   36       5           51.8584         182.1795             0.0055                  2.06                 2.76                  4.82        0.0071           14.23
   37       5           51.8281         181.9210             0.0055                  1.50                 2.14                  3.64        0.0071           14.24
   38       5           51.8281         181.9210             0.0055                  1.50                 2.14                  3.64        0.0071           14.24
   39       5           51.9107         182.3268             0.0055                  2.68                 2.85                  5.53        0.0071           14.22
   40       5           51.9107         182.3268             0.0055                  2.68                 2.85                  5.53        0.0071           14.22
   41       5           51.8901         182.3401             0.0055                  2.68                 3.32                  6.00        0.0071           14.20
   42       6           51.9003         182.2873             0.0055                  2.06                 2.93                  4.99        0.0071           14.24
   43       6           51.8710         182.0308             0.0055                  1.50                 2.32                  3.82        0.0071           14.26
   44       6           51.9219         182.3733             0.0055                  2.68                 3.02                  5.70        0.0071           14.23
   45       6           51.9219         182.3733             0.0055                  2.68                 3.02                  5.70        0.0071           14.23
   46       6           51.8542         182.2921             0.0055                  2.68                 3.47                  6.15        0.0071           14.20
   47       6           51.8542         182.2921             0.0055                  2.68                 3.47                  6.15        0.0071           14.20
   48       7           51.9208         182.4491             0.0055                  2.68                 3.66                  6.33        0.0071           14.21

Summary Statistics:
------------------------------------------------------------------------------------------------------------------------
        Comp     Groups  Wall Time/Evt (s)  CPU Time/Evt (s)  Throughput (evt/s)  Write Remote (MB/evt)  Read Remote (MB/evt)  Net Transfer (MB/evt)  CPU Cores/Evt  Memory/Evt (MB)
count  48.00  48.000000          48.000000         48.000000           48.000000              48.000000             48.000000              48.000000      48.000000        48.000000
mean   24.50   4.333333          51.924270        182.240249            0.005487               1.782451              2.035153               3.817605       0.007124        14.247533
std    14.00   1.117241           0.056963          0.185879            0.000006               0.668887              0.835859               1.476511       0.000012         0.023002
min     1.00   2.000000          51.828094        181.838023            0.005480               0.888672              0.623969               1.512641       0.007101        14.201600
25%    12.75   4.000000          51.870603        182.157837            0.005483               1.350435              1.408790               2.751970       0.007114        14.228800
50%    24.50   4.000000          51.923572        182.308757            0.005485               1.782451              2.136692               3.936900       0.007127        14.254400
75%    36.25   5.000000          51.986080        182.373706            0.005490               2.214468              2.763084               5.086498       0.007134        14.268800
max    48.00   7.000000          52.011364        182.491199            0.005499               2.676230              3.658025               6.334255       0.007142        14.283200
