Workflow Construction Summary Table
========================================================================================================================

 Comp  Groups Wall Time/Evt (s) CPU Time/Evt (s) Throughput (evt/s) Write Remote (MB/evt) Read Remote (MB/evt) Net Transfer (MB/evt) CPU Cores/Evt Memory/Evt (MB)
    1       1            7.8375         476.2092             0.0021                  0.45                 0.00                  0.45        0.0342           34.18
    2       2            7.8052         471.2117             0.0021                  0.45                 0.06                  0.51        0.0339           33.98
    3       2            7.7722         447.1397             0.0022                  0.45                 0.39                  0.84        0.0324           32.59
    4       2            7.7529         216.0949             0.0046                  1.23                 0.82                  2.05        0.0156           15.89
    5       2            7.7361         177.9296             0.0056                  2.54                 2.19                  4.73        0.0130           16.00
    6       3            7.7565         446.6672             0.0022                  0.45                 0.46                  0.90        0.0323           32.53
    7       3            7.7382         212.1744             0.0047                  1.23                 0.89                  2.12        0.0154           15.68
    8       3            7.7392         174.3035             0.0057                  2.54                 2.27                  4.81        0.0127           15.80
    9       3            7.7109         187.5310             0.0053                  1.23                 1.22                  2.46        0.0136           14.05
   10       3            7.7350         151.4024             0.0066                  2.54                 2.61                  5.15        0.0110           14.27
   11       3            7.7192         150.0145             0.0067                  3.32                 3.02                  6.34        0.0109           11.90
   12       4            7.7031         187.9186             0.0053                  1.23                 1.29                  2.52        0.0136           14.13
   13       4            7.7234         152.4158             0.0066                  2.54                 2.67                  5.21        0.0112           14.46
   14       4            7.7196         146.3023             0.0068                  3.32                 3.09                  6.41        0.0107           11.70
   15       4            7.7002         122.5511             0.0082                  3.32                 3.41                  6.73        0.0090           10.21
   16       5            7.7107         123.7943             0.0081                  3.32                 3.49                  6.81        0.0092           10.32

Summary Statistics:
------------------------------------------------------------------------------------------------------------------------
            Comp     Groups  Wall Time/Evt (s)  CPU Time/Evt (s)  Throughput (evt/s)  Write Remote (MB/evt)  Read Remote (MB/evt)  Net Transfer (MB/evt)  CPU Cores/Evt  Memory/Evt (MB)
count  16.000000  16.000000          16.000000         16.000000           16.000000              16.000000             16.000000              16.000000      16.000000        16.000000
mean    8.500000   3.000000           7.741233        240.228767            0.005185               1.884766              1.741800               3.626566       0.017425        18.605125
std     4.760952   1.032796           0.037444        134.051270            0.002056               1.152134              1.231573               2.375075       0.009604         8.970737
min     1.000000   1.000000           7.700189        122.551118            0.002100               0.449219              0.000000               0.449219       0.009036        10.206000
25%     4.750000   2.000000           7.717151        151.055466            0.004030               1.035156              0.729695               1.764851       0.011013        13.515000
50%     8.500000   3.000000           7.735518        182.730314            0.005476               1.884766              1.739909               3.624675       0.013256        15.068000
75%    12.250000   4.000000           7.753773        273.737953            0.006620               2.734375              2.756824               5.491199       0.019777        20.132500
max    16.000000   5.000000           7.837494        476.209232            0.008160               3.320312              3.486685               6.806998       0.034176        34.176000
