Workflow Construction Summary Table
========================================================================================================================

 Comp  Groups Wall Time/Evt (s) CPU Time/Evt (s) Throughput (evt/s) Write Remote (MB/evt) Read Remote (MB/evt) Net Transfer (MB/evt) CPU Cores/Evt Memory/Evt (MB)
    1       1            7.7193         470.0242             0.0021                  0.45                 0.00                  0.45        0.0057            5.67
    2       2            7.7208         466.6584             0.0021                  0.45                 0.06                  0.51        0.0056            5.64
    3       2            7.8062         219.5699             0.0046                  1.23                 0.81                  2.04        0.0026            2.61
    4       2            7.7342         443.4306             0.0023                  0.45                 0.39                  0.84        0.0054            5.39
    5       2            8.1102         193.8539             0.0052                  2.54                 2.18                  4.72        0.0021            2.63
    6       3            7.7581         443.4906             0.0023                  0.45                 0.47                  0.92        0.0054            5.40
    7       3            7.8103         216.3881             0.0046                  1.23                 0.88                  2.11        0.0025            2.58
    8       3            8.2360         165.8063             0.0060                  3.32                 2.98                  6.30        0.0018            1.96
    9       3            8.1155         190.7393             0.0052                  2.54                 2.25                  4.78        0.0021            2.61
   10       3            8.1603         168.9355             0.0059                  2.54                 2.58                  5.12        0.0019            2.39
   11       3            7.8240         192.7610             0.0052                  1.23                 1.20                  2.43        0.0022            2.32
   12       4            8.1528         168.3340             0.0059                  2.54                 2.64                  5.18        0.0018            2.38
   13       4            7.8305         192.7861             0.0052                  1.23                 1.27                  2.50        0.0022            2.32
   14       4            8.2407         162.6716             0.0061                  3.32                 3.05                  6.37        0.0018            1.93
   15       4            8.2759         140.8637             0.0071                  3.32                 3.37                  6.69        0.0015            1.69
   16       5            8.2819         140.8879             0.0071                  3.32                 3.44                  6.76        0.0015            1.69

Summary Statistics:
------------------------------------------------------------------------------------------------------------------------
            Comp     Groups  Wall Time/Evt (s)  CPU Time/Evt (s)  Throughput (evt/s)  Write Remote (MB/evt)  Read Remote (MB/evt)  Net Transfer (MB/evt)  CPU Cores/Evt  Memory/Evt (MB)
count  16.000000  16.000000          16.000000         16.000000           16.000000              16.000000             16.000000              16.000000      16.000000        16.000000
mean    8.500000   3.000000           7.986050        248.575075            0.004810               1.884766              1.723376               3.608141       0.002880         3.075675
std     4.760952   1.032796           0.225062        125.754936            0.001719               1.152134              1.215221               2.358785       0.001597         1.492884
min     1.000000   1.000000           7.719335        140.863689            0.002128               0.449219              0.000000               0.449219       0.001501         1.693200
25%     4.750000   2.000000           7.794196        167.702070            0.003980               1.035156              0.727679               1.762835       0.001832         2.227900
50%     8.500000   3.000000           7.970348        192.773535            0.005187               1.884766              1.723445               3.608211       0.002181         2.483800
75%    12.250000   4.000000           8.179220        275.535094            0.005963               2.734375              2.724396               5.458771       0.003258         3.321200
max    16.000000   5.000000           8.281930        470.024227            0.007099               3.320312              3.437646               6.757959       0.005670         5.670400
