Workflow Construction Summary Table
========================================================================================================================

 Comp  Groups Wall Time/Evt (s) CPU Time/Evt (s) Throughput (evt/s) Write Remote (MB/evt) Read Remote (MB/evt) Net Transfer (MB/evt) CPU Cores/Evt Memory/Evt (MB)
    1       1            7.0440         450.8189             0.0022                  0.45                 0.00                  0.45        0.0307           30.72
    2       2            7.0145         445.9152             0.0022                  0.45                 0.06                  0.51        0.0305           30.50
    3       2            6.9848         422.8231             0.0024                  0.45                 0.38                  0.83        0.0290           29.21
    4       2            6.9679         205.5416             0.0049                  1.23                 0.78                  2.01        0.0141           14.35
    5       2            6.9664         169.1466             0.0059                  2.54                 2.09                  4.63        0.0116           14.35
    6       3            6.9832         422.8166             0.0024                  0.45                 0.44                  0.89        0.0290           29.21
    7       3            6.9544         201.6670             0.0050                  1.23                 0.84                  2.08        0.0138           14.13
    8       3            6.9579         165.5907             0.0060                  2.54                 2.15                  4.69        0.0114           14.19
    9       3            6.9420         179.6808             0.0056                  1.23                 1.16                  2.39        0.0124           12.84
   10       3            6.9515         143.9885             0.0069                  2.54                 2.47                  5.00        0.0100           12.90
   11       3            6.9461         142.2727             0.0070                  3.32                 2.87                  6.19        0.0098           10.66
   12       4            6.9404         179.6743             0.0056                  1.23                 1.22                  2.45        0.0124           12.84
   13       4            6.9499         143.9821             0.0069                  2.54                 2.53                  5.07        0.0100           12.91
   14       4            6.9376         138.7168             0.0072                  3.32                 2.93                  6.25        0.0096           10.50
   15       4            6.9312         117.1147             0.0085                  3.32                 3.25                  6.57        0.0082            9.21
   16       5            6.9296         117.1082             0.0085                  3.32                 3.31                  6.63        0.0082            9.21

Summary Statistics:
------------------------------------------------------------------------------------------------------------------------
            Comp     Groups  Wall Time/Evt (s)  CPU Time/Evt (s)  Throughput (evt/s)  Write Remote (MB/evt)  Read Remote (MB/evt)  Net Transfer (MB/evt)  CPU Cores/Evt  Memory/Evt (MB)
count  16.000000  16.000000          16.000000         16.000000           16.000000              16.000000             16.000000              16.000000      16.000000        16.000000
mean    8.500000   3.000000           6.962597        227.928597            0.005456               1.884766              1.655273               3.540039       0.015677        16.732500
std     4.760952   1.032796           0.031146        126.570521            0.002161               1.152134              1.168838               2.312666       0.008614         8.039868
min     1.000000   1.000000           6.929583        117.108201            0.002218               0.449219              0.000000               0.449219       0.008160         9.208000
25%     4.750000   2.000000           6.941595        143.554720            0.004240               1.035156              0.695801               1.730957       0.009950        12.294000
50%     8.500000   3.000000           6.952974        174.410446            0.005739               1.884766              1.655273               3.540039       0.012016        13.517000
75%    12.250000   4.000000           6.971708        259.860318            0.006966               2.734375              2.614746               5.349121       0.017826        18.066000
max    16.000000   5.000000           7.044045        450.818875            0.008539               3.320312              3.310547               6.630859       0.030720        30.720000
