Workflow Construction Summary Table
========================================================================================================================

 Comp  Groups Wall Time/Evt (s) CPU Time/Evt (s) Throughput (evt/s) Write Remote (MB/evt) Read Remote (MB/evt) Net Transfer (MB/evt) CPU Cores/Evt Memory/Evt (MB)
    1       2           52.3959         361.2632             0.0028                  0.89                 0.62                  1.51        0.0281           28.57
    2       2           52.3959         361.2632             0.0028                  0.89                 0.62                  1.51        0.0281           27.85
    3       3           52.4015         361.2726             0.0028                  0.89                 0.79                  1.68        0.0281           28.58
    4       3           52.4015         361.2726             0.0028                  0.89                 0.79                  1.68        0.0281           27.86
    5       3           52.1785         358.3481             0.0028                  0.89                 0.79                  1.68        0.0280           28.41
    6       3           52.1785         358.3481             0.0028                  0.89                 0.79                  1.68        0.0280           27.86
    7       3           52.2262         183.2633             0.0055                  1.50                 1.34                  2.85        0.0143           28.52
    8       3           52.2262         183.2633             0.0055                  1.50                 1.34                  2.85        0.0143           27.80
    9       3           51.9215         351.9764             0.0028                  0.89                 1.25                  2.14        0.0276           27.80
   10       3           51.8226         322.6844             0.0031                  2.06                 1.99                  4.05        0.0253           28.53
   11       3           51.8226         322.6844             0.0031                  2.06                 1.99                  4.05        0.0253           27.80
   12       4           52.1583         358.2998             0.0028                  0.89                 0.96                  1.85        0.0280           28.41
   13       4           52.1583         358.2998             0.0028                  0.89                 0.96                  1.85        0.0280           27.86
   14       4           52.2429         183.2887             0.0055                  1.50                 1.51                  3.02        0.0143           28.55
   15       4           52.2429         183.2887             0.0055                  1.50                 1.51                  3.02        0.0143           27.81
   16       4           51.9361         352.0267             0.0028                  0.89                 1.42                  2.31        0.0276           27.83
   17       4           51.9361         352.0267             0.0028                  0.89                 1.42                  2.31        0.0276           27.83
   18       4           51.9952         182.4954             0.0055                  1.50                 1.51                  3.01        0.0143           28.36
   19       4           51.9952         182.4954             0.0055                  1.50                 1.51                  3.01        0.0143           27.81
   20       4           51.8086         322.6543             0.0031                  2.06                 2.16                  4.23        0.0253           28.53
   21       4           51.6668         181.3873             0.0055                  2.68                 2.70                  5.38        0.0143           28.49
   22       4           51.8086         322.6543             0.0031                  2.06                 2.16                  4.23        0.0253           27.80
   23       4           51.6668         181.3873             0.0055                  2.68                 2.70                  5.38        0.0143           27.78
   24       4           51.7628         322.5161             0.0031                  2.06                 2.16                  4.22        0.0253           28.36
   25       4           51.7628         322.5161             0.0031                  2.06                 2.16                  4.22        0.0253           27.81
   26       4           51.7545         322.6861             0.0031                  2.06                 2.60                  4.67        0.0254           27.81
   27       4           51.8024         181.8114             0.0055                  1.50                 1.96                  3.47        0.0143           27.79
   28       5           51.9193         351.9560             0.0028                  0.89                 1.59                  2.48        0.0276           27.80
   29       5           51.9870         182.4711             0.0055                  1.50                 1.68                  3.19        0.0143           28.36
   30       5           51.9870         182.4711             0.0055                  1.50                 1.68                  3.19        0.0143           27.81
   31       5           51.6569         181.3595             0.0055                  2.68                 2.87                  5.55        0.0143           28.50
   32       5           51.6569         181.3595             0.0055                  2.68                 2.87                  5.55        0.0143           27.78
   33       5           51.7538         322.5074             0.0031                  2.06                 2.33                  4.39        0.0253           28.36
   34       5           51.7538         322.5074             0.0031                  2.06                 2.33                  4.39        0.0253           27.82
   35       5           51.7388         322.6411             0.0031                  2.06                 2.77                  4.84        0.0254           27.83
   36       5           51.7388         322.6411             0.0031                  2.06                 2.77                  4.84        0.0254           27.82
   37       5           51.7697         181.7379             0.0055                  1.50                 2.13                  3.64        0.0143           27.79
   38       5           51.7697         181.7379             0.0055                  1.50                 2.13                  3.64        0.0143           27.77
   39       5           51.5986         181.1905             0.0055                  2.68                 2.87                  5.55        0.0143           28.33
   40       5           51.5986         181.1905             0.0055                  2.68                 2.87                  5.55        0.0143           27.77
   41       5           51.5134         180.9805             0.0055                  2.68                 3.32                  5.99        0.0143           27.73
   42       6           51.7324         322.5970             0.0031                  2.06                 2.95                  5.01        0.0254           27.80
   43       6           51.7651         181.7210             0.0055                  1.50                 2.30                  3.80        0.0143           27.76
   44       6           51.5446         181.0746             0.0055                  2.68                 3.03                  5.71        0.0143           28.31
   45       6           51.5446         181.0746             0.0055                  2.68                 3.03                  5.71        0.0143           27.75
   46       6           51.5135         180.9725             0.0055                  2.68                 3.48                  6.16        0.0143           27.75
   47       6           51.5135         180.9725             0.0055                  2.68                 3.48                  6.16        0.0143           27.77
   48       7           51.5239         180.9855             0.0055                  2.68                 3.66                  6.34        0.0143           27.75

Summary Statistics:
------------------------------------------------------------------------------------------------------------------------
        Comp     Groups  Wall Time/Evt (s)  CPU Time/Evt (s)  Throughput (evt/s)  Write Remote (MB/evt)  Read Remote (MB/evt)  Net Transfer (MB/evt)  CPU Cores/Evt  Memory/Evt (MB)
count  48.00  48.000000          48.000000         48.000000           48.000000              48.000000             48.000000              48.000000      48.000000        48.000000
mean   24.50   4.333333          51.880186        260.867149            0.004225               1.782451              2.039482               3.821933       0.020450        28.016267
std    14.00   1.117241           0.263854         80.847173            0.001293               0.668887              0.839259               1.479999       0.006304         0.315312
min     1.00   2.000000          51.513426        180.972499            0.002768               0.888672              0.621255               1.509926       0.014255        27.729000
25%    12.75   4.000000          51.715984        181.637588            0.003035               1.350435              1.417829               2.754617       0.014276        27.796050
50%    24.50   4.000000          51.805484        252.898082            0.004278               1.782451              2.133169               3.928970       0.019818        27.815600
75%    36.25   5.000000          52.035943        330.003606            0.005505               2.214468              2.774790               5.101015       0.025931        28.363300
max    48.00   7.000000          52.401542        361.272609            0.005526               2.676230              3.659030               6.335260       0.028099        28.582400
