Workflow Construction Summary Table
========================================================================================================================

 Comp  Groups Wall Time/Evt (s) CPU Time/Evt (s) Throughput (evt/s) Write Remote (MB/evt) Read Remote (MB/evt) Net Transfer (MB/evt) CPU Cores/Evt Memory/Evt (MB)
    1       2           40.4680        2457.5687             0.0004                  0.89                 0.54                  1.43        0.0290           29.07
    2       2           40.4680        2457.5687             0.0004                  0.89                 0.54                  1.43        0.0290           29.07
    3       3           40.4751        2456.6781             0.0004                  0.89                 0.69                  1.57        0.0290           29.04
    4       3           40.4751        2456.6781             0.0004                  0.89                 0.69                  1.57        0.0290           29.04
    5       3           40.4589        2436.4220             0.0004                  0.89                 0.69                  1.58        0.0288           28.85
    6       3           40.4589        2436.4220             0.0004                  0.89                 0.69                  1.58        0.0288           28.85
    7       3           40.4734        2453.1284             0.0004                  1.50                 1.17                  2.68        0.0289           29.02
    8       3           40.4734        2453.1284             0.0004                  1.50                 1.17                  2.68        0.0289           29.02
    9       3           40.4360        2372.8499             0.0004                  0.89                 1.10                  1.99        0.0280           28.19
   10       3           40.4688         732.4335             0.0014                  2.06                 1.75                  3.81        0.0087           11.67
   11       3           40.4688         732.4335             0.0014                  2.06                 1.75                  3.81        0.0087           11.67
   12       4           40.4595        2435.5182             0.0004                  0.89                 0.84                  1.73        0.0287           28.82
   13       4           40.4595        2435.5182             0.0004                  0.89                 0.84                  1.73        0.0287           28.82
   14       4           40.4740        2452.2248             0.0004                  1.50                 1.32                  2.83        0.0289           29.00
   15       4           40.4740        2452.2248             0.0004                  1.50                 1.32                  2.83        0.0289           29.00
   16       4           40.4352        2371.9435             0.0004                  0.89                 1.25                  2.14        0.0280           28.16
   17       4           40.4352        2371.9435             0.0004                  0.89                 1.25                  2.14        0.0280           28.16
   18       4           40.4475        2432.4818             0.0004                  1.50                 1.32                  2.82        0.0287           28.81
   19       4           40.4475        2432.4818             0.0004                  1.50                 1.32                  2.82        0.0287           28.81
   20       4           40.4562         731.6047             0.0014                  2.06                 1.89                  3.95        0.0087           11.65
   21       4           40.4277         609.5194             0.0016                  2.68                 2.37                  5.05        0.0072           11.65
   22       4           40.4562         731.6047             0.0014                  2.06                 1.89                  3.95        0.0087           11.65
   23       4           40.4277         609.5194             0.0016                  2.68                 2.37                  5.05        0.0072           11.65
   24       4           40.4473         713.6086             0.0014                  2.06                 1.89                  3.95        0.0085           11.46
   25       4           40.4473         713.6086             0.0014                  2.06                 1.89                  3.95        0.0085           11.46
   26       4           40.4300         651.4510             0.0015                  2.06                 2.29                  4.35        0.0077           10.81
   27       4           40.4252        2369.4743             0.0004                  1.50                 1.72                  3.23        0.0280           28.17
   28       5           40.4372        2371.5621             0.0004                  0.89                 1.40                  2.28        0.0280           28.15
   29       5           40.4655        2431.5869             0.0004                  1.50                 1.47                  2.98        0.0287           28.79
   30       5           40.4655        2431.5869             0.0004                  1.50                 1.47                  2.98        0.0287           28.79
   31       5           40.4283         608.6158             0.0016                  2.68                 2.52                  5.20        0.0072           11.63
   32       5           40.4283         608.6158             0.0016                  2.68                 2.52                  5.20        0.0072           11.63
   33       5           40.4479         712.7049             0.0014                  2.06                 2.04                  4.10        0.0085           11.44
   34       5           40.4479         712.7049             0.0014                  2.06                 2.04                  4.10        0.0085           11.44
   35       5           40.4306         650.5473             0.0015                  2.06                 2.44                  4.50        0.0077           10.78
   36       5           40.4306         650.5473             0.0015                  2.06                 2.44                  4.50        0.0077           10.78
   37       5           40.4258        2368.5706             0.0004                  1.50                 1.87                  3.38        0.0280           28.14
   38       5           40.4258        2368.5706             0.0004                  1.50                 1.87                  3.38        0.0280           28.14
   39       5           40.4092         590.3022             0.0017                  2.68                 2.52                  5.19        0.0070           11.45
   40       5           40.4092         590.3022             0.0017                  2.68                 2.52                  5.19        0.0070           11.45
   41       5           40.4236         527.0802             0.0019                  2.68                 2.92                  5.60        0.0062           10.77
   42       6           40.4331         649.6446             0.0015                  2.06                 2.59                  4.65        0.0077           10.75
   43       6           40.4264        2367.6408             0.0004                  1.50                 2.02                  3.53        0.0280           28.11
   44       6           40.4242         589.3137             0.0017                  2.68                 2.67                  5.35        0.0070           11.42
   45       6           40.4242         589.3137             0.0017                  2.68                 2.67                  5.35        0.0070           11.42
   46       6           40.4242         526.1766             0.0019                  2.68                 3.07                  5.75        0.0062           10.75
   47       6           40.4242         526.1766             0.0019                  2.68                 3.07                  5.75        0.0062           10.75
   48       7           40.4179         525.5445             0.0019                  2.68                 3.22                  5.90        0.0062           10.72

Summary Statistics:
------------------------------------------------------------------------------------------------------------------------
        Comp     Groups  Wall Time/Evt (s)  CPU Time/Evt (s)  Throughput (evt/s)  Write Remote (MB/evt)  Read Remote (MB/evt)  Net Transfer (MB/evt)  CPU Cores/Evt  Memory/Evt (MB)
count  48.00  48.000000          48.000000         48.000000           48.000000              48.000000             48.000000              48.000000      48.000000        48.000000
mean   24.50   4.333333          40.444260       1528.273890            0.001002               1.782451              1.790016               3.572467       0.018048        19.976967
std    14.00   1.117241           0.019806        902.697157            0.000609               0.668887              0.741455               1.383231       0.010637         8.791515
min     1.00   2.000000          40.409196        525.544499            0.000407               0.888672              0.537217               1.425889       0.006213        10.720800
25%    12.75   4.000000          40.427375        639.613304            0.000411               1.350435              1.247552               2.579301       0.007575        11.450200
50%    24.50   4.000000          40.442253       1550.037137            0.000894               1.782451              1.873393               3.666945       0.018311        19.888000
75%    36.25   5.000000          40.461017       2433.240907            0.001565               2.214468              2.440185               4.751544       0.028725        28.815400
max    48.00   7.000000          40.475147       2457.568708            0.001903               2.676230              3.220282               5.896512       0.028978        29.071200
