Workflow Construction Summary Table
========================================================================================================================

 Comp  Groups Wall Time/Evt (s) CPU Time/Evt (s) Throughput (evt/s) Write Remote (MB/evt) Read Remote (MB/evt) Net Transfer (MB/evt) CPU Cores/Evt Memory/Evt (MB)
    1       1            9.2247          64.9661             0.0154                  0.45                 0.00                  0.45        0.0025            2.52
    2       2            9.2128          64.6419             0.0155                  0.45                 0.07                  0.52        0.0025            2.52
    3       2            9.2213          62.9550             0.0159                  0.45                 0.43                  0.88        0.0024            2.45
    4       2            9.7195          58.0282             0.0172                  2.54                 2.41                  4.94        0.0022            2.30
    5       2            9.3345          50.9804             0.0196                  1.23                 0.90                  2.13        0.0020            1.64
    6       3            9.2358          62.0832             0.0161                  0.45                 0.51                  0.96        0.0024            2.45
    7       3            9.7038          58.0131             0.0172                  2.54                 2.47                  5.01        0.0022            2.29
    8       3            9.3251          50.9492             0.0196                  1.23                 0.96                  2.19        0.0020            1.63
    9       3            9.7278          58.0930             0.0172                  2.54                 2.83                  5.37        0.0022            2.23
   10       3            9.3494          51.0478             0.0196                  1.23                 1.32                  2.55        0.0020            1.57
   11       3            9.7953          52.6925             0.0190                  3.32                 3.28                  6.60        0.0019            1.59
   12       4            9.7296          57.3005             0.0175                  2.54                 2.89                  5.43        0.0021            2.24
   13       4            9.3543          50.1729             0.0199                  1.23                 1.39                  2.62        0.0019            1.57
   14       4            9.7762          52.6702             0.0190                  3.32                 3.34                  6.66        0.0020            1.58
   15       4            9.8316          52.8488             0.0189                  3.32                 3.71                  7.03        0.0020            1.51
   16       5            9.8325          51.9251             0.0193                  3.32                 3.78                  7.11        0.0019            1.51

Summary Statistics:
------------------------------------------------------------------------------------------------------------------------
            Comp     Groups  Wall Time/Evt (s)  CPU Time/Evt (s)  Throughput (evt/s)  Write Remote (MB/evt)  Read Remote (MB/evt)  Net Transfer (MB/evt)  CPU Cores/Evt  Memory/Evt (MB)
count  16.000000  16.000000          16.000000         16.000000           16.000000              16.000000             16.000000              16.000000      16.000000        16.000000
mean    8.500000   3.000000           9.523379         56.210485            0.017931               1.884766              1.892091               3.776856       0.002130         1.975275
std     4.760952   1.032796           0.255252          5.239136            0.001615               1.152134              1.336786               2.480081       0.000226         0.422026
min     1.000000   1.000000           9.212763         50.172923            0.015393               0.449219              0.000000               0.449219       0.001918         1.513000
25%     4.750000   2.000000           9.302768         51.705784            0.016937               1.035156              0.798264               1.833420       0.001952         1.575650
50%     8.500000   3.000000           9.529070         55.074666            0.018187               1.884766              1.897169               3.781934       0.002046         1.935800
75%    12.250000   4.000000           9.741249         59.090522            0.019341               2.734375              2.986963               5.721338       0.002227         2.336150
max    16.000000   5.000000           9.832476         64.966093            0.019931               3.320312              3.784850               7.105162       0.002522         2.521600
