Workflow Construction Summary Table
========================================================================================================================

 Comp  Groups Wall Time/Evt (s) CPU Time/Evt (s) Throughput (evt/s) Write Remote (MB/evt) Read Remote (MB/evt) Net Transfer (MB/evt) CPU Cores/Evt Memory/Evt (MB)
    1       1            7.4951          58.7314             0.0170                  0.45                 0.00                  0.45        0.0080            8.00
    2       2            7.4339          58.0352             0.0172                  0.45                 0.07                  0.52        0.0080            7.98
    3       2            7.3662          56.0833             0.0178                  0.45                 0.38                  0.83        0.0078            7.78
    4       2            7.3331          49.0979             0.0204                  2.54                 2.13                  4.67        0.0068            7.30
    5       2            7.3292          44.4189             0.0225                  1.23                 0.79                  2.03        0.0062            5.24
    6       3            7.3685          55.3827             0.0181                  0.45                 0.45                  0.90        0.0077            7.79
    7       3            7.3156          49.0289             0.0204                  2.54                 2.20                  4.73        0.0069            7.29
    8       3            7.3044          44.3162             0.0226                  1.23                 0.86                  2.09        0.0062            5.21
    9       3            7.2973          48.9667             0.0204                  2.54                 2.51                  5.05        0.0069            7.08
   10       3            7.2757          44.2092             0.0226                  1.23                 1.18                  2.41        0.0062            5.01
   11       3            7.2896          44.2525             0.0226                  3.32                 2.92                  6.25        0.0062            5.09
   12       4            7.2986          48.2419             0.0207                  2.54                 2.58                  5.12        0.0068            7.08
   13       4            7.2721          43.4820             0.0230                  1.23                 1.24                  2.47        0.0061            5.02
   14       4            7.2718          44.1830             0.0226                  3.32                 2.99                  6.31        0.0062            5.07
   15       4            7.2585          44.1307             0.0227                  3.32                 3.31                  6.63        0.0062            4.87
   16       5            7.2550          43.4038             0.0230                  3.32                 3.37                  6.69        0.0061            4.88

Summary Statistics:
------------------------------------------------------------------------------------------------------------------------
            Comp     Groups  Wall Time/Evt (s)  CPU Time/Evt (s)  Throughput (evt/s)  Write Remote (MB/evt)  Read Remote (MB/evt)  Net Transfer (MB/evt)  CPU Cores/Evt  Memory/Evt (MB)
count  16.000000  16.000000          16.000000         16.000000           16.000000              16.000000             16.000000              16.000000      16.000000        16.000000
mean    8.500000   3.000000           7.322794         48.497766            0.020855               1.884766              1.686593               3.571358       0.006772         6.292375
std     4.760952   1.032796           0.065830          5.543124            0.002207               1.152134              1.190408               2.334185       0.000705         1.314487
min     1.000000   1.000000           7.255047         43.403771            0.017027               0.449219              0.000000               0.449219       0.006126         4.867000
25%     4.750000   2.000000           7.274766         44.202637            0.019790               1.035156              0.708173               1.743330       0.006220         5.056750
50%     8.500000   3.000000           7.301517         46.330412            0.021621               1.884766              1.686973               3.571739       0.006494         6.158000
75%    12.250000   4.000000           7.341413         50.669114            0.022623               2.734375              2.665628               5.400003       0.007066         7.416750
max    16.000000   5.000000           7.495112         58.731426            0.023039               3.320312              3.371541               6.691853       0.008000         8.000000
