Workflow Construction Summary Table
========================================================================================================================

 Comp  Groups Wall Time/Evt (s) CPU Time/Evt (s) Throughput (evt/s) Write Remote (MB/evt) Read Remote (MB/evt) Net Transfer (MB/evt) CPU Cores/Evt Memory/Evt (MB)
    1       1            7.2024         451.2755             0.0022                  0.45                 0.00                  0.45        0.0214           21.38
    2       2            7.2024         448.2759             0.0022                  0.45                 0.06                  0.51        0.0213           21.29
    3       2            7.2024         426.6286             0.0023                  0.45                 0.39                  0.84        0.0202           20.30
    4       2            7.2024         205.0725             0.0049                  1.23                 0.79                  2.02        0.0097            9.91
    5       2            7.2024         170.8288             0.0059                  2.54                 2.13                  4.67        0.0082           10.06
    6       3            7.2024         426.6286             0.0023                  0.45                 0.45                  0.90        0.0202           20.31
    7       3            7.2024         202.0724             0.0049                  1.23                 0.86                  2.09        0.0096            9.82
    8       3            7.1837         167.1433             0.0060                  2.54                 2.19                  4.73        0.0079            9.84
    9       3            7.2024         179.7442             0.0056                  1.23                 1.17                  2.40        0.0085            8.79
   10       3            7.2024         146.1808             0.0068                  2.54                 2.52                  5.06        0.0070            8.98
   11       3            7.2024         143.4728             0.0070                  3.32                 2.92                  6.24        0.0069            7.48
   12       4            7.2024         179.7442             0.0056                  1.23                 1.24                  2.47        0.0085            8.81
   13       4            7.2024         146.8288             0.0068                  2.54                 2.59                  5.12        0.0070            9.07
   14       4            7.1831         139.7860             0.0072                  3.32                 2.97                  6.29        0.0067            7.32
   15       4            7.2024         118.8248             0.0084                  3.32                 3.30                  6.62        0.0057            6.40
   16       5            7.2024         119.4728             0.0084                  3.32                 3.37                  6.69        0.0057            6.48

Summary Statistics:
------------------------------------------------------------------------------------------------------------------------
            Comp     Groups  Wall Time/Evt (s)  CPU Time/Evt (s)  Throughput (evt/s)  Write Remote (MB/evt)  Read Remote (MB/evt)  Net Transfer (MB/evt)  CPU Cores/Evt  Memory/Evt (MB)
count  16.000000  16.000000          16.000000         16.000000           16.000000              16.000000             16.000000              16.000000      16.000000        16.000000
mean    8.500000   3.000000           7.200013        229.498744            0.005405               1.884766              1.683948               3.568713       0.010899        11.638250
std     4.760952   1.032796           0.006485        127.011401            0.002121               1.152134              1.188607               2.332166       0.005992         5.597485
min     1.000000   1.000000           7.183083        118.824796            0.002216               0.449219              0.000000               0.449219       0.005674         6.396000
25%     4.750000   2.000000           7.202378        145.503775            0.004243               1.035156              0.706866               1.742022       0.006945         8.458500
50%     8.500000   3.000000           7.202389        175.286495            0.005709               1.884766              1.686769               3.571535       0.008318         9.444000
75%    12.250000   4.000000           7.202392        260.461524            0.006873               2.734375              2.668351               5.402726       0.012335        12.622000
max    16.000000   5.000000           7.202394        451.275456            0.008416               3.320312              3.366973               6.687285       0.021376        21.376000
