Workflow Construction Summary Table
========================================================================================================================

 Comp  Groups Wall Time/Evt (s) CPU Time/Evt (s) Throughput (evt/s) Write Remote (MB/evt) Read Remote (MB/evt) Net Transfer (MB/evt) CPU Cores/Evt Memory/Evt (MB)
    1       1            7.1119         452.9962             0.0022                  0.45                 0.00                  0.45        0.0310           30.98
    2       2            7.0823         448.0926             0.0022                  0.45                 0.06                  0.51        0.0308           30.78
    3       2            7.0525         424.9877             0.0024                  0.45                 0.38                  0.83        0.0293           29.48
    4       2            7.0364         206.3785             0.0048                  1.23                 0.78                  2.01        0.0142           14.43
    5       2            7.0374         170.1472             0.0059                  2.54                 2.10                  4.64        0.0117           14.48
    6       3            7.0509         424.9813             0.0024                  0.45                 0.44                  0.89        0.0293           29.47
    7       3            7.0231         202.5089             0.0049                  1.23                 0.85                  2.08        0.0140           14.25
    8       3            7.0289         166.5852             0.0060                  2.54                 2.16                  4.70        0.0115           14.30
    9       3            7.0107         180.5121             0.0055                  1.23                 1.16                  2.39        0.0125           12.92
   10       3            7.0226         144.9790             0.0069                  2.54                 2.48                  5.02        0.0101           13.00
   11       3            7.0184         143.1274             0.0070                  3.32                 2.88                  6.20        0.0099           10.75
   12       4            7.0091         180.5057             0.0055                  1.23                 1.22                  2.45        0.0125           12.92
   13       4            7.0210         144.9726             0.0069                  2.54                 2.54                  5.08        0.0101           12.99
   14       4            7.0098         139.5654             0.0072                  3.32                 2.95                  6.27        0.0097           10.56
   15       4            7.0036         117.9585             0.0085                  3.32                 3.26                  6.58        0.0082            9.25
   16       5            7.0020         117.9521             0.0085                  3.32                 3.32                  6.65        0.0082            9.24

Summary Statistics:
------------------------------------------------------------------------------------------------------------------------
            Comp     Groups  Wall Time/Evt (s)  CPU Time/Evt (s)  Throughput (evt/s)  Write Remote (MB/evt)  Read Remote (MB/evt)  Net Transfer (MB/evt)  CPU Cores/Evt  Memory/Evt (MB)
count  16.000000  16.000000          16.000000         16.000000           16.000000              16.000000             16.000000              16.000000      16.000000        16.000000
mean    8.500000   3.000000           7.032540        229.140642            0.005424               1.884766              1.662270               3.547036       0.015801        16.862075
std     4.760952   1.032796           0.029877        127.128695            0.002145               1.152134              1.174505               2.318334       0.008701         8.124172
min     1.000000   1.000000           7.001989        117.952089            0.002208               0.449219              0.000000               0.449219       0.008200         9.244000
25%     4.750000   2.000000           7.010496        144.511270            0.004222               1.035156              0.697978               1.733134       0.010027        12.376500
50%     8.500000   3.000000           7.022851        175.326438            0.005709               1.884766              1.662206               3.546972       0.012111        13.622200
75%    12.250000   4.000000           7.040790        261.029208            0.006920               2.734375              2.627509               5.361884       0.017953        18.230700
max    16.000000   5.000000           7.111863        452.996236            0.008478               3.320312              3.324736               6.645048       0.030976        30.976000
