Workflow Construction Summary Table
========================================================================================================================

 Comp  Groups Wall Time/Evt (s) CPU Time/Evt (s) Throughput (evt/s) Write Remote (MB/evt) Read Remote (MB/evt) Net Transfer (MB/evt) CPU Cores/Evt Memory/Evt (MB)
    1       2           39.3031        2423.8656             0.0004                  0.89                 0.54                  1.43        0.0561           56.24
    2       2           39.3031        2423.8656             0.0004                  0.89                 0.54                  1.43        0.0561           56.24
    3       3           39.3100        2422.9614             0.0004                  0.89                 0.69                  1.58        0.0560           56.19
    4       3           39.3100        2422.9614             0.0004                  0.89                 0.69                  1.58        0.0560           56.19
    5       3           39.2323        2401.4850             0.0004                  0.89                 0.68                  1.57        0.0556           55.78
    6       3           39.2323        2401.4850             0.0004                  0.89                 0.68                  1.57        0.0556           55.78
    7       3           39.2508        2418.2747             0.0004                  1.50                 1.16                  2.66        0.0560           56.14
    8       3           39.2508        2418.2747             0.0004                  1.50                 1.16                  2.66        0.0560           56.14
    9       3           39.1966        2338.5936             0.0004                  0.89                 1.08                  1.97        0.0542           54.59
   10       3           39.1566         718.8702             0.0014                  2.06                 1.72                  3.78        0.0167           22.50
   11       3           39.1566         718.8702             0.0014                  2.06                 1.72                  3.78        0.0167           22.50
   12       4           39.2392        2400.5939             0.0004                  0.89                 0.83                  1.72        0.0556           55.73
   13       4           39.2392        2400.5939             0.0004                  0.89                 0.83                  1.72        0.0556           55.73
   14       4           39.2576        2417.3705             0.0004                  1.50                 1.31                  2.81        0.0559           56.09
   15       4           39.2576        2417.3705             0.0004                  1.50                 1.31                  2.81        0.0559           56.09
   16       4           39.1948        2337.6721             0.0004                  0.89                 1.23                  2.12        0.0542           54.54
   17       4           39.1948        2337.6721             0.0004                  0.89                 1.23                  2.12        0.0542           54.54
   18       4           39.1803        2395.9272             0.0004                  1.50                 1.30                  2.81        0.0555           55.73
   19       4           39.1803        2395.9272             0.0004                  1.50                 1.30                  2.81        0.0555           55.73
   20       4           39.1635         717.9660             0.0014                  2.06                 1.87                  3.93        0.0167           22.44
   21       4           39.1146         597.7452             0.0017                  2.68                 2.34                  5.01        0.0139           22.48
   22       4           39.1635         717.9660             0.0014                  2.06                 1.87                  3.93        0.0167           22.44
   23       4           39.1146         597.7452             0.0017                  2.68                 2.34                  5.01        0.0139           22.48
   24       4           39.1460         698.9903             0.0014                  2.06                 1.87                  3.93        0.0162           22.05
   25       4           39.1460         698.9903             0.0014                  2.06                 1.87                  3.93        0.0162           22.05
   26       4           39.1380         639.4430             0.0016                  2.06                 2.26                  4.32        0.0149           20.85
   27       4           39.1462        2333.1323             0.0004                  1.50                 1.70                  3.20        0.0541           54.51
   28       5           39.1844        2336.7463             0.0004                  0.89                 1.37                  2.26        0.0542           54.48
   29       5           39.1871        2395.0360             0.0004                  1.50                 1.45                  2.96        0.0555           55.68
   30       5           39.1871        2395.0360             0.0004                  1.50                 1.45                  2.96        0.0555           55.68
   31       5           39.1214         596.8410             0.0017                  2.68                 2.49                  5.16        0.0139           22.43
   32       5           39.1214         596.8410             0.0017                  2.68                 2.49                  5.16        0.0139           22.43
   33       5           39.1528         698.0861             0.0014                  2.06                 2.02                  4.08        0.0162           22.00
   34       5           39.1528         698.0861             0.0014                  2.06                 2.02                  4.08        0.0162           22.00
   35       5           39.1362         638.5215             0.0016                  2.06                 2.41                  4.47        0.0148           20.80
   36       5           39.1362         638.5215             0.0016                  2.06                 2.41                  4.47        0.0148           20.80
   37       5           39.1444        2331.9507             0.0004                  1.50                 1.85                  3.35        0.0541           54.44
   38       5           39.1444        2331.9507             0.0004                  1.50                 1.85                  3.35        0.0541           54.44
   39       5           39.1039         577.8654             0.0017                  2.68                 2.49                  5.16        0.0134           22.04
   40       5           39.1039         577.8654             0.0017                  2.68                 2.49                  5.16        0.0134           22.04
   41       5           39.0960         518.0766             0.0019                  2.68                 2.88                  5.55        0.0121           20.84
   42       6           39.1259         637.5958             0.0016                  2.06                 2.55                  4.61        0.0148           20.74
   43       6           39.1340        2331.2850             0.0004                  1.50                 1.99                  3.49        0.0541           54.40
   44       6           39.1108         576.9612             0.0017                  2.68                 2.63                  5.31        0.0134           21.99
   45       6           39.1108         576.9612             0.0017                  2.68                 2.63                  5.31        0.0134           21.99
   46       6           39.0942         517.1552             0.0019                  2.68                 3.02                  5.70        0.0120           20.79
   47       6           39.0942         517.1552             0.0019                  2.68                 3.02                  5.70        0.0120           20.79
   48       7           39.0924         516.2466             0.0019                  2.68                 3.17                  5.85        0.0120           20.74

Summary Statistics:
------------------------------------------------------------------------------------------------------------------------
        Comp     Groups  Wall Time/Evt (s)  CPU Time/Evt (s)  Throughput (evt/s)  Write Remote (MB/evt)  Read Remote (MB/evt)  Net Transfer (MB/evt)  CPU Cores/Evt  Memory/Evt (MB)
count  48.00  48.000000          48.000000         48.000000           48.000000              48.000000             48.000000              48.000000      48.000000        48.000000
mean   24.50   4.333333          39.173176       1504.570801            0.001021               1.782451              1.765872               3.548323       0.034877        38.610533
std    14.00   1.117241           0.062409        891.092282            0.000622               0.668887              0.727936               1.370284       0.020618        17.045076
min     1.00   2.000000          39.092388        516.246643            0.000413               0.888672              0.540679               1.429351       0.012019        20.736200
25%    12.75   4.000000          39.124801        627.633152            0.000417               1.350435              1.226918               2.562964       0.014588        22.028250
50%    24.50   4.000000          39.154709       1525.077576            0.000910               1.782451              1.847489               3.636741       0.035395        38.445900
75%    36.25   5.000000          39.205531       2397.093872            0.001595               2.214468              2.405007               4.711429       0.055554        55.730750
max    48.00   7.000000          39.309992       2423.865619            0.001937               2.676230              3.170594               5.846825       0.056058        56.242000
