Workflow Construction Summary Table
========================================================================================================================

 Comp  Groups Wall Time/Evt (s) CPU Time/Evt (s) Throughput (evt/s) Write Remote (MB/evt) Read Remote (MB/evt) Net Transfer (MB/evt) CPU Cores/Evt Memory/Evt (MB)
    1       1            9.5636          67.0641             0.0149                  0.45                 0.00                  0.45        0.0101           10.14
    2       2            9.4882          66.5241             0.0150                  0.45                 0.07                  0.52        0.0102           10.16
    3       2            9.4654          66.3813             0.0151                  0.45                 0.44                  0.89        0.0102           10.19
    4       2            9.9185          69.5260             0.0144                  2.53                 2.43                  4.96        0.0102           10.16
    5       2            9.5012          66.6806             0.0150                  1.22                 0.88                  2.10        0.0101           10.10
    6       3            9.4840          66.4974             0.0150                  0.45                 0.52                  0.97        0.0102           10.22
    7       3            9.9211          69.5603             0.0144                  2.53                 2.52                  5.05        0.0102           10.21
    8       3            9.4978          66.6758             0.0150                  1.22                 0.96                  2.18        0.0102           10.16
    9       3            9.9047          69.4433             0.0144                  2.52                 2.84                  5.37        0.0102           10.15
   10       3            9.5379          66.9223             0.0149                  1.23                 1.31                  2.54        0.0102           10.18
   11       3           10.0568          70.5800             0.0142                  3.32                 3.29                  6.61        0.0102           10.18
   12       4            9.9065          69.5233             0.0144                  2.53                 2.91                  5.44        0.0102           10.18
   13       4            9.5150          66.7800             0.0150                  1.22                 1.38                  2.60        0.0102           10.17
   14       4           10.0471          70.4980             0.0142                  3.32                 3.37                  6.68        0.0102           10.21
   15       4           10.0716          70.6990             0.0141                  3.32                 3.74                  7.06        0.0102           10.21
   16       5           10.0736          70.7192             0.0141                  3.32                 3.81                  7.13        0.0102           10.22

Summary Statistics:
------------------------------------------------------------------------------------------------------------------------
            Comp     Groups  Wall Time/Evt (s)  CPU Time/Evt (s)  Throughput (evt/s)  Write Remote (MB/evt)  Read Remote (MB/evt)  Net Transfer (MB/evt)  CPU Cores/Evt  Memory/Evt (MB)
count  16.000000  16.000000          16.000000         16.000000           16.000000              16.000000             16.000000              16.000000      16.000000        16.000000
mean    8.500000   3.000000           9.747053         68.379674            0.014634               1.878676              1.904821               3.783498       0.010176        10.176500
std     4.760952   1.032796           0.255253          1.798366            0.000384               1.151091              1.347633               2.489872       0.000033         0.032721
min     1.000000   1.000000           9.465370         66.381274            0.014140               0.446909              0.000000               0.447345       0.010096        10.096000
25%     4.750000   2.000000           9.500366         66.679418            0.014328               1.025943              0.791588               1.817530       0.010160        10.160000
50%     8.500000   3.000000           9.734115         68.253705            0.014656               1.873711              1.906577               3.782542       0.010176        10.176000
75%    12.250000   4.000000           9.952622         69.794706            0.014997               2.728660              3.007552               5.732930       0.010208        10.208000
max    16.000000   5.000000          10.073636         70.719245            0.015064               3.317353              3.812838               7.130191       0.010224        10.224000
