Workflow Construction Summary Table
========================================================================================================================

 Comp  Groups Wall Time/Evt (s) CPU Time/Evt (s) Throughput (evt/s) Write Remote (MB/evt) Read Remote (MB/evt) Net Transfer (MB/evt) CPU Cores/Evt Memory/Evt (MB)
    1       2           41.4390         162.0234             0.0062                  0.89                 0.55                  1.43        0.0113           22.52
    2       2           41.4390         162.0234             0.0062                  0.89                 0.55                  1.43        0.0113           22.52
    3       3           41.4484         162.0608             0.0062                  0.89                 0.69                  1.58        0.0113           22.52
    4       3           41.4484         162.0608             0.0062                  0.89                 0.69                  1.58        0.0113           22.52
    5       3           41.2929         161.4416             0.0062                  0.89                 0.70                  1.59        0.0113           22.53
    6       3           41.2929         161.4416             0.0062                  0.89                 0.70                  1.59        0.0113           22.53
    7       3           41.4403         161.9578             0.0062                  1.50                 1.18                  2.68        0.0113           22.51
    8       3           41.4403         161.9578             0.0062                  1.50                 1.18                  2.68        0.0113           22.51
    9       3           41.1945         161.0075             0.0062                  0.89                 1.10                  1.99        0.0113           22.54
   10       3           41.2660         161.2713             0.0062                  2.06                 1.75                  3.81        0.0113           22.52
   11       3           41.2660         161.2713             0.0062                  2.06                 1.75                  3.81        0.0113           22.52
   12       4           41.3032         161.4808             0.0062                  0.89                 0.85                  1.74        0.0113           22.53
   13       4           41.3032         161.4808             0.0062                  0.89                 0.85                  1.74        0.0113           22.53
   14       4           41.4442         161.9840             0.0062                  1.50                 1.33                  2.83        0.0113           22.51
   15       4           41.4442         161.9840             0.0062                  1.50                 1.33                  2.83        0.0113           22.51
   16       4           41.1763         160.9895             0.0062                  0.89                 1.25                  2.14        0.0113           22.52
   17       4           41.1763         160.9895             0.0062                  0.89                 1.25                  2.14        0.0113           22.52
   18       4           41.2845         161.3599             0.0062                  1.50                 1.33                  2.83        0.0113           22.52
   19       4           41.2845         161.3599             0.0062                  1.50                 1.33                  2.83        0.0113           22.52
   20       4           41.2756         161.3090             0.0062                  2.06                 1.90                  3.96        0.0113           22.53
   21       4           41.2521         161.2392             0.0062                  2.68                 2.38                  5.05        0.0113           22.50
   22       4           41.2756         161.3090             0.0062                  2.06                 1.90                  3.96        0.0113           22.53
   23       4           41.2521         161.2392             0.0062                  2.68                 2.38                  5.05        0.0113           22.50
   24       4           41.2261         161.1576             0.0062                  2.06                 1.90                  3.96        0.0113           22.51
   25       4           41.2261         161.1576             0.0062                  2.06                 1.90                  3.96        0.0113           22.51
   26       4           41.2537         161.2434             0.0062                  2.06                 2.30                  4.36        0.0113           22.52
   27       4           41.1632         160.8892             0.0062                  1.50                 1.73                  3.24        0.0113           22.50
   28       5           41.2080         161.0713             0.0062                  0.89                 1.40                  2.29        0.0113           22.53
   29       5           41.2931         161.3957             0.0062                  1.50                 1.48                  2.98        0.0113           22.52
   30       5           41.2931         161.3957             0.0062                  1.50                 1.48                  2.98        0.0113           22.52
   31       5           41.2549         161.2632             0.0062                  2.68                 2.53                  5.20        0.0113           22.50
   32       5           41.2549         161.2632             0.0062                  2.68                 2.53                  5.20        0.0113           22.50
   33       5           41.2308         161.1854             0.0062                  2.06                 2.04                  4.10        0.0113           22.52
   34       5           41.2308         161.1854             0.0062                  2.06                 2.04                  4.10        0.0113           22.52
   35       5           41.2357         161.2258             0.0062                  2.06                 2.44                  4.50        0.0113           22.51
   36       5           41.2357         161.2258             0.0062                  2.06                 2.44                  4.50        0.0113           22.51
   37       5           41.1467         160.8746             0.0062                  1.50                 1.88                  3.38        0.0112           22.49
   38       5           41.1467         160.8746             0.0062                  1.50                 1.88                  3.38        0.0112           22.49
   39       5           41.2103         161.1215             0.0062                  2.68                 2.53                  5.20        0.0112           22.49
   40       5           41.2103         161.1215             0.0062                  2.68                 2.53                  5.20        0.0112           22.49
   41       5           41.2481         161.2278             0.0062                  2.68                 2.93                  5.61        0.0113           22.50
   42       6           41.2697         161.3124             0.0062                  2.06                 2.60                  4.66        0.0113           22.53
   43       6           41.1823         160.9643             0.0062                  1.50                 2.03                  3.54        0.0113           22.51
   44       6           41.2198         161.1590             0.0062                  2.68                 2.67                  5.35        0.0112           22.50
   45       6           41.2198         161.1590             0.0062                  2.68                 2.67                  5.35        0.0112           22.50
   46       6           41.2363         161.2227             0.0062                  2.68                 3.08                  5.75        0.0112           22.50
   47       6           41.2363         161.2227             0.0062                  2.68                 3.08                  5.75        0.0112           22.50
   48       7           41.2665         161.3014             0.0062                  2.68                 3.23                  5.91        0.0113           22.51

Summary Statistics:
------------------------------------------------------------------------------------------------------------------------
        Comp     Groups  Wall Time/Evt (s)  CPU Time/Evt (s)  Throughput (evt/s)  Write Remote (MB/evt)  Read Remote (MB/evt)  Net Transfer (MB/evt)  CPU Cores/Evt  Memory/Evt (MB)
count  48.00  48.000000          48.000000         48.000000           48.000000              48.000000             48.000000              48.000000      48.000000        48.000000
mean   24.50   4.333333          41.273712        161.342972            0.006198               1.782451              1.795892               3.578343       0.011257        22.513833
std    14.00   1.117241           0.085781          0.333761            0.000013               0.668887              0.740897               1.382775       0.000006         0.012804
min     1.00   2.000000          41.146735        160.874571            0.006171               0.888672              0.546033               1.434705       0.011244        22.488000
25%    12.75   4.000000          41.224547        161.158642            0.006196               1.350435              1.246339               2.585771       0.011252        22.504000
50%    24.50   4.000000          41.254253        161.253256            0.006201               1.782451              1.877551               3.673772       0.011258        22.515200
75%    36.25   5.000000          41.292918        161.407149            0.006205               2.214468              2.443348               4.759058       0.011262        22.523200
max    48.00   7.000000          41.448433        162.060800            0.006216               2.676230              3.231327               5.907558       0.011270        22.539200
