Workflow Construction Summary Table
========================================================================================================================

 Comp  Groups Wall Time/Evt (s) CPU Time/Evt (s) Throughput (evt/s) Write Remote (MB/evt) Read Remote (MB/evt) Net Transfer (MB/evt) CPU Cores/Evt Memory/Evt (MB)
    1       1            7.9367          59.3470             0.0169                  0.45                 0.00                  0.45        0.0007            0.74
    2       2            7.9380          59.3522             0.0168                  0.45                 0.06                  0.51        0.0008            0.77
    3       2            7.9368          59.3471             0.0169                  0.45                 0.46                  0.91        0.0008            0.75
    4       2            7.9368          59.3471             0.0169                  2.54                 2.23                  4.76        0.0007            0.74
    5       2            7.8810          59.1240             0.0169                  1.23                 0.82                  2.05        0.0007            0.74
    6       3            7.9681          59.4724             0.0168                  0.45                 0.55                  1.00        0.0008            0.77
    7       3            7.9412          59.3648             0.0168                  2.54                 2.30                  4.83        0.0008            0.77
    8       3            7.9293          59.3173             0.0169                  1.23                 0.89                  2.12        0.0008            0.77
    9       3            7.9368          59.3471             0.0169                  2.54                 2.64                  5.17        0.0008            0.75
   10       3            7.8993          59.1974             0.0169                  1.23                 1.26                  2.49        0.0008            0.75
   11       3            7.8863          59.1452             0.0169                  3.32                 3.02                  6.34        0.0007            0.74
   12       4            7.9420          59.3680             0.0168                  2.54                 2.70                  5.24        0.0008            0.78
   13       4            7.9356          59.3425             0.0169                  1.23                 1.36                  2.59        0.0008            0.77
   14       4            7.8907          59.1629             0.0169                  3.32                 3.09                  6.41        0.0008            0.77
   15       4            7.8863          59.1452             0.0169                  3.32                 3.43                  6.75        0.0008            0.75
   16       5            7.8392          58.9567             0.0170                  3.32                 3.46                  6.78        0.0008            0.77

Summary Statistics:
------------------------------------------------------------------------------------------------------------------------
            Comp     Groups  Wall Time/Evt (s)  CPU Time/Evt (s)  Throughput (evt/s)  Write Remote (MB/evt)  Read Remote (MB/evt)  Net Transfer (MB/evt)  CPU Cores/Evt  Memory/Evt (MB)
count  16.000000  16.000000          16.000000         16.000000           16.000000              16.000000             16.000000              16.000000      16.000000        16.000000
mean    8.500000   3.000000           7.917764         59.271055            0.016872               1.884766              1.765675               3.650440       0.000758         0.757500
std     4.760952   1.032796           0.033224          0.132897            0.000038               1.152134              1.221389               2.363187       0.000013         0.012972
min     1.000000   1.000000           7.839175         58.956700            0.016815               0.449219              0.000000               0.449219       0.000736         0.736000
25%     4.750000   2.000000           7.889623         59.158490            0.016850               1.035156              0.751366               1.786522       0.000750         0.750000
50%     8.500000   3.000000           7.936184         59.344734            0.016851               1.884766              1.790700               3.675465       0.000760         0.760000
75%    12.250000   4.000000           7.937097         59.348390            0.016904               2.734375              2.781241               5.515616       0.000768         0.768000
max    16.000000   5.000000           7.968112         59.472446            0.016962               3.320312              3.461086               6.781398       0.000776         0.776000
