Workflow Construction Summary Table
========================================================================================================================

 Comp  Groups Wall Time/Evt (s) CPU Time/Evt (s) Throughput (evt/s) Write Remote (MB/evt) Read Remote (MB/evt) Net Transfer (MB/evt) CPU Cores/Evt Memory/Evt (MB)
    1       1            7.5506          60.1245             0.0166                  0.45                 0.00                  0.45        0.0155           15.50
    2       2            7.4323          59.1822             0.0169                  0.45                 0.06                  0.51        0.0155           15.50
    3       2            7.3154          58.2513             0.0172                  0.45                 0.38                  0.83        0.0155           15.52
    4       2            7.2776          57.9507             0.0173                  2.54                 2.10                  4.63        0.0155           15.50
    5       2            7.2575          57.7913             0.0173                  1.23                 0.78                  2.01        0.0155           15.49
    6       3            7.3092          58.2019             0.0172                  0.45                 0.44                  0.89        0.0155           15.52
    7       3            7.2437          57.6805             0.0173                  2.54                 2.16                  4.70        0.0155           15.50
    8       3            7.2044          57.3682             0.0174                  1.23                 0.85                  2.08        0.0155           15.50
    9       3            7.2211          57.5002             0.0174                  2.54                 2.47                  5.01        0.0155           15.52
   10       3            7.1573          56.9930             0.0175                  1.23                 1.16                  2.39        0.0155           15.50
   11       3            7.2105          57.4171             0.0174                  3.32                 2.88                  6.20        0.0155           15.50
   12       4            7.2150          57.4518             0.0174                  2.54                 2.53                  5.07        0.0155           15.54
   13       4            7.1511          56.9437             0.0176                  1.23                 1.23                  2.46        0.0155           15.50
   14       4            7.1769          57.1493             0.0175                  3.32                 2.94                  6.26        0.0155           15.51
   15       4            7.1541          56.9670             0.0176                  3.32                 3.26                  6.58        0.0155           15.51
   16       5            7.1480          56.9186             0.0176                  3.32                 3.32                  6.64        0.0155           15.52

Summary Statistics:
------------------------------------------------------------------------------------------------------------------------
            Comp     Groups  Wall Time/Evt (s)  CPU Time/Evt (s)  Throughput (evt/s)  Write Remote (MB/evt)  Read Remote (MB/evt)  Net Transfer (MB/evt)  CPU Cores/Evt  Memory/Evt (MB)
count  16.000000  16.000000          16.000000         16.000000           16.000000              16.000000             16.000000              16.000000      16.000000           16.000
mean    8.500000   3.000000           7.251555         57.743207            0.017322               1.884766              1.660117               3.544883       0.015509           15.509
std     4.760952   1.032796           0.109913          0.875120            0.000257               1.152134              1.172065               2.315896       0.000012            0.012
min     1.000000   1.000000           7.148016         56.918578            0.016632               0.449219              0.000000               0.449219       0.015488           15.488
25%     4.750000   2.000000           7.172040         57.110244            0.017237               1.035156              0.698325               1.733481       0.015504           15.504
50%     8.500000   3.000000           7.218075         57.475966            0.017399               1.884766              1.660363               3.545129       0.015504           15.504
75%    12.250000   4.000000           7.285472         58.013503            0.017510               2.734375              2.620329               5.354704       0.015520           15.520
max    16.000000   5.000000           7.550643         60.124539            0.017569               3.320312              3.321017               6.641329       0.015536           15.536
