Workflow Construction Summary Table
========================================================================================================================

 Comp  Groups Wall Time/Evt (s) CPU Time/Evt (s) Throughput (evt/s) Write Remote (MB/evt) Read Remote (MB/evt) Net Transfer (MB/evt) CPU Cores/Evt Memory/Evt (MB)
    1       1            9.5126          66.1088             0.0151                  0.45                 0.00                  0.45        0.0052            5.18
    2       2            9.4763          65.6990             0.0152                  0.45                 0.06                  0.51        0.0052            5.18
    3       2            9.4248          63.5475             0.0157                  0.45                 0.46                  0.91        0.0050            5.02
    4       2            9.4492          56.1090             0.0178                  2.54                 2.45                  4.99        0.0045            4.75
    5       2            9.3949          50.7364             0.0197                  1.22                 0.90                  2.12        0.0040            3.36
    6       3            9.4142          62.6169             0.0160                  0.45                 0.53                  0.98        0.0050            5.03
    7       3            9.4083          56.0102             0.0179                  2.54                 2.51                  5.04        0.0045            4.73
    8       3            9.3703          50.7187             0.0197                  1.22                 0.98                  2.20        0.0041            3.36
    9       3            9.4069          55.8500             0.0179                  2.53                 2.89                  5.43        0.0045            4.60
   10       3            9.3515          50.4830             0.0198                  1.22                 1.33                  2.55        0.0041            3.25
   11       3            9.3330          50.4827             0.0198                  3.26                 3.30                  6.56        0.0040            3.28
   12       4            9.4119          55.0090             0.0182                  2.52                 2.95                  5.47        0.0044            4.61
   13       4            9.3602          49.7014             0.0201                  1.22                 1.43                  2.66        0.0040            3.25
   14       4            9.3214          50.4139             0.0198                  3.23                 3.34                  6.57        0.0041            3.28
   15       4            9.3415          50.4703             0.0198                  3.31                 3.80                  7.11        0.0041            3.19
   16       5            9.3794          49.7017             0.0201                  3.31                 3.89                  7.20        0.0040            3.21

Summary Statistics:
------------------------------------------------------------------------------------------------------------------------
            Comp     Groups  Wall Time/Evt (s)  CPU Time/Evt (s)  Throughput (evt/s)  Write Remote (MB/evt)  Read Remote (MB/evt)  Net Transfer (MB/evt)  CPU Cores/Evt  Memory/Evt (MB)
count  16.000000  16.000000          16.000000         16.000000           16.000000              16.000000             16.000000              16.000000      16.000000        16.000000
mean    8.500000   3.000000           9.397274         55.228652            0.018297               1.869925              1.926756               3.796681       0.004405         4.081062
std     4.760952   1.032796           0.052415          6.033809            0.001861               1.138769              1.357778               2.487036       0.000443         0.850417
min     1.000000   1.000000           9.321444         49.701439            0.015127               0.446720              0.000000               0.447345       0.003992         3.190000
25%     4.750000   2.000000           9.358024         50.479563            0.017359               1.027477              0.809180               1.837707       0.004054         3.274500
50%     8.500000   3.000000           9.400866         52.872683            0.018944               1.874259              1.941868               3.821532       0.004239         3.980500
75%    12.250000   4.000000           9.416863         57.736012            0.019810               2.708998              3.035694               5.743523       0.004587         4.820750
max    16.000000   5.000000           9.512552         66.108839            0.020120               3.311008              3.888253               7.199261       0.005184         5.184000
