Workflow Construction Summary Table
========================================================================================================================

 Comp  Groups Wall Time/Evt (s) CPU Time/Evt (s) Throughput (evt/s) Write Remote (MB/evt) Read Remote (MB/evt) Net Transfer (MB/evt) CPU Cores/Evt Memory/Evt (MB)
    1       1            8.1896         521.2348             0.0019                  0.45                 0.00                  0.45        0.2490          248.96
    2       2            7.9571         502.8937             0.0020                  0.45                 0.06                  0.51        0.2472          247.28
    3       2            7.7475         464.5349             0.0022                  0.45                 0.38                  0.83        0.2353          236.70
    4       2            7.7280         238.2144             0.0042                  1.23                 0.79                  2.02        0.1139          116.02
    5       2            7.9786         201.6551             0.0050                  2.54                 2.10                  4.64        0.0940          116.10
    6       3            7.7404         464.5068             0.0022                  0.45                 0.44                  0.89        0.2353          236.66
    7       3            7.6264         228.2561             0.0044                  1.23                 0.85                  2.08        0.1122          114.46
    8       3            7.9158         194.0466             0.0052                  2.54                 2.17                  4.70        0.0923          114.42
    9       3            7.5571         198.8277             0.0050                  1.23                 1.17                  2.40        0.1004          103.90
   10       3            7.8952         167.7855             0.0060                  2.54                 2.48                  5.02        0.0804          103.85
   11       3            7.9726         173.4904             0.0058                  3.32                 2.89                  6.21        0.0792           86.29
   12       4            7.5500         198.7997             0.0050                  1.23                 1.23                  2.46        0.1004          103.87
   13       4            7.8874         167.7982             0.0060                  2.54                 2.54                  5.08        0.0805          103.85
   14       4            7.9100         165.8926             0.0060                  3.32                 2.95                  6.27        0.0774           84.68
   15       4            7.8892         139.6865             0.0072                  3.32                 3.27                  6.59        0.0657           74.16
   16       5            7.8822         139.6584             0.0072                  3.32                 3.33                  6.65        0.0657           74.12

Summary Statistics:
------------------------------------------------------------------------------------------------------------------------
            Comp     Groups  Wall Time/Evt (s)  CPU Time/Evt (s)  Throughput (evt/s)  Write Remote (MB/evt)  Read Remote (MB/evt)  Net Transfer (MB/evt)  CPU Cores/Evt  Memory/Evt (MB)
count  16.000000  16.000000          16.000000         16.000000           16.000000              16.000000             16.000000              16.000000      16.000000        16.000000
mean    8.500000   3.000000           7.839193        260.455078            0.004687               1.884766              1.665210               3.549976       0.126807       135.331750
std     4.760952   1.032796           0.170018        139.025484            0.001772               1.152134              1.175571               2.319353       0.069990        65.331242
min     1.000000   1.000000           7.550036        139.658378            0.001919               0.449219              0.000000               0.449219       0.065684        74.118000
25%     4.750000   2.000000           7.737282        167.794990            0.003687               1.035156              0.700336               1.735492       0.080118        99.458000
50%     8.500000   3.000000           7.888298        198.813696            0.005030               1.884766              1.665191               3.549956       0.097220       109.160000
75%    12.250000   4.000000           7.926114        294.787457            0.005960               2.734375              2.629044               5.363419       0.144246       146.236000
max    16.000000   5.000000           8.189566        521.234815            0.007160               3.320312              3.330954               6.651266       0.248960       248.960000
