Workflow Construction Summary Table
========================================================================================================================

 Comp  Groups Wall Time/Evt (s) CPU Time/Evt (s) Throughput (evt/s) Write Remote (MB/evt) Read Remote (MB/evt) Net Transfer (MB/evt) CPU Cores/Evt Memory/Evt (MB)
    1       1            7.3571          57.6215             0.0174                  0.45                 0.00                  0.45        0.0040            4.00
    2       2            7.3272          57.1830             0.0175                  0.45                 0.06                  0.51        0.0040            3.99
    3       2            7.2993          55.5138             0.0180                  0.45                 0.38                  0.83        0.0039            3.89
    4       2            7.3195          48.9477             0.0204                  2.54                 2.13                  4.67        0.0034            3.65
    5       2            7.2940          44.1882             0.0226                  1.23                 0.80                  2.03        0.0031            2.63
    6       3            7.2982          54.7863             0.0183                  0.45                 0.45                  0.89        0.0038            3.89
    7       3            7.3112          48.9211             0.0204                  2.54                 2.20                  4.74        0.0034            3.64
    8       3            7.2807          44.1362             0.0227                  1.23                 0.86                  2.09        0.0031            2.61
    9       3            7.3077          48.9017             0.0204                  2.54                 2.52                  5.06        0.0034            3.54
   10       3            7.2709          44.0979             0.0227                  1.23                 1.18                  2.41        0.0031            2.52
   11       3            7.3146          44.2689             0.0226                  3.32                 2.93                  6.25        0.0031            2.55
   12       4            7.3066          48.1740             0.0208                  2.54                 2.58                  5.12        0.0034            3.54
   13       4            7.2698          43.3702             0.0231                  1.23                 1.25                  2.48        0.0031            2.52
   14       4            7.3064          44.2367             0.0226                  3.32                 3.00                  6.32        0.0031            2.54
   15       4            7.3028          44.2229             0.0226                  3.32                 3.32                  6.64        0.0031            2.44
   16       5            7.3018          43.4953             0.0230                  3.32                 3.38                  6.70        0.0031            2.44

Summary Statistics:
------------------------------------------------------------------------------------------------------------------------
            Comp     Groups  Wall Time/Evt (s)  CPU Time/Evt (s)  Throughput (evt/s)  Write Remote (MB/evt)  Read Remote (MB/evt)  Net Transfer (MB/evt)  CPU Cores/Evt  Memory/Evt (MB)
count  16.000000  16.000000          16.000000         16.000000           16.000000              16.000000             16.000000              16.000000      16.000000        16.000000
mean    8.500000   3.000000           7.304218         48.254090            0.020938               1.884766              1.690740               3.575506       0.003383         3.148325
std     4.760952   1.032796           0.021226          5.226412            0.002116               1.152134              1.195284               2.339060       0.000356         0.654799
min     1.000000   1.000000           7.269776         43.370214            0.017355               0.449219              0.000000               0.449219       0.003056         2.437000
25%     4.750000   2.000000           7.297174         44.175225            0.019886               1.035156              0.710412               1.745568       0.003105         2.533350
50%     8.500000   3.000000           7.304591         46.221437            0.021674               1.884766              1.690104               3.574869       0.003242         3.081400
75%    12.250000   4.000000           7.312020         50.407355            0.022637               2.734375              2.671950               5.406325       0.003531         3.710650
max    16.000000   5.000000           7.357070         57.621530            0.023057               3.320312              3.384044               6.704357       0.004003         4.003200
