Workflow Construction Summary Table
========================================================================================================================

 Comp  Groups Wall Time/Evt (s) CPU Time/Evt (s) Throughput (evt/s) Write Remote (MB/evt) Read Remote (MB/evt) Net Transfer (MB/evt) CPU Cores/Evt Memory/Evt (MB)
    1       2           43.0074        2538.7632             0.0004                  0.89                 0.57                  1.45        0.0613           61.55
    2       2           43.0074        2538.7632             0.0004                  0.89                 0.57                  1.45        0.0613           61.55
    3       3           42.9710        2537.7461             0.0004                  0.89                 0.71                  1.60        0.0613           61.48
    4       3           42.9710        2537.7461             0.0004                  0.89                 0.71                  1.60        0.0613           61.48
    5       3           42.8901        2513.8006             0.0004                  0.89                 0.72                  1.61        0.0608           60.97
    6       3           42.8901        2513.8006             0.0004                  0.89                 0.72                  1.61        0.0608           60.97
    7       3           42.9472        2532.3567             0.0004                  1.50                 1.22                  2.72        0.0612           61.43
    8       3           42.9472        2532.3567             0.0004                  1.50                 1.22                  2.72        0.0612           61.43
    9       3           42.8403        2448.9289             0.0004                  0.89                 1.12                  2.01        0.0593           59.71
   10       3           42.8468         754.1219             0.0013                  2.06                 1.80                  3.87        0.0183           24.66
   11       3           42.8468         754.1219             0.0013                  2.06                 1.80                  3.87        0.0183           24.66
   12       4           42.9052        2512.8483             0.0004                  0.89                 0.87                  1.76        0.0607           60.91
   13       4           42.9052        2512.8483             0.0004                  0.89                 0.87                  1.76        0.0607           60.91
   14       4           42.9519        2531.3960             0.0004                  1.50                 1.37                  2.88        0.0612           61.37
   15       4           42.9519        2531.3960             0.0004                  1.50                 1.37                  2.88        0.0612           61.37
   16       4           42.8467        2447.9846             0.0004                  0.89                 1.28                  2.16        0.0593           59.65
   17       4           42.8467        2447.9846             0.0004                  0.89                 1.28                  2.16        0.0593           59.65
   18       4           42.8918        2508.7616             0.0004                  1.50                 1.37                  2.88        0.0608           60.97
   19       4           42.8918        2508.7616             0.0004                  1.50                 1.37                  2.88        0.0608           60.97
   20       4           42.8243         753.9786             0.0013                  2.06                 1.94                  4.00        0.0183           24.63
   21       4           42.7816         626.5582             0.0016                  2.68                 2.45                  5.12        0.0152           24.62
   22       4           42.8243         753.9786             0.0013                  2.06                 1.94                  4.00        0.0183           24.63
   23       4           42.7816         626.5582             0.0016                  2.68                 2.45                  5.12        0.0152           24.62
   24       4           42.8405         733.9325             0.0014                  2.06                 1.96                  4.02        0.0178           24.19
   25       4           42.8405         733.9325             0.0014                  2.06                 1.96                  4.02        0.0178           24.19
   26       4           42.8025         668.2959             0.0015                  2.06                 2.35                  4.41        0.0162           22.78
   27       4           42.8168        2443.2333             0.0004                  1.50                 1.78                  3.28        0.0592           59.62
   28       5           42.8453        2447.0377             0.0004                  0.89                 1.43                  2.32        0.0593           59.59
   29       5           42.8894        2507.8045             0.0004                  1.50                 1.53                  3.03        0.0607           60.91
   30       5           42.8894        2507.8045             0.0004                  1.50                 1.53                  3.03        0.0607           60.91
   31       5           42.7797         625.0766             0.0016                  2.68                 2.61                  5.28        0.0152           24.54
   32       5           42.7797         625.0766             0.0016                  2.68                 2.61                  5.28        0.0152           24.54
   33       5           42.7983         732.4201             0.0014                  2.06                 2.10                  4.16        0.0178           24.11
   34       5           42.7983         732.4201             0.0014                  2.06                 2.10                  4.16        0.0178           24.11
   35       5           42.7960         668.0474             0.0015                  2.06                 2.51                  4.57        0.0162           22.74
   36       5           42.7960         668.0474             0.0015                  2.06                 2.51                  4.57        0.0162           22.74
   37       5           42.8356        2442.3138             0.0004                  1.50                 1.93                  3.44        0.0592           59.56
   38       5           42.8356        2442.3138             0.0004                  1.50                 1.93                  3.44        0.0592           59.56
   39       5           42.7607         606.4855             0.0016                  2.68                 2.60                  5.28        0.0148           24.17
   40       5           42.7607         606.4855             0.0016                  2.68                 2.60                  5.28        0.0148           24.17
   41       5           42.7712         543.7248             0.0018                  2.68                 3.01                  5.69        0.0133           22.86
   42       6           42.7974         667.2475             0.0015                  2.06                 2.66                  4.72        0.0162           22.69
   43       6           42.8137        2439.7498             0.0004                  1.50                 2.10                  3.60        0.0591           59.43
   44       6           42.7819         605.1281             0.0017                  2.68                 2.76                  5.44        0.0147           24.09
   45       6           42.7819         605.1281             0.0017                  2.68                 2.76                  5.44        0.0147           24.09
   46       6           42.7347         542.9807             0.0018                  2.68                 3.16                  5.83        0.0133           22.81
   47       6           42.7347         542.9807             0.0018                  2.68                 3.16                  5.83        0.0133           22.81
   48       7           42.7691         542.2090             0.0018                  2.68                 3.32                  6.00        0.0132           22.76

Summary Statistics:
------------------------------------------------------------------------------------------------------------------------
        Comp     Groups  Wall Time/Evt (s)  CPU Time/Evt (s)  Throughput (evt/s)  Write Remote (MB/evt)  Read Remote (MB/evt)  Net Transfer (MB/evt)  CPU Cores/Evt  Memory/Evt (MB)
count  48.00  48.000000          48.000000         48.000000           48.000000              48.000000             48.000000              48.000000      48.000000        48.000000
mean   24.50   4.333333          42.846209       1575.946600            0.000973               1.782451              1.847194               3.629645       0.038172        42.252567
std    14.00   1.117241           0.071195        932.594509            0.000592               0.668887              0.761565               1.403719       0.022528        18.622774
min     1.00   2.000000          42.734714        542.208973            0.000394               0.888672              0.565666               1.454338       0.013233        22.694000
25%    12.75   4.000000          42.792460        657.075173            0.000398               1.350435              1.275087               2.620005       0.015963        24.152700
50%    24.50   4.000000          42.837965       1596.935848            0.000868               1.782451              1.934233               3.733403       0.038715        42.046200
75%    36.25   5.000000          42.890532       2509.783241            0.001523               2.214468              2.505435               4.820013       0.060746        60.924800
max    48.00   7.000000          43.007441       2538.763176            0.001844               2.676230              3.320008               5.996239       0.061345        61.547600
