Workflow Construction Summary Table
========================================================================================================================

 Comp  Groups Wall Time/Evt (s) CPU Time/Evt (s) Throughput (evt/s) Write Remote (MB/evt) Read Remote (MB/evt) Net Transfer (MB/evt) CPU Cores/Evt Memory/Evt (MB)
    1       1            7.1881          57.5052             0.0174                  0.45                 0.00                  0.45        0.0077            7.67
    2       2            7.1294          56.8333             0.0176                  0.45                 0.06                  0.51        0.0076            7.64
    3       2            7.0703          54.9334             0.0182                  0.45                 0.38                  0.83        0.0075            7.46
    4       2            7.0364          48.0808             0.0208                  2.54                 2.09                  4.63        0.0066            6.99
    5       2            7.0371          43.4784             0.0230                  1.23                 0.78                  2.01        0.0059            5.03
    6       3            7.0670          54.2135             0.0184                  0.45                 0.44                  0.89        0.0074            7.46
    7       3            7.0194          48.0126             0.0208                  2.54                 2.15                  4.69        0.0066            6.96
    8       3            7.0105          43.3718             0.0231                  1.23                 0.84                  2.08        0.0059            5.00
    9       3            7.0068          47.9625             0.0208                  2.54                 2.47                  5.00        0.0066            6.78
   10       3            6.9859          43.2735             0.0231                  1.23                 1.16                  2.39        0.0060            4.82
   11       3            6.9971          43.3182             0.0231                  3.32                 2.87                  6.19        0.0059            4.88
   12       4            7.0035          47.2426             0.0212                  2.54                 2.53                  5.07        0.0065            6.78
   13       4            6.9826          42.5535             0.0235                  1.23                 1.22                  2.45        0.0059            4.82
   14       4            6.9801          43.2501             0.0231                  3.32                 2.93                  6.25        0.0059            4.85
   15       4            6.9675          43.2000             0.0231                  3.32                 3.25                  6.57        0.0060            4.66
   16       5            6.9642          42.4800             0.0235                  3.32                 3.31                  6.63        0.0059            4.66

Summary Statistics:
------------------------------------------------------------------------------------------------------------------------
            Comp     Groups  Wall Time/Evt (s)  CPU Time/Evt (s)  Throughput (evt/s)  Write Remote (MB/evt)  Read Remote (MB/evt)  Net Transfer (MB/evt)  CPU Cores/Evt  Memory/Evt (MB)
count  16.000000  16.000000          16.000000         16.000000           16.000000              16.000000             16.000000              16.000000      16.000000        16.000000
mean    8.500000   3.000000           7.027871         47.481843            0.021302               1.884766              1.655273               3.540039       0.006480         6.028500
std     4.760952   1.032796           0.060898          5.435706            0.002258               1.152134              1.168838               2.312666       0.000683         1.257527
min     1.000000   1.000000           6.964231         42.480010            0.017390               0.449219              0.000000               0.449219       0.005854         4.663000
25%     4.750000   2.000000           6.985084         43.267623            0.020210               1.035156              0.695801               1.730957       0.005948         4.842250
50%     8.500000   3.000000           7.008660         45.360483            0.022084               1.884766              1.655273               3.540039       0.006209         5.903500
75%    12.250000   4.000000           7.044591         49.613971            0.023112               2.734375              2.614746               5.349121       0.006763         7.107250
max    16.000000   5.000000           7.188149         57.505194            0.023540               3.320312              3.310547               6.630859       0.007672         7.672000
