Workflow Construction Summary Table
========================================================================================================================

 Comp  Groups Wall Time/Evt (s) CPU Time/Evt (s) Throughput (evt/s) Write Remote (MB/evt) Read Remote (MB/evt) Net Transfer (MB/evt) CPU Cores/Evt Memory/Evt (MB)
    1       1            7.0562         448.8032             0.0022                  0.45                 0.00                  0.45        0.0052            5.18
    2       2            7.0578         445.4613             0.0022                  0.45                 0.06                  0.51        0.0052            5.20
    3       2            7.0840         423.8508             0.0024                  0.45                 0.38                  0.83        0.0050            4.99
    4       2            7.2009         210.7682             0.0047                  1.23                 0.78                  2.01        0.0024            2.46
    5       2            7.4643         185.8139             0.0054                  2.54                 2.09                  4.63        0.0020            2.46
    6       3            7.0900         423.8750             0.0024                  0.45                 0.44                  0.89        0.0050            4.99
    7       3            7.2050         207.5819             0.0048                  1.23                 0.84                  2.08        0.0024            2.41
    8       3            7.4693         182.6890             0.0055                  2.54                 2.15                  4.69        0.0020            2.48
    9       3            7.2342         186.1595             0.0054                  1.23                 1.16                  2.39        0.0021            2.20
   10       3            7.4994         161.3280             0.0062                  2.54                 2.47                  5.00        0.0018            2.27
   11       3            7.6152         159.5550             0.0063                  3.32                 2.87                  6.19        0.0017            1.85
   12       4            7.2403         186.1836             0.0054                  1.23                 1.22                  2.45        0.0021            2.20
   13       4            7.5055         161.3522             0.0062                  2.54                 2.53                  5.07        0.0018            2.27
   14       4            7.6202         156.4301             0.0064                  3.32                 2.93                  6.25        0.0017            1.87
   15       4            7.6504         135.0691             0.0074                  3.32                 3.25                  6.57        0.0015            1.65
   16       5            7.6564         135.0933             0.0074                  3.32                 3.31                  6.63        0.0015            1.66

Summary Statistics:
------------------------------------------------------------------------------------------------------------------------
            Comp     Groups  Wall Time/Evt (s)  CPU Time/Evt (s)  Throughput (evt/s)  Write Remote (MB/evt)  Read Remote (MB/evt)  Net Transfer (MB/evt)  CPU Cores/Evt  Memory/Evt (MB)
count  16.000000  16.000000          16.000000         16.000000           16.000000              16.000000             16.000000              16.000000      16.000000        16.000000
mean    8.500000   3.000000           7.353064        238.125878            0.005013               1.884766              1.655273               3.540039       0.002697         2.884500
std     4.760952   1.032796           0.228013        119.759537            0.001788               1.152134              1.168838               2.312666       0.001442         1.343618
min     1.000000   1.000000           7.056179        135.069094            0.002228               0.449219              0.000000               0.449219       0.001461         1.654000
25%     4.750000   2.000000           7.173205        160.884753            0.004148               1.035156              0.695801               1.730957       0.001751         2.115000
50%     8.500000   3.000000           7.352251        185.986670            0.005377               1.884766              1.655273               3.540039       0.002063         2.342000
75%    12.250000   4.000000           7.532917        264.038858            0.006216               2.734375              2.614746               5.349121       0.003048         3.107000
max    16.000000   5.000000           7.656419        448.803236            0.007404               3.320312              3.310547               6.630859       0.005192         5.200000
