Workflow Construction Summary Table
========================================================================================================================

 Comp  Groups Wall Time/Evt (s) CPU Time/Evt (s) Throughput (evt/s) Write Remote (MB/evt) Read Remote (MB/evt) Net Transfer (MB/evt) CPU Cores/Evt Memory/Evt (MB)
    1       1            7.2437          56.7669             0.0176                  0.45                 0.00                  0.45        0.0013            1.33
    2       2            7.2336          56.4867             0.0177                  0.45                 0.06                  0.51        0.0013            1.33
    3       2            7.2233          55.0019             0.0182                  0.45                 0.38                  0.83        0.0013            1.30
    4       2            7.2172          48.4025             0.0207                  2.54                 2.12                  4.66        0.0011            1.22
    5       2            7.2175          43.8307             0.0228                  1.23                 0.80                  2.03        0.0010            0.88
    6       3            7.2228          54.2725             0.0184                  0.45                 0.44                  0.89        0.0013            1.30
    7       3            7.2142          48.4083             0.0207                  2.54                 2.18                  4.72        0.0011            1.21
    8       3            7.2128          43.8126             0.0228                  1.23                 0.86                  2.09        0.0010            0.87
    9       3            7.2120          48.3649             0.0207                  2.54                 2.51                  5.05        0.0011            1.18
   10       3            7.2085          43.7956             0.0228                  1.23                 1.18                  2.41        0.0010            0.84
   11       3            7.2101          43.8021             0.0228                  3.32                 2.93                  6.25        0.0010            0.85
   12       4            7.2115          47.6530             0.0210                  2.54                 2.57                  5.11        0.0011            1.18
   13       4            7.2080          43.0838             0.0232                  1.23                 1.24                  2.47        0.0010            0.84
   14       4            7.2073          43.7907             0.0228                  3.32                 2.99                  6.31        0.0010            0.85
   15       4            7.2051          43.7821             0.0228                  3.32                 3.31                  6.63        0.0010            0.81
   16       5            7.2045          43.0702             0.0232                  3.32                 3.38                  6.70        0.0010            0.82

Summary Statistics:
------------------------------------------------------------------------------------------------------------------------
            Comp     Groups  Wall Time/Evt (s)  CPU Time/Evt (s)  Throughput (evt/s)  Write Remote (MB/evt)  Read Remote (MB/evt)  Net Transfer (MB/evt)  CPU Cores/Evt  Memory/Evt (MB)
count  16.000000  16.000000          16.000000         16.000000           16.000000              16.000000             16.000000              16.000000      16.000000        16.000000
mean    8.500000   3.000000           7.215757         47.770279            0.021145               1.884766              1.684757               3.569522       0.001129         1.050038
std     4.760952   1.032796           0.010682          5.106804            0.002110               1.152134              1.191421               2.335155       0.000118         0.218004
min     1.000000   1.000000           7.204525         43.070151            0.017616               0.449219              0.000000               0.449219       0.001021         0.813200
25%     4.750000   2.000000           7.208397         43.794390            0.020100               1.035156              0.709208               1.744365       0.001035         0.845400
50%     8.500000   3.000000           7.212429         45.741836            0.021900               1.884766              1.682142               3.566908       0.001083         1.026700
75%    12.250000   4.000000           7.218789         49.874393            0.022834               2.734375              2.661886               5.396261       0.001181         1.237150
max    16.000000   5.000000           7.243746         56.766924            0.023218               3.320312              3.376162               6.696475       0.001333         1.332800
