Workflow Construction Summary Table
========================================================================================================================

 Comp  Groups Wall Time/Evt (s) CPU Time/Evt (s) Throughput (evt/s) Write Remote (MB/evt) Read Remote (MB/evt) Net Transfer (MB/evt) CPU Cores/Evt Memory/Evt (MB)
    1       1            7.9054         475.3225             0.0021                  0.45                 0.00                  0.45        0.0116           11.65
    2       2            7.9380         471.7395             0.0021                  0.45                 0.09                  0.54        0.0116           11.63
    3       2            7.8918         449.9274             0.0022                  0.45                 0.38                  0.83        0.0111           11.19
    4       2            7.8615         217.0237             0.0046                  1.23                 0.83                  2.06        0.0054            5.51
    5       2            7.8808         179.1431             0.0056                  2.54                 2.23                  4.76        0.0044            5.47
    6       3            7.9268         451.2983             0.0022                  0.45                 0.44                  0.89        0.0112           11.29
    7       3            7.8989         215.0685             0.0046                  1.23                 0.90                  2.13        0.0054            5.54
    8       3            7.9211         177.3320             0.0056                  2.54                 2.32                  4.85        0.0044            5.50
    9       3            7.8866         190.8606             0.0052                  1.23                 1.25                  2.48        0.0048            5.00
   10       3            7.9191         154.7332             0.0065                  2.54                 2.68                  5.21        0.0040            5.07
   11       3            7.8999         151.8254             0.0066                  3.32                 3.07                  6.39        0.0039            4.27
   12       4            7.8290         189.9939             0.0053                  1.23                 1.30                  2.53        0.0048            5.02
   13       4            7.9185         154.7311             0.0065                  2.54                 2.74                  5.28        0.0040            5.09
   14       4            7.8582         147.3819             0.0068                  3.32                 3.12                  6.44        0.0038            4.17
   15       4            7.8792         125.5178             0.0080                  3.32                 3.47                  6.79        0.0033            3.68
   16       5            7.8155         123.2693             0.0081                  3.32                 3.50                  6.82        0.0032            3.60

Summary Statistics:
------------------------------------------------------------------------------------------------------------------------
            Comp     Groups  Wall Time/Evt (s)  CPU Time/Evt (s)  Throughput (evt/s)  Write Remote (MB/evt)  Read Remote (MB/evt)  Net Transfer (MB/evt)  CPU Cores/Evt  Memory/Evt (MB)
count  16.000000  16.000000          16.000000         16.000000           16.000000              16.000000             16.000000              16.000000      16.000000        16.000000
mean    8.500000   3.000000           7.889393        242.198010            0.005126               1.884766              1.769273               3.654039       0.006066         6.479875
std     4.760952   1.032796           0.034649        133.925598            0.002025               1.152134              1.249551               2.393098       0.003243         3.022071
min     1.000000   1.000000           7.815467        123.269289            0.002104               0.449219              0.000000               0.449219       0.003161         3.596000
25%     4.750000   2.000000           7.874782        154.004644            0.004011               1.035156              0.735009               1.770165       0.003954         4.818000
50%     8.500000   3.000000           7.895386        184.568502            0.005423               1.884766              1.762028               3.646794       0.004636         5.280000
75%    12.250000   4.000000           7.918655        275.249636            0.006494               2.734375              2.825858               5.560233       0.006851         6.956000
max    16.000000   5.000000           7.937951        475.322506            0.008112               3.320312              3.495963               6.816276       0.011648        11.648000
