Workflow Construction Summary Table
========================================================================================================================

 Comp  Groups Wall Time/Evt (s) CPU Time/Evt (s) Throughput (evt/s) Write Remote (MB/evt) Read Remote (MB/evt) Net Transfer (MB/evt) CPU Cores/Evt Memory/Evt (MB)
    1       2           40.4541        2454.9996             0.0004                  0.89                 0.55                  1.44        0.0289           29.03
    2       2           40.4541        2454.9996             0.0004                  0.89                 0.55                  1.44        0.0289           29.03
    3       3           40.4591        2454.6271             0.0004                  0.89                 0.70                  1.59        0.0289           29.01
    4       3           40.4591        2454.6271             0.0004                  0.89                 0.70                  1.59        0.0289           29.01
    5       3           40.4428        2434.3636             0.0004                  0.89                 0.70                  1.59        0.0287           28.82
    6       3           40.4428        2434.3636             0.0004                  0.89                 0.70                  1.59        0.0287           28.82
    7       3           40.4784        2454.3287             0.0004                  1.50                 1.17                  2.67        0.0290           29.07
    8       3           40.4784        2454.3287             0.0004                  1.50                 1.17                  2.67        0.0290           29.07
    9       3           40.4157        2371.9250             0.0004                  0.89                 1.10                  1.99        0.0280           28.18
   10       3           40.4298         731.0862             0.0014                  2.06                 1.75                  3.81        0.0087           11.67
   11       3           40.4298         731.0862             0.0014                  2.06                 1.75                  3.81        0.0087           11.67
   12       4           40.4419        2433.9789             0.0004                  0.89                 0.85                  1.74        0.0287           28.80
   13       4           40.4419        2433.9789             0.0004                  0.89                 0.85                  1.74        0.0287           28.80
   14       4           40.4775        2452.8787             0.0004                  1.50                 1.32                  2.82        0.0290           29.04
   15       4           40.4775        2452.8787             0.0004                  1.50                 1.32                  2.82        0.0290           29.04
   16       4           40.4147        2371.5401             0.0004                  0.89                 1.25                  2.14        0.0280           28.16
   17       4           40.4147        2371.5401             0.0004                  0.89                 1.25                  2.14        0.0280           28.16
   18       4           40.4511        2433.6979             0.0004                  1.50                 1.31                  2.82        0.0288           28.86
   19       4           40.4511        2433.6979             0.0004                  1.50                 1.31                  2.82        0.0288           28.86
   20       4           40.4289         729.6017             0.0014                  2.06                 1.90                  3.96        0.0086           11.63
   21       4           40.3737         607.6158             0.0016                  2.68                 2.38                  5.05        0.0072           11.64
   22       4           40.4289         729.6017             0.0014                  2.06                 1.90                  3.96        0.0086           11.63
   23       4           40.3737         607.6158             0.0016                  2.68                 2.38                  5.05        0.0072           11.64
   24       4           40.3897         712.2414             0.0014                  2.06                 1.89                  3.95        0.0085           11.46
   25       4           40.3897         712.2414             0.0014                  2.06                 1.89                  3.95        0.0085           11.46
   26       4           40.3857         647.7351             0.0015                  2.06                 2.29                  4.35        0.0077           10.78
   27       4           40.3899        2368.6111             0.0004                  1.50                 1.72                  3.23        0.0280           28.17
   28       5           40.4138        2370.6098             0.0004                  0.89                 1.40                  2.29        0.0280           28.13
   29       5           40.4447        2432.2455             0.0004                  1.50                 1.46                  2.97        0.0287           28.83
   30       5           40.4447        2432.2455             0.0004                  1.50                 1.46                  2.97        0.0287           28.83
   31       5           40.3727         606.7114             0.0016                  2.68                 2.53                  5.20        0.0072           11.61
   32       5           40.3727         606.7114             0.0016                  2.68                 2.53                  5.20        0.0072           11.61
   33       5           40.4234         710.3421             0.0014                  2.06                 2.05                  4.11        0.0084           11.42
   34       5           40.4234         710.3421             0.0014                  2.06                 2.05                  4.11        0.0084           11.42
   35       5           40.3847         646.7952             0.0015                  2.06                 2.44                  4.50        0.0076           10.73
   36       5           40.3847         646.7952             0.0015                  2.06                 2.44                  4.50        0.0076           10.73
   37       5           40.4168        2368.7326             0.0004                  1.50                 1.87                  3.38        0.0280           28.15
   38       5           40.4168        2368.7326             0.0004                  1.50                 1.87                  3.38        0.0280           28.15
   39       5           40.3682         588.8495             0.0017                  2.68                 2.52                  5.20        0.0070           11.44
   40       5           40.3682         588.8495             0.0017                  2.68                 2.52                  5.20        0.0070           11.44
   41       5           40.3641         525.7862             0.0019                  2.68                 2.92                  5.60        0.0062           10.77
   42       6           40.3804         646.2985             0.0015                  2.06                 2.59                  4.65        0.0077           10.72
   43       6           40.4054        2368.3423             0.0004                  1.50                 2.01                  3.52        0.0280           28.14
   44       6           40.3672         587.4519             0.0017                  2.68                 2.67                  5.35        0.0070           11.40
   45       6           40.3672         587.4519             0.0017                  2.68                 2.67                  5.35        0.0070           11.40
   46       6           40.3632         524.8819             0.0019                  2.68                 3.07                  5.75        0.0062           10.75
   47       6           40.3632         524.8819             0.0019                  2.68                 3.07                  5.75        0.0062           10.75
   48       7           40.3553         524.2484             0.0019                  2.68                 3.22                  5.90        0.0062           10.72

Summary Statistics:
------------------------------------------------------------------------------------------------------------------------
        Comp     Groups  Wall Time/Evt (s)  CPU Time/Evt (s)  Throughput (evt/s)  Write Remote (MB/evt)  Read Remote (MB/evt)  Net Transfer (MB/evt)  CPU Cores/Evt  Memory/Evt (MB)
count  48.00  48.000000          48.000000         48.000000           48.000000              48.000000             48.000000              48.000000      48.000000        48.000000
mean   24.50   4.333333          40.414061       1527.031162            0.001004               1.782451              1.792186               3.574637       0.018042        19.972042
std    14.00   1.117241           0.037026        903.456481            0.000611               0.668887              0.739598               1.381557       0.010647         8.801571
min     1.00   2.000000          40.355336        524.248449            0.000407               0.888672              0.551620               1.440292       0.006213        10.720800
25%    12.75   4.000000          40.378681        636.627800            0.000411               1.350435              1.248904               2.575429       0.007537        11.435600
50%    24.50   4.000000          40.416203       1549.714245            0.000895               1.782451              1.873984               3.662315       0.018320        19.900400
75%    36.25   5.000000          40.443274       2433.768146            0.001572               2.214468              2.441029               4.749905       0.028725        28.820100
max    48.00   7.000000          40.478365       2454.999650            0.001907               2.676230              3.220282               5.896512       0.028983        29.071600
