Workflow Construction Summary Table
========================================================================================================================

 Comp  Groups Wall Time/Evt (s) CPU Time/Evt (s) Throughput (evt/s) Write Remote (MB/evt) Read Remote (MB/evt) Net Transfer (MB/evt) CPU Cores/Evt Memory/Evt (MB)
    1       2           53.5830        2910.5761             0.0003                  0.89                 0.62                  1.51        0.4452          446.59
    2       2           53.5830        2910.5761             0.0003                  0.89                 0.62                  1.51        0.4452          446.59
    3       3           53.5693        2909.4296             0.0003                  0.89                 0.79                  1.67        0.4450          446.15
    4       3           53.5693        2909.4296             0.0003                  0.89                 0.79                  1.67        0.4450          446.15
    5       3           53.1472        2864.5252             0.0003                  0.89                 0.78                  1.67        0.4407          442.21
    6       3           53.1472        2864.5252             0.0003                  0.89                 0.78                  1.67        0.4407          442.21
    7       3           53.2024        2884.8081             0.0003                  1.50                 1.34                  2.85        0.4430          444.39
    8       3           53.2024        2884.8081             0.0003                  1.50                 1.34                  2.85        0.4430          444.39
    9       3           52.7161        2768.6610             0.0004                  0.89                 1.25                  2.14        0.4300          432.92
   10       3           52.4541         850.7095             0.0012                  2.06                 1.99                  4.05        0.1320          178.02
   11       3           52.4541         850.7095             0.0012                  2.06                 1.99                  4.05        0.1320          178.02
   12       4           53.1339        2863.5289             0.0003                  0.89                 0.95                  1.84        0.4406          441.81
   13       4           53.1339        2863.5289             0.0003                  0.89                 0.95                  1.84        0.4406          441.81
   14       4           53.1836        2883.0118             0.0003                  1.50                 1.52                  3.02        0.4426          443.77
   15       4           53.1836        2883.0118             0.0003                  1.50                 1.52                  3.02        0.4426          443.77
   16       4           52.7016        2768.5910             0.0004                  0.89                 1.41                  2.30        0.4301          432.74
   17       4           52.7016        2768.5910             0.0004                  0.89                 1.41                  2.30        0.4301          432.74
   18       4           52.7556        2838.5409             0.0004                  1.50                 1.51                  3.01        0.4406          442.05
   19       4           52.7556        2838.5409             0.0004                  1.50                 1.51                  3.01        0.4406          442.05
   20       4           52.4404         849.8944             0.0012                  2.06                 2.16                  4.22        0.1319          177.67
   21       4           51.9471         703.4536             0.0014                  2.68                 2.70                  5.37        0.1086          176.56
   22       4           52.4404         849.8944             0.0012                  2.06                 2.16                  4.22        0.1319          177.67
   23       4           51.9471         703.4536             0.0014                  2.68                 2.70                  5.37        0.1086          176.56
   24       4           52.3580         824.2927             0.0012                  2.06                 2.16                  4.22        0.1287          174.72
   25       4           52.3580         824.2927             0.0012                  2.06                 2.16                  4.22        0.1287          174.72
   26       4           52.2776         750.2088             0.0013                  2.06                 2.62                  4.68        0.1176          165.05
   27       4           52.3696        2745.1051             0.0004                  1.50                 1.97                  3.47        0.4283          431.14
   28       5           52.6862        2768.2102             0.0004                  0.89                 1.58                  2.46        0.4302          432.46
   29       5           52.7538        2837.0758             0.0004                  1.50                 1.68                  3.19        0.4403          441.53
   30       5           52.7538        2837.0758             0.0004                  1.50                 1.68                  3.19        0.4403          441.53
   31       5           51.9455         702.8520             0.0014                  2.68                 2.87                  5.54        0.1086          176.24
   32       5           51.9455         702.8520             0.0014                  2.68                 2.87                  5.54        0.1086          176.24
   33       5           52.3448         822.7583             0.0012                  2.06                 2.33                  4.39        0.1284          174.18
   34       5           52.3448         822.7583             0.0012                  2.06                 2.33                  4.39        0.1284          174.18
   35       5           52.2230         748.2730             0.0013                  2.06                 2.78                  4.84        0.1172          164.37
   36       5           52.2230         748.2730             0.0013                  2.06                 2.78                  4.84        0.1172          164.37
   37       5           52.2923        2744.0320             0.0004                  1.50                 2.12                  3.63        0.4281          430.66
   38       5           52.2923        2744.0320             0.0004                  1.50                 2.12                  3.63        0.4281          430.66
   39       5           51.8656         676.0686             0.0015                  2.68                 2.87                  5.54        0.1050          173.02
   40       5           51.8656         676.0686             0.0015                  2.68                 2.87                  5.54        0.1050          173.02
   41       5           51.7878         602.8710             0.0017                  2.68                 3.31                  5.99        0.0942          163.58
   42       6           52.2293         747.7226             0.0013                  2.06                 2.96                  5.02        0.1172          164.10
   43       6           52.2976        2741.9884             0.0004                  1.50                 2.31                  3.81        0.4277          430.01
   44       6           51.8819         675.9025             0.0015                  2.68                 3.04                  5.72        0.1051          172.85
   45       6           51.8819         675.9025             0.0015                  2.68                 3.04                  5.72        0.1051          172.85
   46       6           51.7500         601.7926             0.0017                  2.68                 3.48                  6.15        0.0941          163.13
   47       6           51.7500         601.7926             0.0017                  2.68                 3.48                  6.15        0.0941          163.13
   48       7           51.7763         600.5073             0.0017                  2.68                 3.66                  6.34        0.0939          162.66

Summary Statistics:
------------------------------------------------------------------------------------------------------------------------
        Comp     Groups  Wall Time/Evt (s)  CPU Time/Evt (s)  Throughput (evt/s)  Write Remote (MB/evt)  Read Remote (MB/evt)  Net Transfer (MB/evt)  CPU Cores/Evt  Memory/Evt (MB)
count  48.00  48.000000          48.000000         48.000000           48.000000              48.000000             48.000000              48.000000      48.000000        48.000000
mean   24.50   4.333333          52.525130       1784.281413            0.000867               1.782451              2.038391               3.820842       0.276062       305.567583
std    14.00   1.117241           0.546915       1064.118912            0.000533               0.668887              0.841153               1.481749       0.163858       135.572992
min     1.00   2.000000          51.750004        600.507267            0.000344               0.888672              0.617807               1.506479       0.093851       162.661800
25%    12.75   4.000000          52.154000        736.655346            0.000352               1.350435              1.412019               2.750545       0.115075       173.889550
50%    24.50   4.000000          52.405027       1796.348962            0.000770               1.782451              2.123446               3.929891       0.279842       304.016900
75%    36.25   5.000000          52.850136       2844.787903            0.001358               2.214468              2.783335               5.105553       0.440600       441.870400
max    48.00   7.000000          53.582967       2910.576117            0.001665               2.676230              3.662070               6.338300       0.445179       446.592800
