Workflow Construction Summary Table
========================================================================================================================

 Comp  Groups Wall Time/Evt (s) CPU Time/Evt (s) Throughput (evt/s) Write Remote (MB/evt) Read Remote (MB/evt) Net Transfer (MB/evt) CPU Cores/Evt Memory/Evt (MB)
    1       1            7.6874         467.5796             0.0021                  0.45                 0.00                  0.45        0.0057            5.68
    2       2            7.6821         464.2474             0.0022                  0.45                 0.06                  0.51        0.0056            5.65
    3       2            7.6769         441.3202             0.0023                  0.45                 0.40                  0.85        0.0054            5.41
    4       2            7.6749         211.9555             0.0047                  1.23                 0.82                  2.05        0.0026            2.62
    5       2            7.6776         175.1224             0.0057                  2.54                 2.17                  4.71        0.0021            2.65
    6       3            7.6738         441.8329             0.0023                  0.45                 0.46                  0.91        0.0054            5.42
    7       3            7.6726         208.8294             0.0048                  1.23                 0.89                  2.12        0.0025            2.59
    8       3            7.6648         171.6605             0.0058                  2.54                 2.23                  4.77        0.0021            2.60
    9       3            7.6707         186.6171             0.0054                  1.23                 1.22                  2.45        0.0023            2.36
   10       3            7.6633         149.9783             0.0067                  2.54                 2.56                  5.10        0.0018            2.38
   11       3            7.6755         147.3318             0.0068                  3.32                 3.00                  6.32        0.0018            1.95
   12       4            7.6705         186.6162             0.0054                  1.23                 1.28                  2.51        0.0023            2.36
   13       4            7.6704         149.3133             0.0067                  2.54                 2.63                  5.17        0.0018            2.36
   14       4            7.6592         143.1989             0.0070                  3.32                 3.06                  6.38        0.0017            1.90
   15       4            7.6732         122.0878             0.0082                  3.32                 3.40                  6.72        0.0015            1.68
   16       5            7.6730         121.5673             0.0082                  3.32                 3.46                  6.78        0.0015            1.66

Summary Statistics:
------------------------------------------------------------------------------------------------------------------------
            Comp     Groups  Wall Time/Evt (s)  CPU Time/Evt (s)  Throughput (evt/s)  Write Remote (MB/evt)  Read Remote (MB/evt)  Net Transfer (MB/evt)  CPU Cores/Evt  Memory/Evt (MB)
count  16.000000  16.000000          16.000000         16.000000           16.000000              16.000000             16.000000              16.000000      16.000000        16.000000
mean    8.500000   3.000000           7.672881        236.828653            0.005258               1.884766              1.727874               3.612640       0.002881         3.079575
std     4.760952   1.032796           0.006865        132.095239            0.002084               1.152134              1.218714               2.362175       0.001609         1.501811
min     1.000000   1.000000           7.659228        121.567290            0.002139               0.449219              0.000000               0.449219       0.001467         1.663600
25%     4.750000   2.000000           7.670464        148.817893            0.004105               1.035156              0.726177               1.761333       0.001808         2.256000
50%     8.500000   3.000000           7.673090        180.869322            0.005534               1.884766              1.727321               3.612087       0.002205         2.484400
75%    12.250000   4.000000           7.675880        269.296651            0.006720               2.734375              2.724817               5.459192       0.003272         3.336400
max    16.000000   5.000000           7.687414        467.579618            0.008226               3.320312              3.460341               6.780653       0.005683         5.683200
