Workflow Construction Summary Table
========================================================================================================================

 Comp  Groups Wall Time/Evt (s) CPU Time/Evt (s) Throughput (evt/s) Write Remote (MB/evt) Read Remote (MB/evt) Net Transfer (MB/evt) CPU Cores/Evt Memory/Evt (MB)
    1       1            8.9029          67.8461             0.0147                  0.45                 0.00                  0.45        0.0340           34.00
    2       2            8.6431          65.6430             0.0152                  0.45                 0.07                  0.52        0.0339           33.88
    3       2            8.3814          62.0788             0.0161                  0.45                 0.39                  0.84        0.0330           33.04
    4       2            8.2585          53.5810             0.0187                  2.54                 2.19                  4.73        0.0290           30.92
    5       2            8.2448          47.9735             0.0208                  1.23                 0.82                  2.05        0.0263           22.27
    6       3            8.3690          61.2584             0.0163                  0.45                 0.46                  0.91        0.0326           33.04
    7       3            8.1833          53.2948             0.0188                  2.54                 2.26                  4.80        0.0290           30.80
    8       3            8.1253          47.5293             0.0210                  1.23                 0.89                  2.12        0.0263           22.13
    9       3            8.1295          53.0556             0.0188                  2.54                 2.60                  5.14        0.0290           29.95
   10       3            8.0180          47.1169             0.0212                  1.23                 1.22                  2.45        0.0263           21.26
   11       3            8.0946          47.4059             0.0211                  3.32                 3.02                  6.34        0.0263           21.58
   12       4            8.1160          52.2292             0.0191                  2.54                 2.67                  5.21        0.0286           29.97
   13       4            8.0038          46.2920             0.0216                  1.23                 1.28                  2.51        0.0259           21.28
   14       4            8.0187          47.1156             0.0212                  3.32                 3.08                  6.40        0.0263           21.48
   15       4            7.9673          46.9194             0.0213                  3.32                 3.41                  6.74        0.0263           20.61
   16       5            7.9518          46.0853             0.0217                  3.32                 3.48                  6.80        0.0259           20.61

Summary Statistics:
------------------------------------------------------------------------------------------------------------------------
            Comp     Groups  Wall Time/Evt (s)  CPU Time/Evt (s)  Throughput (evt/s)  Write Remote (MB/evt)  Read Remote (MB/evt)  Net Transfer (MB/evt)  CPU Cores/Evt  Memory/Evt (MB)
count  16.000000  16.000000          16.000000         16.000000           16.000000              16.000000             16.000000              16.000000      16.000000        16.000000
mean    8.500000   3.000000           8.213009         52.839054            0.019242               1.884490              1.740591               3.625081       0.028685        26.676312
std     4.760952   1.032796           0.258702          7.380136            0.002427               1.151888              1.230147               2.373440       0.003041         5.586623
min     1.000000   1.000000           7.951795         46.085300            0.014739               0.449219              0.000000               0.449219       0.025900        20.605000
25%     4.750000   2.000000           8.018537         47.116555            0.018079               1.034879              0.731664               1.766820       0.026324        21.434250
50%     8.500000   3.000000           8.127406         50.101347            0.019996               1.884766              1.738722               3.623303       0.027454        26.110000
75%    12.250000   4.000000           8.286142         55.500357            0.021224               2.733520              2.756591               5.490966       0.029933        31.449250
max    16.000000   5.000000           8.902945         67.846148            0.021699               3.320312              3.481522               6.801834       0.034000        34.000000
