Workflow Construction Summary Table
========================================================================================================================

 Comp  Groups Wall Time/Evt (s) CPU Time/Evt (s) Throughput (evt/s) Write Remote (MB/evt) Read Remote (MB/evt) Net Transfer (MB/evt) CPU Cores/Evt Memory/Evt (MB)
    1       1            9.1546         515.6899             0.0019                  0.45                 0.00                  0.45        0.0201           20.15
    2       2            9.1357         511.2585             0.0020                  0.45                 0.07                  0.52        0.0200           20.03
    3       2            9.1100         485.3954             0.0021                  0.45                 0.44                  0.88        0.0190           19.14
    4       2            9.0980         233.8494             0.0043                  1.23                 0.90                  2.12        0.0091            9.31
    5       2            9.1019         194.1143             0.0052                  2.53                 2.41                  4.94        0.0076            9.39
    6       3            9.1106         485.5805             0.0021                  0.45                 0.51                  0.96        0.0190           19.14
    7       3            9.0984         230.8550             0.0043                  1.23                 0.98                  2.21        0.0091            9.24
    8       3            9.0895         190.2245             0.0053                  2.53                 2.48                  5.01        0.0075            9.27
    9       3            9.0840         205.9325             0.0049                  1.23                 1.32                  2.55        0.0081            8.38
   10       3            9.0895         165.2852             0.0061                  2.53                 2.81                  5.35        0.0065            8.42
   11       3            9.0958         162.6708             0.0061                  3.31                 3.30                  6.61        0.0064            6.94
   12       4            9.0866         206.1212             0.0049                  1.23                 1.39                  2.62        0.0081            8.38
   13       4            9.0897         166.3123             0.0060                  2.53                 2.89                  5.43        0.0066            8.48
   14       4            9.0769         158.5661             0.0063                  3.31                 3.36                  6.67        0.0062            6.80
   15       4            9.0798         135.4654             0.0074                  3.32                 3.74                  7.06        0.0054            6.05
   16       5            9.0768         135.6932             0.0074                  3.30                 3.81                  7.10        0.0054            6.05

Summary Statistics:
------------------------------------------------------------------------------------------------------------------------
            Comp     Groups  Wall Time/Evt (s)  CPU Time/Evt (s)  Throughput (evt/s)  Write Remote (MB/evt)  Read Remote (MB/evt)  Net Transfer (MB/evt)  CPU Cores/Evt  Memory/Evt (MB)
count  16.000000  16.000000          16.000000         16.000000           16.000000              16.000000             16.000000              16.000000      16.000000        16.000000
mean    8.500000   3.000000           9.098607        261.438402            0.004750               1.879207              1.899930               3.779136       0.010256        10.947725
std     4.760952   1.032796           0.021132        144.960884            0.001870               1.147607              1.341675               2.480559       0.005661         5.286555
min     1.000000   1.000000           9.076819        135.465361            0.001939               0.448469              0.000000               0.448469       0.005375         6.050000
25%     4.750000   2.000000           9.085916        164.631606            0.003722               1.032695              0.798999               1.831932       0.006471         8.016000
50%     8.500000   3.000000           9.092753        200.023433            0.005004               1.880489              1.900960               3.780856       0.007848         8.861400
75%    12.250000   4.000000           9.103898        296.735932            0.006074               2.723908              2.994144               5.720787       0.011609        11.829500
max    16.000000   5.000000           9.154557        515.689866            0.007382               3.319128              3.805015               7.102258       0.020147        20.147200
