Workflow Construction Summary Table
========================================================================================================================

 Comp  Groups Wall Time/Evt (s) CPU Time/Evt (s) Throughput (evt/s) Write Remote (MB/evt) Read Remote (MB/evt) Net Transfer (MB/evt) CPU Cores/Evt Memory/Evt (MB)
    1       1            7.2676         455.8115             0.0022                  0.45                 0.00                  0.45        0.0160           16.00
    2       2            7.2530         451.8385             0.0022                  0.45                 0.06                  0.51        0.0159           15.90
    3       2            7.2406         429.7466             0.0023                  0.45                 0.38                  0.83        0.0152           15.25
    4       2            7.2434         204.8221             0.0049                  1.23                 0.78                  2.01        0.0071            7.26
    5       2            7.2700         171.1359             0.0058                  2.54                 2.09                  4.63        0.0060            7.44
    6       3            7.2404         429.7458             0.0023                  0.45                 0.44                  0.89        0.0152           15.26
    7       3            7.2373         201.3779             0.0050                  1.23                 0.84                  2.08        0.0070            7.16
    8       3            7.2662         167.8376             0.0060                  2.54                 2.15                  4.69        0.0058            7.27
    9       3            7.2342         179.8557             0.0056                  1.23                 1.16                  2.39        0.0063            6.51
   10       3            7.2662         146.5151             0.0068                  2.54                 2.47                  5.00        0.0052            6.69
   11       3            7.2741         143.4516             0.0070                  3.32                 2.87                  6.19        0.0050            5.45
   12       4            7.2339         179.8549             0.0056                  1.23                 1.22                  2.45        0.0063            6.52
   13       4            7.2660         146.5143             0.0068                  2.54                 2.53                  5.07        0.0052            6.70
   14       4            7.2704         140.1610             0.0071                  3.32                 2.93                  6.25        0.0049            5.35
   15       4            7.2703         118.8309             0.0084                  3.32                 3.25                  6.57        0.0042            4.71
   16       5            7.2701         118.8301             0.0084                  3.32                 3.31                  6.63        0.0042            4.71

Summary Statistics:
------------------------------------------------------------------------------------------------------------------------
            Comp     Groups  Wall Time/Evt (s)  CPU Time/Evt (s)  Throughput (evt/s)  Write Remote (MB/evt)  Read Remote (MB/evt)  Net Transfer (MB/evt)  CPU Cores/Evt  Memory/Evt (MB)
count  16.000000  16.000000          16.000000         16.000000           16.000000              16.000000             16.000000              16.000000      16.000000        16.000000
mean    8.500000   3.000000           7.256482        230.395589            0.005401               1.884766              1.655273               3.540039       0.008077         8.636000
std     4.760952   1.032796           0.015352        128.589164            0.002130               1.152134              1.168838               2.312666       0.004543         4.244862
min     1.000000   1.000000           7.233948        118.830071            0.002194               0.449219              0.000000               0.449219       0.004162         4.706000
25%     4.750000   2.000000           7.240597        145.748638            0.004243               1.035156              0.695801               1.730957       0.005116         6.248500
50%     8.500000   3.000000           7.266085        175.495378            0.005702               1.884766              1.655273               3.540039       0.006137         6.927000
75%    12.250000   4.000000           7.270019        261.052994            0.006862               2.734375              2.614746               5.349121       0.009130         9.393500
max    16.000000   5.000000           7.274110        455.811483            0.008415               3.320312              3.310547               6.630859       0.016000        16.000000
