Workflow Construction Summary Table
========================================================================================================================

 Comp  Groups Wall Time/Evt (s) CPU Time/Evt (s) Throughput (evt/s) Write Remote (MB/evt) Read Remote (MB/evt) Net Transfer (MB/evt) CPU Cores/Evt Memory/Evt (MB)
    1       1            7.2220         457.9497             0.0022                  0.45                 0.00                  0.45        0.0313           31.30
    2       2            7.1984         452.9971             0.0022                  0.45                 0.06                  0.51        0.0311           31.09
    3       2            7.2008         429.1923             0.0023                  0.45                 0.38                  0.83        0.0296           29.74
    4       2            7.3048         216.9088             0.0046                  1.23                 0.79                  2.02        0.0145           14.80
    5       2            7.5703         189.4649             0.0053                  2.54                 2.12                  4.66        0.0120           14.75
    6       3            7.2056         429.2113             0.0023                  0.45                 0.45                  0.90        0.0296           29.74
    7       3            7.2977         213.0005             0.0047                  1.23                 0.86                  2.09        0.0144           14.66
    8       3            7.5679         185.8565             0.0054                  2.54                 2.18                  4.72        0.0118           14.54
    9       3            7.3172         190.2985             0.0053                  1.23                 1.18                  2.41        0.0129           13.31
   10       3            7.5934         163.5403             0.0061                  2.54                 2.50                  5.04        0.0102           13.20
   11       3            7.7146         163.2242             0.0061                  3.32                 2.92                  6.24        0.0101           11.03
   12       4            7.3220         190.3175             0.0053                  1.23                 1.24                  2.47        0.0129           13.31
   13       4            7.5988         164.0609             0.0061                  2.54                 2.57                  5.11        0.0103           13.27
   14       4            7.7125         159.6290             0.0063                  3.32                 2.98                  6.30        0.0100           10.88
   15       4            7.7383         137.8010             0.0073                  3.32                 3.30                  6.62        0.0084            9.53
   16       5            7.7431         137.8202             0.0073                  3.32                 3.36                  6.68        0.0085            9.54

Summary Statistics:
------------------------------------------------------------------------------------------------------------------------
            Comp     Groups  Wall Time/Evt (s)  CPU Time/Evt (s)  Throughput (evt/s)  Write Remote (MB/evt)  Read Remote (MB/evt)  Net Transfer (MB/evt)  CPU Cores/Evt  Memory/Evt (MB)
count  16.000000  16.000000          16.000000         16.000000           16.000000              16.000000             16.000000              16.000000      16.000000        16.000000
mean    8.500000   3.000000           7.456707        242.579542            0.004915               1.884766              1.680938               3.565704       0.016088        17.168375
std     4.760952   1.032796           0.215038        121.352465            0.001750               1.152134              1.186973               2.330696       0.008709         8.117948
min     1.000000   1.000000           7.198449        137.801041            0.002184               0.449219              0.000000               0.449219       0.008446         9.526000
25%     4.750000   2.000000           7.278743        163.461244            0.004040               1.035156              0.707260               1.742416       0.010216        12.654000
50%     8.500000   3.000000           7.444947        189.881705            0.005266               1.884766              1.680437               3.565203       0.012425        13.928000
75%    12.250000   4.000000           7.627186        269.979649            0.006118               2.734375              2.654317               5.388692       0.018294        18.538000
max    16.000000   5.000000           7.743063        457.949687            0.007257               3.320312              3.363504               6.683816       0.031296        31.296000
