Workflow Construction Summary Table
========================================================================================================================

 Comp  Groups Wall Time/Evt (s) CPU Time/Evt (s) Throughput (evt/s) Write Remote (MB/evt) Read Remote (MB/evt) Net Transfer (MB/evt) CPU Cores/Evt Memory/Evt (MB)
    1       1            7.7849          59.3048             0.0169                  0.45                 0.00                  0.45        0.0042            4.24
    2       2            7.7528          59.0591             0.0169                  0.45                 0.07                  0.51        0.0042            4.24
    3       2            7.7202          58.8110             0.0170                  0.45                 0.39                  0.84        0.0042            4.24
    4       2            7.7066          58.7084             0.0170                  2.54                 2.21                  4.75        0.0042            4.24
    5       2            7.7054          58.6999             0.0170                  1.23                 0.82                  2.05        0.0042            4.24
    6       3            7.7186          58.8099             0.0170                  0.45                 0.46                  0.90        0.0042            4.25
    7       3            7.6947          58.6268             0.0171                  2.54                 2.28                  4.81        0.0042            4.24
    8       3            7.6908          58.5887             0.0171                  1.23                 0.89                  2.12        0.0042            4.25
    9       3            7.6884          58.5775             0.0171                  2.54                 2.60                  5.14        0.0042            4.25
   10       3            7.6736          58.4596             0.0171                  1.23                 1.22                  2.45        0.0042            4.24
   11       3            7.6858          58.5500             0.0171                  3.32                 3.02                  6.34        0.0042            4.24
   12       4            7.6861          58.5616             0.0171                  2.54                 2.66                  5.20        0.0043            4.25
   13       4            7.6734          58.4639             0.0171                  1.23                 1.28                  2.51        0.0042            4.25
   14       4            7.6764          58.4784             0.0171                  3.32                 3.09                  6.41        0.0042            4.25
   15       4            7.6670          58.4161             0.0171                  3.32                 3.42                  6.74        0.0042            4.25
   16       5            7.6646          58.4001             0.0171                  3.32                 3.48                  6.80        0.0042            4.25

Summary Statistics:
------------------------------------------------------------------------------------------------------------------------
            Comp     Groups  Wall Time/Evt (s)  CPU Time/Evt (s)  Throughput (evt/s)  Write Remote (MB/evt)  Read Remote (MB/evt)  Net Transfer (MB/evt)  CPU Cores/Evt  Memory/Evt (MB)
count  16.000000  16.000000          16.000000         16.000000           16.000000              16.000000             16.000000              16.000000      16.000000         16.00000
mean    8.500000   3.000000           7.699314         58.657243            0.017048               1.884707              1.742461               3.627168       0.004246          4.24550
std     4.760952   1.032796           0.032406          0.244604            0.000071               1.152194              1.232270               2.376145       0.000004          0.00383
min     1.000000   1.000000           7.664564         58.400123            0.016862               0.449031              0.000000               0.449031       0.004238          4.23840
25%     4.750000   2.000000           7.675680         58.474789            0.017026               1.034855              0.729765               1.764921       0.004242          4.24160
50%     8.500000   3.000000           7.689610         58.583081            0.017070               1.884766              1.747244               3.632010       0.004246          4.24560
75%    12.250000   4.000000           7.709580         58.733812            0.017101               2.734375              2.752325               5.486700       0.004248          4.24800
max    16.000000   5.000000           7.784864         59.304777            0.017123               3.320312              3.484455               6.804767       0.004253          4.25280
