Workflow Construction Summary Table
========================================================================================================================

 Comp  Groups Wall Time/Evt (s) CPU Time/Evt (s) Throughput (evt/s) Write Remote (MB/evt) Read Remote (MB/evt) Net Transfer (MB/evt) CPU Cores/Evt Memory/Evt (MB)
    1       1            7.4490         460.0797             0.0022                  0.45                 0.00                  0.45        0.0055            5.50
    2       2            7.4446         456.7588             0.0022                  0.45                 0.06                  0.51        0.0055            5.52
    3       2            7.4424         435.3696             0.0023                  0.45                 0.38                  0.83        0.0053            5.31
    4       2            7.4518         206.5662             0.0048                  1.23                 0.79                  2.02        0.0025            2.53
    5       2            7.4797         173.8783             0.0058                  2.54                 2.13                  4.67        0.0022            2.66
    6       3            7.4428         435.3709             0.0023                  0.45                 0.44                  0.89        0.0053            5.31
    7       3            7.4503         203.4195             0.0049                  1.23                 0.86                  2.09        0.0025            2.55
    8       3            7.4787         170.7629             0.0059                  2.54                 2.20                  4.74        0.0020            2.54
    9       3            7.4510         182.2142             0.0055                  1.23                 1.17                  2.40        0.0022            2.26
   10       3            7.4808         149.6404             0.0067                  2.54                 2.52                  5.06        0.0018            2.32
   11       3            7.4906         145.7706             0.0069                  3.32                 2.92                  6.24        0.0018            1.92
   12       4            7.4515         182.2160             0.0055                  1.23                 1.23                  2.46        0.0022            2.28
   13       4            7.4813         149.6422             0.0067                  2.54                 2.59                  5.12        0.0018            2.34
   14       4            7.4979         142.6905             0.0070                  3.32                 2.99                  6.31        0.0018            1.95
   15       4            7.4919         121.5481             0.0082                  3.32                 3.30                  6.62        0.0015            1.72
   16       5            7.5519         121.6689             0.0082                  3.32                 3.40                  6.72        0.0015            1.74

Summary Statistics:
------------------------------------------------------------------------------------------------------------------------
            Comp     Groups  Wall Time/Evt (s)  CPU Time/Evt (s)  Throughput (evt/s)  Write Remote (MB/evt)  Read Remote (MB/evt)  Net Transfer (MB/evt)  CPU Cores/Evt  Memory/Evt (MB)
count  16.000000  16.000000          16.000000         16.000000           16.000000              16.000000             16.000000              16.000000      16.000000        16.000000
mean    8.500000   3.000000           7.471011        233.599793            0.005311               1.884766              1.686028               3.570793       0.002831         3.027750
std     4.760952   1.032796           0.029207        129.644113            0.002077               1.152134              1.195305               2.338977       0.001553         1.449523
min     1.000000   1.000000           7.442420        121.548069            0.002174               0.449219              0.000000               0.449219       0.001525         1.716000
25%     4.750000   2.000000           7.449950        148.672944            0.004205               1.035156              0.703966               1.739122       0.001790         2.181500
50%     8.500000   3.000000           7.465249        178.046234            0.005620               1.884766              1.684094               3.568859       0.002171         2.434000
75%    12.250000   4.000000           7.483617        263.767054            0.006727               2.734375              2.668351               5.402726       0.003185         3.319000
max    16.000000   5.000000           7.551857        460.079720            0.008227               3.320312              3.398495               6.718807       0.005512         5.520000
