Workflow Construction Summary Table
========================================================================================================================

 Comp  Groups Wall Time/Evt (s) CPU Time/Evt (s) Throughput (evt/s) Write Remote (MB/evt) Read Remote (MB/evt) Net Transfer (MB/evt) CPU Cores/Evt Memory/Evt (MB)
    1       1            9.6453          66.3748             0.0151                  0.45                 0.00                  0.45        0.0018            1.78
    2       2            9.6255          65.8959             0.0152                  0.45                 0.11                  0.56        0.0018            1.78
    3       2            9.6075          64.3027             0.0156                  0.45                 0.43                  0.88        0.0017            1.73
    4       2            9.6593          56.5629             0.0177                  2.54                 2.54                  5.08        0.0015            1.65
    5       2            9.4926          50.6552             0.0197                  1.21                 0.92                  2.13        0.0014            1.16
    6       3            9.6211          63.5402             0.0157                  0.45                 0.52                  0.96        0.0017            1.74
    7       3            9.6565          56.5516             0.0177                  2.54                 2.62                  5.16        0.0015            1.66
    8       3            9.4867          50.8077             0.0197                  1.22                 1.00                  2.23        0.0014            1.16
    9       3            9.5739          56.7288             0.0176                  2.54                 2.86                  5.40        0.0015            1.58
   10       3            9.5157          50.8583             0.0197                  1.22                 1.35                  2.57        0.0014            1.14
   11       3            9.5099          50.8566             0.0197                  3.31                 3.39                  6.70        0.0014            1.14
   12       4            9.5454          55.6565             0.0180                  2.52                 2.89                  5.42        0.0015            1.59
   13       4            9.5342          50.0438             0.0200                  1.23                 1.51                  2.74        0.0014            1.13
   14       4            9.5393          50.9098             0.0196                  3.31                 3.48                  6.80        0.0014            1.16
   15       4            9.5995          51.2000             0.0195                  3.32                 3.87                  7.19        0.0014            1.13
   16       5            9.4686          50.0421             0.0200                  3.31                 3.84                  7.15        0.0014            1.10

Summary Statistics:
------------------------------------------------------------------------------------------------------------------------
            Comp     Groups  Wall Time/Evt (s)  CPU Time/Evt (s)  Throughput (evt/s)  Write Remote (MB/evt)  Read Remote (MB/evt)  Net Transfer (MB/evt)  CPU Cores/Evt  Memory/Evt (MB)
count  16.000000  16.000000          16.000000         16.000000           16.000000              16.000000             16.000000              16.000000      16.000000        16.000000
mean    8.500000   3.000000           9.567562         55.686678            0.018149               1.879649              1.958564               3.838214       0.001514         1.413875
std     4.760952   1.032796           0.064076          6.106809            0.001862               1.150481              1.372058               2.514871       0.000157         0.289641
min     1.000000   1.000000           9.468596         50.042103            0.015066               0.449219              0.000000               0.449219       0.001370         1.101000
25%     4.750000   2.000000           9.514244         50.844360            0.017155               1.021834              0.817713               1.839548       0.001380         1.138000
50%     8.500000   3.000000           9.559653         53.428225            0.018749               1.875554              2.027211               3.911976       0.001467         1.370500
75%    12.250000   4.000000           9.622174         58.431695            0.019668               2.731837              3.017745               5.736081       0.001591         1.677250
max    16.000000   5.000000           9.659309         66.374803            0.019983               3.320312              3.869933               7.190246       0.001780         1.780000
