Workflow Construction Summary Table
========================================================================================================================

 Comp  Groups Wall Time/Evt (s) CPU Time/Evt (s) Throughput (evt/s) Write Remote (MB/evt) Read Remote (MB/evt) Net Transfer (MB/evt) CPU Cores/Evt Memory/Evt (MB)
    1       2           43.6642         326.8379             0.0031                  0.89                 0.57                  1.46        0.0234           23.81
    2       2           43.6642         326.8379             0.0031                  0.89                 0.57                  1.46        0.0234           23.21
    3       3           43.6582         326.8212             0.0031                  0.89                 0.72                  1.61        0.0234           23.82
    4       3           43.6582         326.8212             0.0031                  0.89                 0.72                  1.61        0.0234           23.21
    5       3           43.4692         324.1570             0.0031                  0.89                 0.72                  1.61        0.0233           23.68
    6       3           43.4692         324.1570             0.0031                  0.89                 0.72                  1.61        0.0233           23.21
    7       3           43.4937         165.7121             0.0060                  1.50                 1.21                  2.71        0.0119           23.77
    8       3           43.4937         165.7121             0.0060                  1.50                 1.21                  2.71        0.0119           23.18
    9       3           43.2912         318.5309             0.0031                  0.89                 1.14                  2.02        0.0230           23.18
   10       3           43.1926         292.1270             0.0034                  2.06                 1.80                  3.86        0.0212           23.80
   11       3           43.1926         292.1270             0.0034                  2.06                 1.80                  3.86        0.0212           23.20
   12       4           43.4777         324.1924             0.0031                  0.89                 0.88                  1.76        0.0233           23.69
   13       4           43.4777         324.1924             0.0031                  0.89                 0.88                  1.76        0.0233           23.22
   14       4           43.4886         165.6911             0.0060                  1.50                 1.36                  2.86        0.0119           23.77
   15       4           43.4886         165.6911             0.0060                  1.50                 1.36                  2.86        0.0119           23.18
   16       4           43.2707         318.4791             0.0031                  0.89                 1.29                  2.18        0.0230           23.19
   17       4           43.2707         318.4791             0.0031                  0.89                 1.29                  2.18        0.0230           23.19
   18       4           43.3208         165.0508             0.0061                  1.50                 1.36                  2.87        0.0119           23.64
   19       4           43.3208         165.0508             0.0061                  1.50                 1.36                  2.87        0.0119           23.19
   20       4           43.1651         292.0440             0.0034                  2.06                 1.95                  4.01        0.0212           23.80
   21       4           43.0124         163.9330             0.0061                  2.68                 2.44                  5.12        0.0119           23.75
   22       4           43.1651         292.0440             0.0034                  2.06                 1.95                  4.01        0.0212           23.18
   23       4           43.0124         163.9330             0.0061                  2.68                 2.44                  5.12        0.0119           23.15
   24       4           43.1536         291.9977             0.0034                  2.06                 1.95                  4.01        0.0212           23.67
   25       4           43.1536         291.9977             0.0034                  2.06                 1.95                  4.01        0.0212           23.21
   26       4           43.1086         291.9297             0.0034                  2.06                 2.36                  4.42        0.0212           23.17
   27       4           43.1451         164.3931             0.0061                  1.50                 1.78                  3.28        0.0119           23.15
   28       5           43.2580         318.4488             0.0031                  0.89                 1.44                  2.33        0.0230           23.18
   29       5           43.3141         165.0265             0.0061                  1.50                 1.52                  3.02        0.0119           23.64
   30       5           43.3141         165.0265             0.0061                  1.50                 1.52                  3.02        0.0119           23.20
   31       5           42.9938         163.8851             0.0061                  2.68                 2.59                  5.27        0.0119           23.75
   32       5           42.9938         163.8851             0.0061                  2.68                 2.59                  5.27        0.0119           23.16
   33       5           43.1289         291.9084             0.0034                  2.06                 2.11                  4.17        0.0212           23.66
   34       5           43.1289         291.9084             0.0034                  2.06                 2.11                  4.17        0.0212           23.19
   35       5           43.0821         291.8599             0.0034                  2.06                 2.51                  4.57        0.0212           23.19
   36       5           43.0821         291.8599             0.0034                  2.06                 2.51                  4.57        0.0212           23.18
   37       5           43.1297         164.3514             0.0061                  1.50                 1.94                  3.44        0.0119           23.17
   38       5           43.1297         164.3514             0.0061                  1.50                 1.94                  3.44        0.0119           23.15
   39       5           42.9920         163.8290             0.0061                  2.68                 2.60                  5.28        0.0119           23.62
   40       5           42.9920         163.8290             0.0061                  2.68                 2.60                  5.28        0.0119           23.16
   41       5           42.9589         163.7152             0.0061                  2.68                 3.01                  5.69        0.0119           23.14
   42       6           43.0948         291.8805             0.0034                  2.06                 2.67                  4.73        0.0212           23.19
   43       6           43.1220         164.3371             0.0061                  1.50                 2.09                  3.60        0.0119           23.16
   44       6           42.9678         163.7699             0.0061                  2.68                 2.75                  5.42        0.0119           23.62
   45       6           42.9678         163.7699             0.0061                  2.68                 2.75                  5.42        0.0119           23.17
   46       6           42.9507         163.6882             0.0061                  2.68                 3.16                  5.84        0.0119           23.16
   47       6           42.9507         163.6882             0.0061                  2.68                 3.16                  5.84        0.0119           23.16
   48       7           42.9471         163.6701             0.0061                  2.68                 3.32                  5.99        0.0119           23.15

Summary Statistics:
------------------------------------------------------------------------------------------------------------------------
        Comp     Groups  Wall Time/Evt (s)  CPU Time/Evt (s)  Throughput (evt/s)  Write Remote (MB/evt)  Read Remote (MB/evt)  Net Transfer (MB/evt)  CPU Cores/Evt  Memory/Evt (MB)
count  48.00  48.000000          48.000000         48.000000           48.000000              48.000000             48.000000              48.000000      48.000000        48.000000
mean   24.50   4.333333          43.224531        235.992264            0.004671               1.782451              1.846624               3.629076       0.017054        23.358775
std    14.00   1.117241           0.217172         73.209854            0.001431               0.668887              0.759803               1.401259       0.005257         0.260595
min     1.00   2.000000          42.947070        163.670131            0.003060               0.888672              0.567449               1.456121       0.011894        23.139200
25%    12.75   4.000000          43.064637        164.236047            0.003352               1.350435              1.287346               2.616902       0.011904        23.169050
50%    24.50   4.000000          43.159391        228.786020            0.004730               1.782451              1.936506               3.727988       0.016535        23.192600
75%    36.25   5.000000          43.357925        298.707460            0.006089               2.214468              2.508338               4.824444       0.021628        23.647650
max    48.00   7.000000          43.664173        326.837896            0.006110               2.676230              3.317889               5.994119       0.023415        23.820800
