Workflow Construction Summary Table
========================================================================================================================

 Comp  Groups Wall Time/Evt (s) CPU Time/Evt (s) Throughput (evt/s) Write Remote (MB/evt) Read Remote (MB/evt) Net Transfer (MB/evt) CPU Cores/Evt Memory/Evt (MB)
    1       1           14.7063         117.6504             0.0085                  0.47                 0.00                  0.47        0.0027            2.71
    2       2           14.6863         117.0864             0.0085                  0.47                 0.07                  0.55        0.0027            2.70
    3       2           14.6681         112.9133             0.0089                  0.47                 0.40                  0.87        0.0026            2.60
    4       2           14.6953          96.9724             0.0103                  2.61                 2.13                  4.74        0.0022            2.49
    5       2           14.6745          84.7655             0.0118                  1.26                 0.78                  2.04        0.0020            1.95
    6       3           14.6673         110.8978             0.0090                  0.47                 0.47                  0.95        0.0026            2.58
    7       3           14.6887          96.9462             0.0103                  2.61                 2.21                  4.82        0.0022            2.48
    8       3           14.6637          84.7221             0.0118                  1.26                 0.86                  2.11        0.0020            1.94
    9       3           14.6866          96.9376             0.0103                  2.61                 2.53                  5.14        0.0022            2.39
   10       3           14.6561          84.6916             0.0118                  1.26                 1.18                  2.44        0.0020            1.86
   11       3           14.6977          84.8581             0.0118                  3.39                 2.92                  6.31        0.0020            1.89
   12       4           14.6857          94.9221             0.0105                  2.61                 2.61                  5.21        0.0022            2.37
   13       4           14.6552          82.6761             0.0121                  1.26                 1.25                  2.51        0.0019            1.83
   14       4           14.6911          84.8319             0.0118                  3.39                 2.99                  6.38        0.0020            1.88
   15       4           14.6890          84.8233             0.0118                  3.39                 3.31                  6.70        0.0020            1.79
   16       5           14.6881          82.8078             0.0121                  3.39                 3.39                  6.78        0.0019            1.76

Summary Statistics:
------------------------------------------------------------------------------------------------------------------------
            Comp     Groups  Wall Time/Evt (s)  CPU Time/Evt (s)  Throughput (evt/s)  Write Remote (MB/evt)  Read Remote (MB/evt)  Net Transfer (MB/evt)  CPU Cores/Evt  Memory/Evt (MB)
count  16.000000  16.000000          16.000000         16.000000           16.000000              16.000000             16.000000              16.000000      16.000000        16.000000
mean    8.500000   3.000000          14.681223         94.906414            0.010708               1.931787              1.694092               3.625879       0.002192         2.202814
std     4.760952   1.032796           0.015190         12.942847            0.001348               1.173591              1.192063               2.356472       0.000296         0.363122
min     1.000000   1.000000          14.655234         82.676132            0.008500               0.473779              0.000000               0.473779       0.001913         1.764502
25%     4.750000   2.000000          14.667890         84.754651            0.009988               1.060449              0.704712               1.765161       0.001959         1.875541
50%     8.500000   3.000000          14.686411         89.890063            0.011160               1.931787              1.694092               3.625879       0.002077         2.161039
75%    12.250000   4.000000          14.689501        100.453722            0.011799               2.803125              2.683472               5.486597       0.002320         2.516017
max    16.000000   5.000000          14.706296        117.650370            0.012095               3.389795              3.388184               6.777979       0.002708         2.708225
