Workflow Construction Summary Table
========================================================================================================================

 Comp  Groups Wall Time/Evt (s) CPU Time/Evt (s) Throughput (evt/s) Write Remote (MB/evt) Read Remote (MB/evt) Net Transfer (MB/evt) CPU Cores/Evt Memory/Evt (MB)
    1       1            9.6591          75.4859             0.0132                  0.45                 0.00                  0.45        0.0645           64.53
    2       2            9.1639          71.6142             0.0140                  0.45                 0.06                  0.51        0.0645           64.51
    3       2            8.6667          67.7313             0.0148                  0.45                 0.39                  0.84        0.0645           64.52
    4       2            8.3894          65.5680             0.0153                  2.54                 2.14                  4.68        0.0645           64.50
    5       2            8.3901          65.5698             0.0153                  1.23                 0.80                  2.03        0.0645           64.47
    6       3            8.6396          67.5192             0.0148                  0.45                 0.45                  0.90        0.0645           64.54
    7       3            8.2477          64.4575             0.0155                  2.54                 2.21                  4.75        0.0645           64.53
    8       3            8.1661          63.8197             0.0157                  1.23                 0.87                  2.10        0.0645           64.46
    9       3            8.1428          63.6360             0.0157                  2.54                 2.53                  5.07        0.0645           64.52
   10       3            7.9598          62.2086             0.0161                  1.23                 1.19                  2.42        0.0645           64.50
   11       3            8.0617          63.0074             0.0159                  3.32                 2.94                  6.26        0.0645           64.46
   12       4            8.1151          63.4207             0.0158                  2.54                 2.59                  5.13        0.0645           64.52
   13       4            7.9324          61.9944             0.0161                  1.23                 1.25                  2.48        0.0645           64.50
   14       4            7.9213          61.9024             0.0162                  3.32                 3.01                  6.33        0.0645           64.52
   15       4            7.8159          61.0794             0.0164                  3.32                 3.33                  6.65        0.0645           64.51
   16       5            7.7876          60.8617             0.0164                  3.32                 3.39                  6.71        0.0645           64.52

Summary Statistics:
------------------------------------------------------------------------------------------------------------------------
            Comp     Groups  Wall Time/Evt (s)  CPU Time/Evt (s)  Throughput (evt/s)  Write Remote (MB/evt)  Read Remote (MB/evt)  Net Transfer (MB/evt)  CPU Cores/Evt  Memory/Evt (MB)
count  16.000000  16.000000          16.000000         16.000000           16.000000              16.000000             16.000000              16.000000      16.000000           16.000
mean    8.500000   3.000000           8.316192         64.992262            0.015437               1.884762              1.696513               3.581275       0.064506           64.506
std     4.760952   1.032796           0.508778          3.975630            0.000879               1.152139              1.197993               2.341698       0.000024            0.024
min     1.000000   1.000000           7.787598         60.861705            0.013248               0.449161              0.000000               0.449219       0.064456           64.456
25%     4.750000   2.000000           7.952914         62.155058            0.015141               1.035156              0.713451               1.748607       0.064496           64.496
50%     8.500000   3.000000           8.154429         63.727838            0.015692               1.884766              1.696371               3.581137       0.064516           64.516
75%    12.250000   4.000000           8.452453         66.057172            0.016089               2.734375              2.679971               5.414346       0.064520           64.520
max    16.000000   5.000000           9.659091         75.485933            0.016431               3.320312              3.392579               6.712891       0.064536           64.536
