Workflow Construction Summary Table
========================================================================================================================

 Comp  Groups Wall Time/Evt (s) CPU Time/Evt (s) Throughput (evt/s) Write Remote (MB/evt) Read Remote (MB/evt) Net Transfer (MB/evt) CPU Cores/Evt Memory/Evt (MB)
    1       1            7.0444          56.3556             0.0177                  0.45                 0.00                  0.45        0.0038            3.84
    2       2            7.0150          55.9187             0.0179                  0.45                 0.06                  0.51        0.0038            3.82
    3       2            6.9855          54.2691             0.0184                  0.45                 0.38                  0.83        0.0037            3.73
    4       2            6.9706          47.6543             0.0210                  2.54                 2.09                  4.63        0.0033            3.50
    5       2            6.9697          43.1453             0.0232                  1.23                 0.78                  2.01        0.0030            2.52
    6       3            6.9840          53.5590             0.0187                  0.45                 0.44                  0.89        0.0037            3.73
    7       3            6.9622          47.6207             0.0210                  2.54                 2.15                  4.69        0.0033            3.49
    8       3            6.9563          43.0917             0.0232                  1.23                 0.84                  2.08        0.0030            2.50
    9       3            6.9560          47.5961             0.0210                  2.54                 2.47                  5.00        0.0033            3.40
   10       3            6.9441          43.0431             0.0232                  1.23                 1.16                  2.39        0.0030            2.41
   11       3            6.9517          43.0732             0.0232                  3.32                 2.87                  6.19        0.0030            2.44
   12       4            6.9544          46.8860             0.0213                  2.54                 2.53                  5.07        0.0032            3.40
   13       4            6.9426          42.3330             0.0236                  1.23                 1.22                  2.45        0.0029            2.41
   14       4            6.9433          43.0396             0.0232                  3.32                 2.93                  6.25        0.0030            2.44
   15       4            6.9371          43.0149             0.0232                  3.32                 3.25                  6.57        0.0030            2.34
   16       5            6.9356          42.3048             0.0236                  3.32                 3.31                  6.63        0.0029            2.34

Summary Statistics:
------------------------------------------------------------------------------------------------------------------------
            Comp     Groups  Wall Time/Evt (s)  CPU Time/Evt (s)  Throughput (evt/s)  Write Remote (MB/evt)  Read Remote (MB/evt)  Net Transfer (MB/evt)  CPU Cores/Evt  Memory/Evt (MB)
count  16.000000  16.000000          16.000000         16.000000           16.000000              16.000000             16.000000              16.000000      16.000000         16.00000
mean    8.500000   3.000000           6.965783         47.056563            0.021476               1.884766              1.655273               3.540039       0.003244          3.01950
std     4.760952   1.032796           0.029603          5.168263            0.002194               1.152134              1.168838               2.312666       0.000341          0.62824
min     1.000000   1.000000           6.935551         42.304810            0.017744               0.449219              0.000000               0.449219       0.002930          2.33900
25%     4.750000   2.000000           6.943929         43.042203            0.020406               1.035156              0.695801               1.730957       0.002976          2.42925
50%     8.500000   3.000000           6.956160         45.015603            0.022253               1.884766              1.655273               3.540039       0.003111          2.95750
75%    12.250000   4.000000           6.973924         49.130491            0.023233               2.734375              2.614746               5.349121       0.003387          3.55625
max    16.000000   5.000000           7.044449         56.355594            0.023638               3.320312              3.310547               6.630859       0.003840          3.84000
