Workflow Construction Summary Table
========================================================================================================================

 Comp  Groups Wall Time/Evt (s) CPU Time/Evt (s) Throughput (evt/s) Write Remote (MB/evt) Read Remote (MB/evt) Net Transfer (MB/evt) CPU Cores/Evt Memory/Evt (MB)
    1       1            8.1396          64.7920             0.0154                  0.45                 0.00                  0.45        0.0311           31.08
    2       2            7.9018          62.6873             0.0160                  0.45                 0.06                  0.51        0.0310           30.96
    3       2            7.6637          59.2660             0.0169                  0.45                 0.38                  0.83        0.0302           30.17
    4       2            7.5486          51.1392             0.0196                  2.54                 2.10                  4.64        0.0265           28.25
    5       2            7.5362          45.8138             0.0218                  1.23                 0.79                  2.02        0.0241           20.34
    6       3            7.6508          58.4766             0.0171                  0.45                 0.44                  0.89        0.0298           30.18
    7       3            7.4802          50.8672             0.0197                  2.54                 2.16                  4.70        0.0265           28.14
    8       3            7.4287          45.3862             0.0220                  1.23                 0.85                  2.08        0.0241           20.22
    9       3            7.4312          50.6705             0.0197                  2.54                 2.48                  5.02        0.0265           27.35
   10       3            7.3310          44.9972             0.0222                  1.23                 1.16                  2.39        0.0241           19.43
   11       3            7.3997          45.2702             0.0221                  3.32                 2.89                  6.21        0.0240           19.71
   12       4            7.4186          49.8822             0.0200                  2.54                 2.54                  5.08        0.0261           27.35
   13       4            7.3182          44.2086             0.0226                  1.23                 1.23                  2.46        0.0237           19.44
   14       4            7.3312          44.9980             0.0222                  3.32                 2.95                  6.27        0.0241           19.60
   15       4            7.2820          44.8023             0.0223                  3.32                 3.26                  6.58        0.0240           18.81
   16       5            7.2693          44.0138             0.0227                  3.32                 3.33                  6.65        0.0237           18.81

Summary Statistics:
------------------------------------------------------------------------------------------------------------------------
            Comp     Groups  Wall Time/Evt (s)  CPU Time/Evt (s)  Throughput (evt/s)  Write Remote (MB/evt)  Read Remote (MB/evt)  Net Transfer (MB/evt)  CPU Cores/Evt  Memory/Evt (MB)
count  16.000000  16.000000          16.000000         16.000000           16.000000              16.000000             16.000000              16.000000      16.000000        16.000000
mean    8.500000   3.000000           7.508171         50.454437            0.020151               1.884766              1.663941               3.548707       0.026203        24.363750
std     4.760952   1.032796           0.236702          7.044205            0.002541               1.152134              1.174564               2.318348       0.002780         5.106896
min     1.000000   1.000000           7.269321         44.013784            0.015434               0.449219              0.000000               0.449219       0.023655        18.806400
25%     4.750000   2.000000           7.331184         44.997766            0.018941               1.035156              0.699537               1.734694       0.024050        19.560800
50%     8.500000   3.000000           7.429956         47.847991            0.020937               1.884766              1.664193               3.548959       0.025083        23.842300
75%    12.250000   4.000000           7.574107         52.973571            0.022223               2.734375              2.628618               5.362993       0.027327        28.728350
max    16.000000   5.000000           8.139645         64.791988            0.022720               3.320312              3.327088               6.647401       0.031080        31.080000
