Workflow Construction Summary Table
========================================================================================================================

 Comp  Groups Wall Time/Evt (s) CPU Time/Evt (s) Throughput (evt/s) Write Remote (MB/evt) Read Remote (MB/evt) Net Transfer (MB/evt) CPU Cores/Evt Memory/Evt (MB)
    1       1            7.3524         460.6814             0.0022                  0.45                 0.00                  0.45        0.0320           32.03
    2       2            7.3219         455.7493             0.0022                  0.45                 0.06                  0.51        0.0318           31.83
    3       2            7.2732         210.1153             0.0048                  1.23                 0.80                  2.03        0.0147           14.96
    4       2            7.2908         432.2646             0.0023                  0.45                 0.38                  0.83        0.0303           30.48
    5       2            7.2716         172.8213             0.0058                  2.54                 2.13                  4.67        0.0121           14.99
    6       3            7.2892         432.3456             0.0023                  0.45                 0.44                  0.89        0.0303           30.49
    7       3            7.2592         206.2282             0.0048                  1.23                 0.86                  2.09        0.0145           14.76
    8       3            7.2505         145.3653             0.0069                  3.32                 2.93                  6.25        0.0102           11.13
    9       3            7.2627         169.1604             0.0059                  2.54                 2.20                  4.74        0.0119           14.78
   10       3            7.2559         147.5292             0.0068                  2.54                 2.53                  5.06        0.0105           13.47
   11       3            7.2462         183.8737             0.0054                  1.23                 1.18                  2.41        0.0130           13.42
   12       4            7.2542         147.5226             0.0068                  2.54                 2.59                  5.13        0.0105           13.46
   13       4            7.2445         183.8670             0.0054                  1.23                 1.25                  2.48        0.0130           13.42
   14       4            7.2417         141.7954             0.0071                  3.32                 3.00                  6.32        0.0100           10.96
   15       4            7.2349         119.8327             0.0083                  3.32                 3.32                  6.64        0.0085            9.59
   16       5            7.2332         119.8259             0.0083                  3.32                 3.38                  6.70        0.0085            9.58

Summary Statistics:
------------------------------------------------------------------------------------------------------------------------
            Comp     Groups  Wall Time/Evt (s)  CPU Time/Evt (s)  Throughput (evt/s)  Write Remote (MB/evt)  Read Remote (MB/evt)  Net Transfer (MB/evt)  CPU Cores/Evt  Memory/Evt (MB)
count  16.000000  16.000000          16.000000         16.000000           16.000000              16.000000             16.000000              16.000000      16.000000        16.000000
mean    8.500000   3.000000           7.267631        233.061113            0.005335               1.884766              1.691544               3.576309       0.016362        17.459700
std     4.760952   1.032796           0.032473        129.329268            0.002112               1.152134              1.196066               2.339803       0.008988         8.389453
min     1.000000   1.000000           7.233153        119.825938            0.002171               0.449219              0.000000               0.449219       0.008496         9.582000
25%     4.750000   2.000000           7.245786        146.983258            0.004148               1.035156              0.710025               1.745181       0.010394        12.845700
50%     8.500000   3.000000           7.257580        178.344134            0.005613               1.884766              1.690104               3.574869       0.012561        14.114600
75%    12.250000   4.000000           7.277159        265.652600            0.006804               2.734375              2.676182               5.410557       0.018594        18.864800
max    16.000000   5.000000           7.352428        460.681383            0.008345               3.320312              3.384044               6.704357       0.032026        32.025600
