Workflow Construction Summary Table
========================================================================================================================

 Comp  Groups Wall Time/Evt (s) CPU Time/Evt (s) Throughput (evt/s) Write Remote (MB/evt) Read Remote (MB/evt) Net Transfer (MB/evt) CPU Cores/Evt Memory/Evt (MB)
    1       1            7.8340          59.6792             0.0168                  0.45                 0.00                  0.45        0.0042            4.24
    2       2            7.8085          59.2482             0.0169                  0.45                 0.07                  0.51        0.0042            4.22
    3       2            7.8140          57.6220             0.0174                  0.45                 0.40                  0.85        0.0041            4.12
    4       2            8.2148          52.9336             0.0189                  2.54                 2.21                  4.75        0.0036            3.87
    5       2            7.9254          46.6081             0.0215                  1.23                 0.82                  2.05        0.0033            2.78
    6       3            7.8183          56.7986             0.0176                  0.45                 0.47                  0.92        0.0041            4.12
    7       3            8.2096          52.9186             0.0189                  2.54                 2.28                  4.81        0.0036            3.85
    8       3            7.9176          46.5669             0.0215                  1.23                 0.89                  2.12        0.0033            2.77
    9       3            8.2347          53.0126             0.0189                  2.54                 2.61                  5.14        0.0036            3.75
   10       3            7.9347          46.6384             0.0214                  1.23                 1.22                  2.45        0.0033            2.66
   11       3            8.3595          48.2622             0.0207                  3.32                 3.02                  6.34        0.0033            2.70
   12       4            8.2410          52.2168             0.0192                  2.54                 2.67                  5.21        0.0036            3.75
   13       4            7.9392          45.8170             0.0218                  1.23                 1.28                  2.51        0.0032            2.66
   14       4            8.3571          48.2591             0.0207                  3.32                 3.09                  6.41        0.0033            2.69
   15       4            8.3769          48.3480             0.0207                  3.32                 3.42                  6.74        0.0033            2.58
   16       5            8.3857          47.5452             0.0210                  3.32                 3.48                  6.80        0.0032            2.58

Summary Statistics:
------------------------------------------------------------------------------------------------------------------------
            Comp     Groups  Wall Time/Evt (s)  CPU Time/Evt (s)  Throughput (evt/s)  Write Remote (MB/evt)  Read Remote (MB/evt)  Net Transfer (MB/evt)  CPU Cores/Evt  Memory/Evt (MB)
count  16.000000  16.000000          16.000000         16.000000           16.000000              16.000000             16.000000              16.000000      16.000000        16.000000
mean    8.500000   3.000000           8.085701         51.404654            0.019610               1.884615              1.744680               3.629295       0.003582         3.332450
std     4.760952   1.032796           0.228831          4.830273            0.001776               1.152149              1.231305               2.374895       0.000374         0.694907
min     1.000000   1.000000           7.808515         45.817037            0.016756               0.449031              0.000000               0.449031       0.003238         2.578000
25%     4.750000   2.000000           7.896732         47.318486            0.018549               1.034855              0.732806               1.767962       0.003292         2.678700
50%     8.500000   3.000000           8.074387         50.282397            0.019917               1.884152              1.746880               3.631445       0.003434         3.263700
75%    12.250000   4.000000           8.270053         53.959140            0.021135               2.734375              2.759234               5.493609       0.003734         3.929150
max    16.000000   5.000000           8.385718         59.679186            0.021826               3.320312              3.484455               6.804767       0.004238         4.238400
