Workflow Construction Summary Table
========================================================================================================================

 Comp  Groups Wall Time/Evt (s) CPU Time/Evt (s) Throughput (evt/s) Write Remote (MB/evt) Read Remote (MB/evt) Net Transfer (MB/evt) CPU Cores/Evt Memory/Evt (MB)
    1       1            9.4296          65.3846             0.0153                  0.45                 0.00                  0.45        0.0009            0.87
    2       2            9.4331          65.0628             0.0154                  0.44                 0.08                  0.52        0.0009            0.87
    3       2            9.4065          63.2952             0.0158                  0.44                 0.42                  0.86        0.0008            0.84
    4       2           10.0515          58.9914             0.0170                  2.54                 2.46                  5.00        0.0007            0.80
    5       2            9.6049          51.8519             0.0193                  1.22                 0.89                  2.11        0.0007            0.56
    6       3            9.4395          62.5018             0.0160                  0.45                 0.51                  0.95        0.0008            0.84
    7       3           10.0899          59.1170             0.0169                  2.54                 2.56                  5.10        0.0008            0.80
    8       3            9.5970          51.8084             0.0193                  1.22                 0.97                  2.19        0.0007            0.56
    9       3           10.0825          59.0543             0.0169                  2.53                 2.90                  5.43        0.0007            0.77
   10       3            9.7746          52.3640             0.0191                  1.23                 1.35                  2.58        0.0007            0.55
   11       3           10.2283          53.8920             0.0186                  3.31                 3.34                  6.65        0.0007            0.55
   12       4           10.0739          58.0273             0.0172                  2.53                 2.96                  5.49        0.0007            0.77
   13       4            9.7380          51.3954             0.0195                  1.23                 1.41                  2.63        0.0007            0.55
   14       4           10.1914          53.7845             0.0186                  3.28                 3.39                  6.67        0.0007            0.55
   15       4           10.2346          53.9748             0.0185                  3.31                 3.75                  7.06        0.0007            0.53
   16       5           10.2381          53.0257             0.0189                  3.28                 3.81                  7.09        0.0007            0.53

Summary Statistics:
------------------------------------------------------------------------------------------------------------------------
            Comp     Groups  Wall Time/Evt (s)  CPU Time/Evt (s)  Throughput (evt/s)  Write Remote (MB/evt)  Read Remote (MB/evt)  Net Transfer (MB/evt)  CPU Cores/Evt  Memory/Evt (MB)
count  16.000000  16.000000          16.000000         16.000000           16.000000              16.000000             16.000000              16.000000      16.000000        16.000000
mean    8.500000   3.000000           9.850841         57.095703            0.017636               1.874838              1.924529               3.799367       0.000740         0.683350
std     4.760952   1.032796           0.328493          4.967172            0.001490               1.145933              1.360465               2.497859       0.000072         0.143208
min     1.000000   1.000000           9.406497         51.395440            0.015294               0.444221              0.000000               0.445844       0.000674         0.526400
25%     4.750000   2.000000           9.557630         52.860284            0.016687               1.024452              0.797782               1.823945       0.000682         0.553250
50%     8.500000   3.000000           9.913080         56.001082            0.017880               1.879514              1.933464               3.815086       0.000712         0.663400
75%    12.250000   4.000000          10.115250         59.963218            0.018918               2.724391              3.057628               5.782349       0.000773         0.811150
max    16.000000   5.000000          10.238105         65.384588            0.019457               3.313207              3.812495               7.092873       0.000866         0.865600
