Workflow Construction Summary Table
========================================================================================================================

 Comp  Groups Wall Time/Evt (s) CPU Time/Evt (s) Throughput (evt/s) Write Remote (MB/evt) Read Remote (MB/evt) Net Transfer (MB/evt) CPU Cores/Evt Memory/Evt (MB)
    1       2           40.6358         161.7485             0.0062                  0.89                 0.54                  1.43        0.0218           43.54
    2       2           40.6358         161.7485             0.0062                  0.89                 0.54                  1.43        0.0218           43.54
    3       3           40.6264         161.7111             0.0062                  0.89                 0.69                  1.57        0.0218           43.54
    4       3           40.6264         161.7111             0.0062                  0.89                 0.69                  1.57        0.0218           43.54
    5       3           40.3122         160.4586             0.0062                  0.89                 0.69                  1.57        0.0217           43.45
    6       3           40.3122         160.4586             0.0062                  0.89                 0.69                  1.57        0.0217           43.45
    7       3           40.3281         160.5206             0.0062                  1.50                 1.16                  2.66        0.0217           43.37
    8       3           40.3281         160.5206             0.0062                  1.50                 1.16                  2.66        0.0217           43.37
    9       3           39.9988         159.2126             0.0063                  0.89                 1.08                  1.97        0.0218           43.52
   10       3           39.7751         158.3184             0.0063                  2.06                 1.72                  3.78        0.0217           43.46
   11       3           39.7751         158.3184             0.0063                  2.06                 1.72                  3.78        0.0217           43.46
   12       4           40.3027         160.4209             0.0062                  0.89                 0.83                  1.72        0.0217           43.45
   13       4           40.3027         160.4209             0.0062                  0.89                 0.83                  1.72        0.0217           43.45
   14       4           40.3187         160.4830             0.0062                  1.50                 1.31                  2.81        0.0217           43.37
   15       4           40.3187         160.4830             0.0062                  1.50                 1.31                  2.81        0.0217           43.37
   16       4           39.9893         159.1751             0.0063                  0.89                 1.22                  2.11        0.0218           43.52
   17       4           39.9893         159.1751             0.0063                  0.89                 1.22                  2.11        0.0218           43.52
   18       4           40.0122         159.2653             0.0063                  1.50                 1.31                  2.81        0.0217           43.49
   19       4           40.0122         159.2653             0.0063                  1.50                 1.31                  2.81        0.0217           43.49
   20       4           39.7657         158.2809             0.0063                  2.06                 1.86                  3.92        0.0217           43.47
   21       4           39.5327         157.3548             0.0064                  2.68                 2.33                  5.01        0.0217           43.37
   22       4           39.7657         158.2809             0.0063                  2.06                 1.86                  3.92        0.0217           43.47
   23       4           39.5327         157.3548             0.0064                  2.68                 2.33                  5.01        0.0217           43.37
   24       4           39.7111         158.0667             0.0063                  2.06                 1.86                  3.92        0.0217           43.47
   25       4           39.7111         158.0667             0.0063                  2.06                 1.86                  3.92        0.0217           43.47
   26       4           39.6670         157.8911             0.0063                  2.06                 2.26                  4.32        0.0217           43.46
   27       4           39.7055         158.0424             0.0063                  1.50                 1.70                  3.20        0.0217           43.36
   28       5           39.9799         159.1373             0.0063                  0.89                 1.37                  2.26        0.0218           43.52
   29       5           40.0028         159.2278             0.0063                  1.50                 1.45                  2.96        0.0217           43.50
   30       5           40.0028         159.2278             0.0063                  1.50                 1.45                  2.96        0.0217           43.50
   31       5           39.5234         157.3173             0.0064                  2.68                 2.48                  5.16        0.0217           43.37
   32       5           39.5234         157.3173             0.0064                  2.68                 2.48                  5.16        0.0217           43.37
   33       5           39.7017         158.0292             0.0063                  2.06                 2.01                  4.07        0.0217           43.47
   34       5           39.7017         158.0292             0.0063                  2.06                 2.01                  4.07        0.0217           43.47
   35       5           39.6576         157.8536             0.0063                  2.06                 2.40                  4.46        0.0217           43.46
   36       5           39.6576         157.8536             0.0063                  2.06                 2.40                  4.46        0.0217           43.46
   37       5           39.6961         158.0048             0.0063                  1.50                 1.84                  3.35        0.0217           43.37
   38       5           39.6961         158.0048             0.0063                  1.50                 1.84                  3.35        0.0217           43.37
   39       5           39.4702         157.1061             0.0064                  2.68                 2.48                  5.16        0.0217           43.37
   40       5           39.4702         157.1061             0.0064                  2.68                 2.48                  5.16        0.0217           43.37
   41       5           39.4262         156.9306             0.0064                  2.68                 2.87                  5.55        0.0217           43.37
   42       6           39.6482         157.8161             0.0063                  2.06                 2.55                  4.61        0.0217           43.47
   43       6           39.6867         157.9673             0.0063                  1.50                 1.99                  3.50        0.0217           43.37
   44       6           39.4608         157.0686             0.0064                  2.68                 2.63                  5.31        0.0217           43.37
   45       6           39.4608         157.0686             0.0064                  2.68                 2.63                  5.31        0.0217           43.37
   46       6           39.4168         156.8930             0.0064                  2.68                 3.02                  5.70        0.0217           43.37
   47       6           39.4168         156.8930             0.0064                  2.68                 3.02                  5.70        0.0217           43.37
   48       7           39.4073         156.8555             0.0064                  2.68                 3.17                  5.84        0.0217           43.37

Summary Statistics:
------------------------------------------------------------------------------------------------------------------------
        Comp     Groups  Wall Time/Evt (s)  CPU Time/Evt (s)  Throughput (evt/s)  Write Remote (MB/evt)  Read Remote (MB/evt)  Net Transfer (MB/evt)  CPU Cores/Evt  Memory/Evt (MB)
count  48.00  48.000000          48.000000         48.000000           48.000000              48.000000             48.000000              48.000000      48.000000        48.000000
mean   24.50   4.333333          39.874964        158.717954            0.006301               1.782451              1.763475               3.545926       0.021719        43.438100
std    14.00   1.117241           0.369868          1.472888            0.000058               0.668887              0.727065               1.369317       0.000031         0.062981
min     1.00   2.000000          39.407344        156.855539            0.006182               0.888672              0.538597               1.427269       0.021682        43.363200
25%    12.75   4.000000          39.619314        157.700757            0.006268               1.350435              1.224511               2.562246       0.021686        43.371200
50%    24.50   4.000000          39.738380        158.173776            0.006322               1.782451              1.843696               3.636120       0.021728        43.456000
75%    36.25   5.000000          40.084830        159.554211            0.006341               2.214468              2.401957               4.709908       0.021738        43.476800
max    48.00   7.000000          40.635801        161.748549            0.006375               2.676230              3.168130               5.844360       0.021772        43.544000
