Workflow Construction Summary Table
========================================================================================================================

 Comp  Groups Wall Time/Evt (s) CPU Time/Evt (s) Throughput (evt/s) Write Remote (MB/evt) Read Remote (MB/evt) Net Transfer (MB/evt) CPU Cores/Evt Memory/Evt (MB)
    1       2           40.5993        2462.0238             0.0004                  0.89                 0.54                  1.43        0.0290           29.07
    2       2           40.5993        2462.0238             0.0004                  0.89                 0.54                  1.43        0.0290           29.07
    3       3           40.6200        2461.1392             0.0004                  0.89                 0.69                  1.57        0.0290           29.04
    4       3           40.6200        2461.1392             0.0004                  0.89                 0.69                  1.57        0.0290           29.04
    5       3           40.6049        2440.7235             0.0004                  0.89                 0.69                  1.58        0.0288           28.85
    6       3           40.6049        2440.7235             0.0004                  0.89                 0.69                  1.58        0.0288           28.85
    7       3           40.7434        2461.7484             0.0004                  1.50                 1.17                  2.68        0.0289           29.02
    8       3           40.7434        2461.7484             0.0004                  1.50                 1.17                  2.68        0.0289           29.02
    9       3           40.6207        2376.5364             0.0004                  0.89                 1.10                  1.99        0.0280           28.19
   10       3           40.8224         745.7029             0.0013                  2.06                 1.74                  3.80        0.0087           11.69
   11       3           40.8224         745.7029             0.0013                  2.06                 1.74                  3.80        0.0087           11.69
   12       4           40.6191        2439.8259             0.0004                  0.89                 0.84                  1.73        0.0287           28.82
   13       4           40.6191        2439.8259             0.0004                  0.89                 0.84                  1.73        0.0287           28.82
   14       4           40.7576        2460.8510             0.0004                  1.50                 1.32                  2.83        0.0289           29.00
   15       4           40.7576        2460.8510             0.0004                  1.50                 1.32                  2.83        0.0289           29.00
   16       4           40.6335        2375.6360             0.0004                  0.89                 1.25                  2.14        0.0280           28.16
   17       4           40.6335        2375.6360             0.0004                  0.89                 1.25                  2.14        0.0280           28.16
   18       4           40.7490        2440.9557             0.0004                  1.50                 1.32                  2.83        0.0287           28.81
   19       4           40.7490        2440.9557             0.0004                  1.50                 1.32                  2.83        0.0287           28.81
   20       4           40.8367         744.2178             0.0013                  2.06                 1.89                  3.95        0.0087           11.64
   21       4           40.9187         622.1018             0.0016                  2.68                 2.37                  5.05        0.0072           11.65
   22       4           40.8367         744.2178             0.0013                  2.06                 1.89                  3.95        0.0087           11.64
   23       4           40.9187         622.1018             0.0016                  2.68                 2.37                  5.05        0.0072           11.65
   24       4           40.8143         725.7226             0.0014                  2.06                 1.89                  3.95        0.0085           11.46
   25       4           40.8143         725.7226             0.0014                  2.06                 1.89                  3.95        0.0085           11.46
   26       4           40.8340         662.9197             0.0015                  2.06                 2.29                  4.35        0.0077           10.81
   27       4           40.7463        2377.3220             0.0004                  1.50                 1.72                  3.23        0.0280           28.17
   28       5           40.6487        2375.2607             0.0004                  0.89                 1.40                  2.28        0.0280           28.15
   29       5           40.7632        2440.0583             0.0004                  1.50                 1.47                  2.98        0.0287           28.79
   30       5           40.7632        2440.0583             0.0004                  1.50                 1.47                  2.98        0.0287           28.79
   31       5           40.9329         621.2043             0.0016                  2.68                 2.52                  5.20        0.0072           11.63
   32       5           40.9329         621.2043             0.0016                  2.68                 2.52                  5.20        0.0072           11.63
   33       5           40.8283         724.8246             0.0014                  2.06                 2.04                  4.10        0.0085           11.44
   34       5           40.8283         724.8246             0.0014                  2.06                 2.04                  4.10        0.0085           11.44
   35       5           40.8480         662.0217             0.0015                  2.06                 2.44                  4.50        0.0077           10.78
   36       5           40.8480         662.0217             0.0015                  2.06                 2.44                  4.50        0.0077           10.78
   37       5           40.7605        2376.4244             0.0004                  1.50                 1.87                  3.38        0.0280           28.14
   38       5           40.7605        2376.4244             0.0004                  1.50                 1.87                  3.38        0.0280           28.14
   39       5           40.9128         602.7393             0.0017                  2.68                 2.52                  5.19        0.0070           11.45
   40       5           40.9128         602.7393             0.0017                  2.68                 2.52                  5.19        0.0070           11.45
   41       5           40.9652         538.8443             0.0019                  2.68                 2.92                  5.60        0.0062           10.77
   42       6           40.8646         661.1260             0.0015                  2.06                 2.59                  4.65        0.0077           10.75
   43       6           40.7750        2375.4998             0.0004                  1.50                 2.02                  3.53        0.0280           28.11
   44       6           40.9421         601.7547             0.0017                  2.68                 2.67                  5.35        0.0070           11.42
   45       6           40.9421         601.7547             0.0017                  2.68                 2.67                  5.35        0.0070           11.42
   46       6           40.9796         537.9472             0.0019                  2.68                 3.07                  5.75        0.0062           10.75
   47       6           40.9796         537.9472             0.0019                  2.68                 3.07                  5.75        0.0062           10.75
   48       7           40.9863         537.3268             0.0019                  2.68                 3.22                  5.90        0.0062           10.72

Summary Statistics:
------------------------------------------------------------------------------------------------------------------------
        Comp     Groups  Wall Time/Evt (s)  CPU Time/Evt (s)  Throughput (evt/s)  Write Remote (MB/evt)  Read Remote (MB/evt)  Net Transfer (MB/evt)  CPU Cores/Evt  Memory/Evt (MB)
count  48.00  48.000000          48.000000         48.000000           48.000000              48.000000             48.000000              48.000000      48.000000        48.000000
mean   24.50   4.333333          40.787784       1537.501708            0.000986               1.782451              1.790376               3.572827       0.018049        19.977533
std    14.00   1.117241           0.120851        899.691087            0.000593               0.668887              0.741375               1.383190       0.010636         8.791003
min     1.00   2.000000          40.599269        537.326769            0.000406               0.888672              0.537217               1.425889       0.006213        10.720800
25%    12.75   4.000000          40.719726        651.369974            0.000410               1.350435              1.247552               2.579301       0.007575        11.450200
50%    24.50   4.000000          40.794638       1560.481800            0.000881               1.782451              1.873393               3.666535       0.018322        19.898200
75%    36.25   5.000000          40.876681       2440.224577            0.001536               2.214468              2.440185               4.751544       0.028725        28.815700
max    48.00   7.000000          40.986329       2462.023779            0.001861               2.676230              3.220282               5.896512       0.028978        29.071200
