Workflow Construction Summary Table
========================================================================================================================

 Comp  Groups Wall Time/Evt (s) CPU Time/Evt (s) Throughput (evt/s) Write Remote (MB/evt) Read Remote (MB/evt) Net Transfer (MB/evt) CPU Cores/Evt Memory/Evt (MB)
    1       1            7.0887          56.7099             0.0176                  0.45                 0.00                  0.45        0.0038            3.84
    2       2            7.0657          56.2953             0.0178                  0.45                 0.06                  0.51        0.0038            3.82
    3       2            7.1687          44.2507             0.0226                  1.23                 0.78                  2.01        0.0030            2.52
    4       2            7.0671          54.7441             0.0183                  0.45                 0.38                  0.83        0.0037            3.72
    5       2            7.4288          50.3144             0.0199                  2.54                 2.09                  4.63        0.0033            3.49
    6       3            7.0718          53.9721             0.0185                  0.45                 0.44                  0.89        0.0037            3.72
    7       3            7.1617          44.2228             0.0226                  1.23                 0.84                  2.08        0.0030            2.50
    8       3            7.5646          45.8342             0.0218                  3.32                 2.87                  6.19        0.0030            2.44
    9       3            7.4266          50.3056             0.0199                  2.54                 2.15                  4.69        0.0033            3.48
   10       3            7.4513          50.4047             0.0198                  2.54                 2.47                  5.00        0.0033            3.38
   11       3            7.1805          44.2977             0.0226                  1.23                 1.16                  2.39        0.0030            2.40
   12       4            7.4560          49.6327             0.0201                  2.54                 2.53                  5.07        0.0032            3.38
   13       4            7.1851          43.5256             0.0230                  1.23                 1.22                  2.45        0.0029            2.40
   14       4            7.5624          45.8255             0.0218                  3.32                 2.93                  6.25        0.0030            2.43
   15       4            7.5872          45.9245             0.0218                  3.32                 3.25                  6.57        0.0030            2.33
   16       5            7.5919          45.1525             0.0221                  3.32                 3.31                  6.63        0.0029            2.33

Summary Statistics:
------------------------------------------------------------------------------------------------------------------------
            Comp     Groups  Wall Time/Evt (s)  CPU Time/Evt (s)  Throughput (evt/s)  Write Remote (MB/evt)  Read Remote (MB/evt)  Net Transfer (MB/evt)  CPU Cores/Evt  Memory/Evt (MB)
count  16.000000  16.000000          16.000000         16.000000           16.000000              16.000000             16.000000              16.000000      16.000000        16.000000
mean    8.500000   3.000000           7.316136         48.838265            0.020641               1.884766              1.655273               3.540039       0.003239         3.012300
std     4.760952   1.032796           0.208463          4.601355            0.001875               1.152134              1.168838               2.312666       0.000341         0.628762
min     1.000000   1.000000           7.065678         43.525638            0.017634               0.449219              0.000000               0.449219       0.002926         2.327600
25%     4.750000   2.000000           7.143487         44.938789            0.019512               1.035156              0.695801               1.730957       0.002974         2.420700
50%     8.500000   3.000000           7.305862         47.778598            0.020961               1.884766              1.655273               3.540039       0.003103         2.949400
75%    12.250000   4.000000           7.482627         51.296546            0.022254               2.734375              2.614746               5.349121       0.003379         3.552100
max    16.000000   5.000000           7.591862         56.709935            0.022975               3.320312              3.310547               6.630859       0.003835         3.835200
