Workflow Construction Summary Table
========================================================================================================================

 Comp  Groups Wall Time/Evt (s) CPU Time/Evt (s) Throughput (evt/s) Write Remote (MB/evt) Read Remote (MB/evt) Net Transfer (MB/evt) CPU Cores/Evt Memory/Evt (MB)
    1       1            7.9438          60.5276             0.0165                  0.45                 0.00                  0.45        0.0085            8.48
    2       2            7.8792          59.8263             0.0167                  0.45                 0.07                  0.51        0.0084            8.45
    3       2            7.8123          57.7828             0.0173                  0.45                 0.40                  0.85        0.0082            8.22
    4       2            7.7764          50.5973             0.0198                  2.54                 2.20                  4.74        0.0072            7.73
    5       2            7.7760          45.7806             0.0218                  1.23                 0.82                  2.05        0.0066            5.55
    6       3            7.8094          57.0190             0.0175                  0.45                 0.47                  0.92        0.0081            8.23
    7       3            7.7575          50.5257             0.0198                  2.54                 2.27                  4.81        0.0072            7.70
    8       3            7.7450          45.6625             0.0219                  1.23                 0.89                  2.12        0.0066            5.53
    9       3            7.7413          50.5178             0.0198                  2.54                 2.58                  5.12        0.0073            7.48
   10       3            7.7201          45.5664             0.0219                  1.23                 1.22                  2.45        0.0066            5.31
   11       3            7.7319          45.6036             0.0219                  3.32                 3.02                  6.34        0.0066            5.39
   12       4            7.7397          49.7779             0.0201                  2.54                 2.65                  5.19        0.0072            7.49
   13       4            7.7152          44.8022             0.0223                  1.23                 1.29                  2.52        0.0065            5.31
   14       4            7.7135          45.5329             0.0220                  3.32                 3.09                  6.41        0.0066            5.36
   15       4            7.6996          45.4800             0.0220                  3.32                 3.42                  6.74        0.0066            5.15
   16       5            7.6960          44.7245             0.0224                  3.32                 3.48                  6.80        0.0065            5.15

Summary Statistics:
------------------------------------------------------------------------------------------------------------------------
            Comp     Groups  Wall Time/Evt (s)  CPU Time/Evt (s)  Throughput (evt/s)  Write Remote (MB/evt)  Read Remote (MB/evt)  Net Transfer (MB/evt)  CPU Cores/Evt  Memory/Evt (MB)
count  16.000000  16.000000          16.000000         16.000000           16.000000              16.000000             16.000000              16.000000      16.000000        16.000000
mean    8.500000   3.000000           7.766055         49.982946            0.020235               1.884727              1.741132               3.625859       0.007162         6.656763
std     4.760952   1.032796           0.067528          5.709676            0.002141               1.152111              1.227765               2.371404       0.000750         1.390778
min     1.000000   1.000000           7.695971         44.724450            0.016521               0.449219              0.000000               0.449219       0.006472         5.145800
25%     4.750000   2.000000           7.718891         45.558036            0.019207               1.035156              0.733317               1.768473       0.006578         5.347800
50%     8.500000   3.000000           7.743171         47.779280            0.020966               1.884459              1.743863               3.628628       0.006869         6.517500
75%    12.250000   4.000000           7.784641         52.202723            0.021950               2.734375              2.743655               5.478030       0.007475         7.849900
max    16.000000   5.000000           7.943804         60.527572            0.022359               3.320312              3.481212               6.801524       0.008477         8.476800
