Workflow Construction Summary Table
========================================================================================================================

 Comp  Groups Wall Time/Evt (s) CPU Time/Evt (s) Throughput (evt/s) Write Remote (MB/evt) Read Remote (MB/evt) Net Transfer (MB/evt) CPU Cores/Evt Memory/Evt (MB)
    1       1            7.7275          58.8159             0.0170                  0.45                 0.00                  0.45        0.0021            2.12
    2       2            7.7109          58.6929             0.0170                  0.45                 0.07                  0.52        0.0021            2.13
    3       2            7.6990          58.5982             0.0171                  0.45                 0.40                  0.85        0.0021            2.12
    4       2            7.7253          58.8183             0.0170                  2.54                 2.23                  4.76        0.0021            2.12
    5       2            7.7027          58.6268             0.0171                  1.23                 0.82                  2.05        0.0021            2.13
    6       3            7.6988          58.5966             0.0171                  0.45                 0.46                  0.91        0.0021            2.13
    7       3            7.7158          58.7658             0.0170                  2.54                 2.29                  4.83        0.0021            2.13
    8       3            7.6960          58.5758             0.0171                  1.23                 0.89                  2.12        0.0021            2.13
    9       3            7.7268          58.8092             0.0170                  2.54                 2.63                  5.16        0.0021            2.13
   10       3            7.6912          58.5437             0.0171                  1.23                 1.22                  2.45        0.0021            2.13
   11       3            7.7365          58.8848             0.0170                  3.32                 3.03                  6.35        0.0021            2.13
   12       4            7.7239          58.7967             0.0170                  2.54                 2.69                  5.23        0.0021            2.13
   13       4            7.6903          58.5397             0.0171                  1.23                 1.29                  2.52        0.0021            2.13
   14       4            7.7323          58.8535             0.0170                  3.32                 3.10                  6.42        0.0021            2.13
   15       4            7.7292          58.8409             0.0170                  3.32                 3.43                  6.75        0.0021            2.13
   16       5            7.7257          58.8260             0.0170                  3.32                 3.49                  6.81        0.0021            2.13

Summary Statistics:
------------------------------------------------------------------------------------------------------------------------
            Comp     Groups  Wall Time/Evt (s)  CPU Time/Evt (s)  Throughput (evt/s)  Write Remote (MB/evt)  Read Remote (MB/evt)  Net Transfer (MB/evt)  CPU Cores/Evt  Memory/Evt (MB)
count  16.000000  16.000000          16.000000         16.000000           16.000000              16.000000             16.000000              16.000000      16.000000        16.000000
mean    8.500000   3.000000           7.714492         58.724038            0.017029               1.884766              1.752898               3.637663       0.002129         2.128600
std     4.760952   1.032796           0.015874          0.123627            0.000036               1.152134              1.237646               2.381192       0.000003         0.003139
min     1.000000   1.000000           7.690344         58.539680            0.016982               0.449219              0.000000               0.449219       0.002125         2.124800
25%     4.750000   2.000000           7.698912         58.597772            0.017001               1.035156              0.733700               1.768857       0.002126         2.126400
50%     8.500000   3.000000           7.719838         58.781249            0.017012               1.884766              1.758238               3.643003       0.002128         2.128000
75%    12.250000   4.000000           7.726981         58.820195            0.017065               2.734375              2.776683               5.511058       0.002131         2.131200
max    16.000000   5.000000           7.736450         58.884801            0.017082               3.320312              3.492515               6.812828       0.002134         2.134400
