Workflow Construction Summary Table
========================================================================================================================

 Comp  Groups Wall Time/Evt (s) CPU Time/Evt (s) Throughput (evt/s) Write Remote (MB/evt) Read Remote (MB/evt) Net Transfer (MB/evt) CPU Cores/Evt Memory/Evt (MB)
    1       1            9.6447         530.9675             0.0019                  0.45                 0.00                  0.45        0.0142           14.21
    2       2            9.6248         524.6042             0.0019                  0.45                 0.11                  0.56        0.0140           14.07
    3       2            9.6065         501.4843             0.0020                  0.45                 0.43                  0.88        0.0135           13.57
    4       2            9.4902         239.1101             0.0042                  1.21                 0.92                  2.13        0.0065            6.58
    5       2            9.6534         203.1096             0.0049                  2.54                 2.54                  5.08        0.0057            6.93
    6       3            9.6200         501.5103             0.0020                  0.45                 0.52                  0.96        0.0135           13.59
    7       3            9.4842         234.6132             0.0043                  1.22                 1.00                  2.23        0.0063            6.48
    8       3            9.6505         199.8702             0.0050                  2.54                 2.62                  5.16        0.0056            6.85
    9       3            9.5128         212.8473             0.0047                  1.22                 1.35                  2.57        0.0059            6.09
   10       3            9.5678         169.6446             0.0059                  2.54                 2.86                  5.40        0.0046            5.96
   11       3            9.5024         166.5764             0.0060                  3.31                 3.39                  6.70        0.0046            4.98
   12       4            9.5311         206.4065             0.0048                  1.23                 1.51                  2.74        0.0056            5.85
   13       4            9.5393         165.5992             0.0060                  2.52                 2.89                  5.42        0.0044            5.83
   14       4            9.5316         165.6138             0.0060                  3.31                 3.48                  6.80        0.0046            5.01
   15       4            9.5181         136.2486             0.0073                  3.24                 3.80                  7.04        0.0038            4.27
   16       5            9.4605         134.7589             0.0074                  3.31                 3.84                  7.15        0.0037            4.26

Summary Statistics:
------------------------------------------------------------------------------------------------------------------------
            Comp     Groups  Wall Time/Evt (s)  CPU Time/Evt (s)  Throughput (evt/s)  Write Remote (MB/evt)  Read Remote (MB/evt)  Net Transfer (MB/evt)  CPU Cores/Evt  Memory/Evt (MB)
count  16.000000  16.000000          16.000000         16.000000           16.000000              16.000000             16.000000              16.000000      16.000000        16.000000
mean    8.500000   3.000000           9.558607        268.310302            0.004652               1.874520              1.954170               3.828689       0.007279         7.783500
std     4.760952   1.032796           0.065317        150.048068            0.001863               1.143793              1.365625               2.501583       0.003981         3.713163
min     1.000000   1.000000           9.460465        134.758928            0.001883               0.449219              0.000000               0.449219       0.003750         4.262000
25%     4.750000   2.000000           9.510165        166.335753            0.003635               1.021834              0.817713               1.839548       0.004582         5.625500
50%     8.500000   3.000000           9.535456        204.758064            0.004884               1.875554              2.027211               3.911976       0.005633         6.287000
75%    12.250000   4.000000           9.621177        304.703657            0.006012               2.713857              3.017745               5.736081       0.008216         8.588500
max    16.000000   5.000000           9.653443        530.967529            0.007421               3.311431              3.841736               7.151897       0.014208        14.208000
