Workflow Construction Summary Table
========================================================================================================================

 Comp  Groups Wall Time/Evt (s) CPU Time/Evt (s) Throughput (evt/s) Write Remote (MB/evt) Read Remote (MB/evt) Net Transfer (MB/evt) CPU Cores/Evt Memory/Evt (MB)
    1       1            7.8486          59.1406             0.0169                  0.45                 0.00                  0.45        0.0010            0.97
    2       2            7.8417          58.8863             0.0170                  0.45                 0.06                  0.51        0.0010            0.97
    3       2            7.8375          57.4377             0.0174                  0.45                 0.38                  0.83        0.0009            0.95
    4       2            7.8763          50.6989             0.0197                  2.54                 2.23                  4.76        0.0008            0.89
    5       2            7.8465          46.1091             0.0217                  1.23                 0.81                  2.04        0.0008            0.63
    6       3            7.8378          56.7293             0.0176                  0.45                 0.44                  0.89        0.0009            0.95
    7       3            7.8749          50.6934             0.0197                  2.54                 2.29                  4.83        0.0008            0.89
    8       3            7.8440          46.0994             0.0217                  1.23                 0.88                  2.11        0.0008            0.64
    9       3            7.8769          50.7010             0.0197                  2.54                 2.64                  5.17        0.0008            0.87
   10       3            7.8442          46.1008             0.0217                  1.23                 1.19                  2.43        0.0008            0.61
   11       3            7.9204          46.3310             0.0216                  3.32                 3.02                  6.34        0.0008            0.64
   12       4            7.8772          49.9926             0.0200                  2.54                 2.70                  5.24        0.0008            0.87
   13       4            7.8568          45.4046             0.0220                  1.23                 1.26                  2.50        0.0008            0.64
   14       4            7.9124          46.3125             0.0216                  3.32                 3.09                  6.41        0.0008            0.64
   15       4            8.0175          46.5260             0.0215                  3.32                 3.48                  6.80        0.0008            0.62
   16       5            7.9583          45.6269             0.0219                  3.32                 3.52                  6.84        0.0008            0.63

Summary Statistics:
------------------------------------------------------------------------------------------------------------------------
            Comp     Groups  Wall Time/Evt (s)  CPU Time/Evt (s)  Throughput (evt/s)  Write Remote (MB/evt)  Read Remote (MB/evt)  Net Transfer (MB/evt)  CPU Cores/Evt  Memory/Evt (MB)
count  16.000000  16.000000          16.000000         16.000000           16.000000              16.000000             16.000000              16.000000      16.000000        16.000000
mean    8.500000   3.000000           7.879441         50.174383            0.020112               1.884766              1.749484               3.634250       0.000836         0.776000
std     4.760952   1.032796           0.050372          5.092628            0.001909               1.152134              1.249726               2.393261       0.000076         0.151734
min     1.000000   1.000000           7.837496         45.404569            0.016909               0.449219              0.000000               0.449219       0.000764         0.615000
25%     4.750000   2.000000           7.844169         46.107006            0.019200               1.035156              0.720296               1.755453       0.000778         0.634250
50%     8.500000   3.000000           7.865818         48.259283            0.020748               1.884766              1.744940               3.629706       0.000808         0.757000
75%    12.250000   4.000000           7.886025         52.208066            0.021689               2.734375              2.780014               5.514389       0.000862         0.904500
max    16.000000   5.000000           8.017512         59.140582            0.022024               3.320312              3.517834               6.838147       0.000968         0.968000
