Workflow Construction Summary Table
========================================================================================================================

 Comp  Groups Wall Time/Evt (s) CPU Time/Evt (s) Throughput (evt/s) Write Remote (MB/evt) Read Remote (MB/evt) Net Transfer (MB/evt) CPU Cores/Evt Memory/Evt (MB)
    1       2           52.3789         361.1738             0.0028                  0.89                 0.62                  1.51        0.0281           28.57
    2       2           52.3789         361.1738             0.0028                  0.89                 0.62                  1.51        0.0281           27.85
    3       3           52.3828         361.1770             0.0028                  0.89                 0.79                  1.68        0.0281           28.58
    4       3           52.3828         361.1770             0.0028                  0.89                 0.79                  1.68        0.0281           27.86
    5       3           52.1598         358.2538             0.0028                  0.89                 0.79                  1.68        0.0280           28.41
    6       3           52.1598         358.2538             0.0028                  0.89                 0.79                  1.68        0.0280           27.86
    7       3           52.1946         183.1270             0.0055                  1.50                 1.34                  2.85        0.0143           28.52
    8       3           52.1946         183.1270             0.0055                  1.50                 1.34                  2.85        0.0143           27.80
    9       3           51.9146         351.9046             0.0028                  0.89                 1.25                  2.14        0.0276           27.81
   10       3           51.7775         322.4772             0.0031                  2.06                 1.99                  4.05        0.0253           28.53
   11       3           51.7775         322.4772             0.0031                  2.06                 1.99                  4.05        0.0253           27.80
   12       4           52.1379         358.1994             0.0028                  0.89                 0.96                  1.85        0.0280           28.41
   13       4           52.1379         358.1994             0.0028                  0.89                 0.96                  1.85        0.0280           27.86
   14       4           52.2095         183.1462             0.0055                  1.50                 1.51                  3.02        0.0143           28.55
   15       4           52.2095         183.1462             0.0055                  1.50                 1.51                  3.02        0.0143           27.81
   16       4           51.9010         351.8670             0.0028                  0.89                 1.42                  2.31        0.0276           27.82
   17       4           51.9010         351.8670             0.0028                  0.89                 1.42                  2.31        0.0276           27.82
   18       4           51.9828         182.3998             0.0055                  1.50                 1.51                  3.01        0.0143           28.37
   19       4           51.9828         182.3998             0.0055                  1.50                 1.51                  3.01        0.0143           27.82
   20       4           51.7527         322.5100             0.0031                  2.06                 2.15                  4.21        0.0254           28.53
   21       4           51.6070         181.1513             0.0055                  2.68                 2.70                  5.38        0.0143           28.49
   22       4           51.7527         322.5100             0.0031                  2.06                 2.15                  4.21        0.0254           27.81
   23       4           51.6070         181.1513             0.0055                  2.68                 2.70                  5.38        0.0143           27.78
   24       4           51.7181         322.2897             0.0031                  2.06                 2.16                  4.22        0.0253           28.36
   25       4           51.7181         322.2897             0.0031                  2.06                 2.16                  4.22        0.0253           27.82
   26       4           51.7032         322.4570             0.0031                  2.06                 2.60                  4.67        0.0254           27.81
   27       4           51.7641         181.6512             0.0055                  1.50                 1.96                  3.47        0.0143           27.79
   28       5           51.8924         351.8391             0.0028                  0.89                 1.59                  2.48        0.0276           27.80
   29       5           51.9516         182.3211             0.0055                  1.50                 1.68                  3.19        0.0143           28.36
   30       5           51.9516         182.3211             0.0055                  1.50                 1.68                  3.19        0.0143           27.81
   31       5           51.5953         181.1176             0.0055                  2.68                 2.87                  5.55        0.0143           28.50
   32       5           51.5953         181.1176             0.0055                  2.68                 2.87                  5.55        0.0143           27.78
   33       5           51.7196         322.3982             0.0031                  2.06                 2.32                  4.38        0.0254           28.37
   34       5           51.7196         322.3982             0.0031                  2.06                 2.32                  4.38        0.0254           27.82
   35       5           51.6290         322.3096             0.0031                  2.06                 2.76                  4.82        0.0254           27.80
   36       5           51.6290         322.3096             0.0031                  2.06                 2.76                  4.82        0.0254           27.80
   37       5           51.7900         181.6982             0.0055                  1.50                 2.14                  3.64        0.0143           27.83
   38       5           51.7900         181.6982             0.0055                  1.50                 2.14                  3.64        0.0143           27.80
   39       5           51.5370         180.9485             0.0055                  2.68                 2.87                  5.55        0.0143           28.33
   40       5           51.5370         180.9485             0.0055                  2.68                 2.87                  5.55        0.0143           27.77
   41       5           51.4474         180.7227             0.0055                  2.68                 3.32                  5.99        0.0143           27.73
   42       6           51.6801         322.3606             0.0031                  2.06                 2.95                  5.01        0.0254           27.84
   43       6           51.7404         181.5826             0.0055                  1.50                 2.30                  3.80        0.0143           27.80
   44       6           51.4736         180.8111             0.0055                  2.68                 3.04                  5.71        0.0143           28.30
   45       6           51.4736         180.8111             0.0055                  2.68                 3.04                  5.71        0.0143           27.75
   46       6           51.4458         180.7087             0.0055                  2.68                 3.48                  6.16        0.0143           27.75
   47       6           51.4458         180.7087             0.0055                  2.68                 3.48                  6.16        0.0143           27.77
   48       7           51.4544         180.7153             0.0055                  2.68                 3.66                  6.34        0.0143           27.75

Summary Statistics:
------------------------------------------------------------------------------------------------------------------------
        Comp     Groups  Wall Time/Evt (s)  CPU Time/Evt (s)  Throughput (evt/s)  Write Remote (MB/evt)  Read Remote (MB/evt)  Net Transfer (MB/evt)  CPU Cores/Evt  Memory/Evt (MB)
count  48.00  48.000000          48.000000         48.000000           48.000000              48.000000             48.000000              48.000000      48.000000        48.000000
mean   24.50   4.333333          51.839288        260.695902            0.004228               1.782451              2.038890               3.821341       0.020451        28.019050
std    14.00   1.117241           0.280121         80.867369            0.001295               0.668887              0.838876               1.479659       0.006303         0.313636
min     1.00   2.000000          51.445786        180.708679            0.002769               0.888672              0.621255               1.509926       0.014255        27.729000
25%    12.75   4.000000          51.623505        181.474782            0.003036               1.350435              1.418733               2.754617       0.014281        27.802300
50%    24.50   4.000000          51.770783        252.717953            0.004281               1.782451              2.136644               3.927594       0.019820        27.820800
75%    36.25   5.000000          52.021548        329.842270            0.005510               2.214468              2.759824               5.101981       0.025929        28.365300
max    48.00   7.000000          52.382806        361.176951            0.005534               2.676230              3.659030               6.335260       0.028099        28.582400
