Workflow Construction Summary Table
========================================================================================================================

 Comp  Groups Wall Time/Evt (s) CPU Time/Evt (s) Throughput (evt/s) Write Remote (MB/evt) Read Remote (MB/evt) Net Transfer (MB/evt) CPU Cores/Evt Memory/Evt (MB)
    1       2           44.6556         333.9779             0.0030                  0.89                 0.56                  1.45        0.0471           47.86
    2       2           44.6556         333.9779             0.0030                  0.89                 0.56                  1.45        0.0471           46.67
    3       3           44.6390         333.9230             0.0030                  0.89                 0.72                  1.60        0.0471           47.86
    4       3           44.6390         333.9230             0.0030                  0.89                 0.72                  1.60        0.0471           46.67
    5       3           44.2910         329.9683             0.0030                  0.89                 0.72                  1.60        0.0468           47.48
    6       3           44.2910         329.9683             0.0030                  0.89                 0.72                  1.60        0.0468           46.57
    7       3           44.2901         168.5682             0.0059                  1.50                 1.22                  2.72        0.0239           47.63
    8       3           44.2901         168.5682             0.0059                  1.50                 1.22                  2.72        0.0239           46.43
    9       3           43.9359         323.0284             0.0031                  0.89                 1.12                  2.01        0.0462           46.65
   10       3           43.6510         294.8628             0.0034                  2.06                 1.80                  3.86        0.0424           47.75
   11       3           43.6510         294.8628             0.0034                  2.06                 1.80                  3.86        0.0424           46.55
   12       4           44.2802         329.9281             0.0030                  0.89                 0.87                  1.76        0.0468           47.49
   13       4           44.2802         329.9281             0.0030                  0.89                 0.87                  1.76        0.0468           46.57
   14       4           44.2780         168.5224             0.0059                  1.50                 1.37                  2.87        0.0239           47.64
   15       4           44.2780         168.5224             0.0059                  1.50                 1.37                  2.87        0.0239           46.43
   16       4           43.9245         322.9841             0.0031                  0.89                 1.28                  2.17        0.0463           46.66
   17       4           43.9245         322.9841             0.0031                  0.89                 1.28                  2.17        0.0463           46.64
   18       4           43.9327         167.2269             0.0060                  1.50                 1.37                  2.87        0.0239           47.48
   19       4           43.9327         167.2269             0.0060                  1.50                 1.37                  2.87        0.0239           46.55
   20       4           43.6348         294.8203             0.0034                  2.06                 1.95                  4.01        0.0424           47.75
   21       4           43.3636         165.0879             0.0061                  2.68                 2.45                  5.13        0.0238           47.60
   22       4           43.6348         294.8203             0.0034                  2.06                 1.95                  4.01        0.0424           46.55
   23       4           43.3636         165.0879             0.0061                  2.68                 2.45                  5.13        0.0238           46.40
   24       4           43.5733         294.5837             0.0034                  2.06                 1.95                  4.01        0.0424           47.47
   25       4           43.5733         294.5837             0.0034                  2.06                 1.95                  4.01        0.0424           46.55
   26       4           43.5058         294.3038             0.0034                  2.06                 2.37                  4.43        0.0424           46.53
   27       4           43.5850         165.9116             0.0060                  1.50                 1.78                  3.28        0.0238           46.40
   28       5           43.9179         322.9345             0.0031                  0.89                 1.43                  2.32        0.0463           46.65
   29       5           43.9282         167.1937             0.0060                  1.50                 1.52                  3.03        0.0239           47.50
   30       5           43.9282         167.1937             0.0060                  1.50                 1.52                  3.03        0.0239           46.57
   31       5           43.3462         165.0315             0.0061                  2.68                 2.60                  5.28        0.0238           47.61
   32       5           43.3462         165.0315             0.0061                  2.68                 2.60                  5.28        0.0238           46.40
   33       5           43.5631         294.5534             0.0034                  2.06                 2.11                  4.17        0.0425           47.48
   34       5           43.5631         294.5534             0.0034                  2.06                 2.11                  4.17        0.0425           46.56
   35       5           43.4950         294.2462             0.0034                  2.06                 2.52                  4.58        0.0424           46.53
   36       5           43.4950         294.2462             0.0034                  2.06                 2.52                  4.58        0.0424           46.53
   37       5           43.5694         165.8585             0.0060                  1.50                 1.93                  3.44        0.0238           46.42
   38       5           43.5694         165.8585             0.0060                  1.50                 1.93                  3.44        0.0238           46.41
   39       5           43.2943         164.8226             0.0061                  2.68                 2.60                  5.28        0.0238           47.33
   40       5           43.2943         164.8226             0.0061                  2.68                 2.60                  5.28        0.0238           46.42
   41       5           43.2451         164.6294             0.0061                  2.68                 3.02                  5.69        0.0238           46.41
   42       6           43.4791         294.1838             0.0034                  2.06                 2.68                  4.74        0.0424           46.52
   43       6           43.5593         165.8169             0.0060                  1.50                 2.09                  3.59        0.0239           46.41
   44       6           43.2828         164.7780             0.0061                  2.68                 2.76                  5.44        0.0238           47.34
   45       6           43.2828         164.7780             0.0061                  2.68                 2.76                  5.44        0.0238           46.40
   46       6           43.2306         164.5786             0.0061                  2.68                 3.17                  5.85        0.0238           46.41
   47       6           43.2306         164.5786             0.0061                  2.68                 3.17                  5.85        0.0238           46.42
   48       7           43.2237         164.5432             0.0061                  2.68                 3.33                  6.00        0.0239           46.42

Summary Statistics:
------------------------------------------------------------------------------------------------------------------------
        Comp     Groups  Wall Time/Evt (s)  CPU Time/Evt (s)  Throughput (evt/s)  Write Remote (MB/evt)  Read Remote (MB/evt)  Net Transfer (MB/evt)  CPU Cores/Evt  Memory/Evt (MB)
count  48.00  48.000000          48.000000         48.000000           48.000000              48.000000             48.000000              48.000000      48.000000        48.000000
mean   24.50   4.333333          43.768716        238.883012            0.004621               1.782451              1.849327               3.631778       0.034217        46.865917
std    14.00   1.117241           0.434300         74.705587            0.001424               0.668887              0.764242               1.405994       0.010575         0.523738
min     1.00   2.000000          43.223679        164.543168            0.002994               0.888672              0.562988               1.451660       0.023842        46.397400
25%    12.75   4.000000          43.450199        165.634679            0.003318               1.350435              1.278052               2.621116       0.023848        46.424500
50%    24.50   4.000000          43.609894        231.375995            0.004666               1.782451              1.934328               3.727324       0.033176        46.569000
75%    36.25   5.000000          44.021419        301.880747            0.006037               2.214468              2.522778               4.835498       0.043405        47.476150
max    48.00   7.000000          44.655554        333.977852            0.006077               2.676230              3.325614               6.001844       0.047070        47.864000
