Workflow Construction Summary Table
========================================================================================================================

 Comp  Groups Wall Time/Evt (s) CPU Time/Evt (s) Throughput (evt/s) Write Remote (MB/evt) Read Remote (MB/evt) Net Transfer (MB/evt) CPU Cores/Evt Memory/Evt (MB)
    1       1            6.9285         443.4235             0.0023                  0.45                 0.00                  0.45        0.0051            5.12
    2       2            6.9242         440.1039             0.0023                  0.45                 0.06                  0.51        0.0051            5.09
    3       2            6.9224         418.7295             0.0024                  0.45                 0.38                  0.83        0.0048            4.87
    4       2            6.9314         203.5509             0.0049                  1.23                 0.78                  2.01        0.0023            2.39
    5       2            6.9573         169.3140             0.0059                  2.54                 2.09                  4.63        0.0019            2.39
    6       3            6.9227         418.7309             0.0024                  0.45                 0.44                  0.89        0.0048            4.87
    7       3            6.9298         200.4026             0.0050                  1.23                 0.84                  2.08        0.0023            2.36
    8       3            6.9565         166.2171             0.0060                  2.54                 2.15                  4.69        0.0019            2.36
    9       3            6.9309         179.2125             0.0056                  1.23                 1.16                  2.39        0.0021            2.15
   10       3            6.9586         145.0915             0.0069                  2.54                 2.47                  5.00        0.0017            2.15
   11       3            6.9695         142.7385             0.0070                  3.32                 2.87                  6.19        0.0016            1.78
   12       4            6.9312         179.2139             0.0056                  1.23                 1.22                  2.45        0.0021            2.14
   13       4            6.9589         145.0929             0.0069                  2.54                 2.53                  5.07        0.0017            2.15
   14       4            6.9687         139.6417             0.0072                  3.32                 2.93                  6.25        0.0016            1.74
   15       4            6.9708         118.5161             0.0084                  3.32                 3.25                  6.57        0.0014            1.53
   16       5            6.9711         118.5175             0.0084                  3.32                 3.31                  6.63        0.0014            1.53

Summary Statistics:
------------------------------------------------------------------------------------------------------------------------
            Comp     Groups  Wall Time/Evt (s)  CPU Time/Evt (s)  Throughput (evt/s)  Write Remote (MB/evt)  Read Remote (MB/evt)  Net Transfer (MB/evt)  CPU Cores/Evt  Memory/Evt (MB)
count  16.000000  16.000000          16.000000         16.000000           16.000000              16.000000             16.000000              16.000000      16.000000        16.000000
mean    8.500000   3.000000           6.945778        226.781067            0.005445               1.884766              1.655273               3.540039       0.002613         2.788900
std     4.760952   1.032796           0.019451        123.910102            0.002121               1.152134              1.168838               2.312666       0.001438         1.342089
min     1.000000   1.000000           6.922400        118.516106            0.002255               0.449219              0.000000               0.449219       0.001356         1.530000
25%     4.750000   2.000000           6.929473        144.503290            0.004282               1.035156              0.695801               1.730957       0.001656         2.052700
50%     8.500000   3.000000           6.943943        174.263241            0.005743               1.884766              1.655273               3.540039       0.002006         2.252800
75%    12.250000   4.000000           6.961354        257.345561            0.006921               2.734375              2.614746               5.349121       0.002972         3.013300
max    16.000000   5.000000           6.971121        443.423500            0.008438               3.320312              3.310547               6.630859       0.005120         5.120000
