Workflow Construction Summary Table
========================================================================================================================

 Comp  Groups Wall Time/Evt (s) CPU Time/Evt (s) Throughput (evt/s) Write Remote (MB/evt) Read Remote (MB/evt) Net Transfer (MB/evt) CPU Cores/Evt Memory/Evt (MB)
    1       2           40.7650         162.2636             0.0062                  0.89                 0.54                  1.43        0.0218           43.54
    2       2           40.7650         162.2636             0.0062                  0.89                 0.54                  1.43        0.0218           43.54
    3       3           40.7689         162.2790             0.0062                  0.89                 0.68                  1.57        0.0218           43.54
    4       3           40.7689         162.2790             0.0062                  0.89                 0.68                  1.57        0.0218           43.54
    5       3           40.4548         161.0267             0.0062                  0.89                 0.69                  1.57        0.0217           43.45
    6       3           40.4548         161.0267             0.0062                  0.89                 0.69                  1.57        0.0217           43.45
    7       3           40.5708         161.4842             0.0062                  1.50                 1.16                  2.66        0.0217           43.37
    8       3           40.5708         161.4842             0.0062                  1.50                 1.16                  2.66        0.0217           43.37
    9       3           40.1767         159.9218             0.0063                  0.89                 1.08                  1.97        0.0218           43.52
   10       3           40.1173         159.6813             0.0063                  2.06                 1.72                  3.78        0.0217           43.46
   11       3           40.1173         159.6813             0.0063                  2.06                 1.72                  3.78        0.0217           43.46
   12       4           40.4586         161.0420             0.0062                  0.89                 0.83                  1.72        0.0217           43.45
   13       4           40.4586         161.0420             0.0062                  0.89                 0.83                  1.72        0.0217           43.45
   14       4           40.5746         161.4995             0.0062                  1.50                 1.30                  2.81        0.0217           43.37
   15       4           40.5746         161.4995             0.0062                  1.50                 1.30                  2.81        0.0217           43.37
   16       4           40.1806         159.9372             0.0063                  0.89                 1.22                  2.11        0.0218           43.52
   17       4           40.1806         159.9372             0.0063                  0.89                 1.22                  2.11        0.0218           43.52
   18       4           40.2680         160.2816             0.0062                  1.50                 1.30                  2.81        0.0217           43.49
   19       4           40.2680         160.2816             0.0062                  1.50                 1.30                  2.81        0.0217           43.49
   20       4           40.1211         159.6966             0.0063                  2.06                 1.86                  3.92        0.0217           43.47
   21       4           39.9884         159.1663             0.0063                  2.68                 2.33                  5.01        0.0217           43.37
   22       4           40.1211         159.6966             0.0063                  2.06                 1.86                  3.92        0.0217           43.47
   23       4           39.9884         159.1663             0.0063                  2.68                 2.33                  5.01        0.0217           43.37
   24       4           40.0666         159.4826             0.0063                  2.06                 1.86                  3.92        0.0217           43.47
   25       4           40.0666         159.4826             0.0063                  2.06                 1.86                  3.92        0.0217           43.47
   26       4           40.0580         159.4483             0.0063                  2.06                 2.26                  4.32        0.0217           43.46
   27       4           39.9969         159.2001             0.0063                  1.50                 1.70                  3.20        0.0217           43.36
   28       5           40.1844         159.9525             0.0063                  0.89                 1.37                  2.26        0.0218           43.53
   29       5           40.2719         160.2969             0.0062                  1.50                 1.45                  2.95        0.0217           43.49
   30       5           40.2719         160.2969             0.0062                  1.50                 1.45                  2.95        0.0217           43.49
   31       5           39.9922         159.1816             0.0063                  2.68                 2.48                  5.16        0.0217           43.37
   32       5           39.9922         159.1816             0.0063                  2.68                 2.48                  5.16        0.0217           43.37
   33       5           40.0704         159.4979             0.0063                  2.06                 2.01                  4.07        0.0217           43.47
   34       5           40.0704         159.4979             0.0063                  2.06                 2.01                  4.07        0.0217           43.47
   35       5           40.0618         159.4636             0.0063                  2.06                 2.40                  4.46        0.0217           43.46
   36       5           40.0618         159.4636             0.0063                  2.06                 2.40                  4.46        0.0217           43.46
   37       5           40.0007         159.2154             0.0063                  1.50                 1.84                  3.35        0.0217           43.37
   38       5           40.0007         159.2154             0.0063                  1.50                 1.84                  3.35        0.0217           43.37
   39       5           39.9391         158.9703             0.0063                  2.68                 2.48                  5.16        0.0217           43.37
   40       5           39.9391         158.9703             0.0063                  2.68                 2.48                  5.16        0.0217           43.37
   41       5           39.9306         158.9363             0.0063                  2.68                 2.87                  5.55        0.0217           43.37
   42       6           40.0657         159.4790             0.0063                  2.06                 2.55                  4.61        0.0217           43.47
   43       6           40.0046         159.2309             0.0063                  1.50                 1.99                  3.49        0.0217           43.37
   44       6           39.9430         158.9857             0.0063                  2.68                 2.63                  5.30        0.0217           43.37
   45       6           39.9430         158.9857             0.0063                  2.68                 2.63                  5.30        0.0217           43.37
   46       6           39.9344         158.9516             0.0063                  2.68                 3.02                  5.70        0.0217           43.37
   47       6           39.9344         158.9516             0.0063                  2.68                 3.02                  5.70        0.0217           43.37
   48       7           39.9383         158.9670             0.0063                  2.68                 3.17                  5.84        0.0217           43.37

Summary Statistics:
------------------------------------------------------------------------------------------------------------------------
        Comp     Groups  Wall Time/Evt (s)  CPU Time/Evt (s)  Throughput (evt/s)  Write Remote (MB/evt)  Read Remote (MB/evt)  Net Transfer (MB/evt)  CPU Cores/Evt  Memory/Evt (MB)
count  48.00  48.000000          48.000000         48.000000           48.000000              48.000000             48.000000              48.000000      48.000000        48.000000
mean   24.50   4.333333          40.196906        159.998827            0.006250               1.782451              1.763073               3.545524       0.021719        43.437733
std    14.00   1.117241           0.260214          1.036717            0.000040               0.668887              0.727200               1.369437       0.000032         0.063050
min     1.00   2.000000          39.930575        158.936255            0.006162               0.888672              0.538002               1.426674       0.021682        43.363200
25%    12.75   4.000000          39.995730        159.195481            0.006231               1.350435              1.224332               2.560885       0.021685        43.370800
50%    24.50   4.000000          40.093848        159.589594            0.006266               1.782451              1.843393               3.635541       0.021727        43.453600
75%    36.25   5.000000          40.317592        160.479387            0.006282               2.214468              2.401957               4.709817       0.021738        43.475600
max    48.00   7.000000          40.768874        162.278985            0.006292               2.676230              3.168130               5.844360       0.021771        43.542400
