Workflow Construction Summary Table
========================================================================================================================

 Comp  Groups Wall Time/Evt (s) CPU Time/Evt (s) Throughput (evt/s) Write Remote (MB/evt) Read Remote (MB/evt) Net Transfer (MB/evt) CPU Cores/Evt Memory/Evt (MB)
    1       1            7.2361         453.1262             0.0022                  0.45                 0.00                  0.45        0.0054            5.35
    2       2            7.2311         449.8035             0.0022                  0.45                 0.06                  0.51        0.0053            5.32
    3       2            7.2231         207.2891             0.0048                  1.23                 0.80                  2.03        0.0025            2.51
    4       2            7.2259         427.9279             0.0023                  0.45                 0.38                  0.83        0.0051            5.10
    5       2            7.2058         171.1458             0.0058                  2.54                 2.13                  4.67        0.0020            2.52
    6       3            7.2256         427.4072             0.0023                  0.45                 0.46                  0.91        0.0051            5.08
    7       3            7.2208         204.1403             0.0049                  1.23                 0.86                  2.09        0.0024            2.48
    8       3            7.2196         144.4446             0.0069                  3.32                 2.94                  6.26        0.0017            1.86
    9       3            7.2043         168.0473             0.0060                  2.54                 2.20                  4.74        0.0020            2.48
   10       3            7.2032         146.9099             0.0068                  2.54                 2.53                  5.07        0.0018            2.26
   11       3            7.2186         182.4526             0.0055                  1.23                 1.18                  2.41        0.0022            2.26
   12       4            7.2029         146.9087             0.0068                  2.54                 2.60                  5.13        0.0018            2.26
   13       4            7.2010         181.8977             0.0055                  1.23                 1.24                  2.48        0.0022            2.24
   14       4            7.2182         141.3503             0.0071                  3.32                 3.00                  6.32        0.0017            1.85
   15       4            7.2089         119.7120             0.0084                  3.32                 3.32                  6.64        0.0014            1.62
   16       5            7.1995         119.1737             0.0084                  3.32                 3.38                  6.70        0.0014            1.61

Summary Statistics:
------------------------------------------------------------------------------------------------------------------------
            Comp     Groups  Wall Time/Evt (s)  CPU Time/Evt (s)  Throughput (evt/s)  Write Remote (MB/evt)  Read Remote (MB/evt)  Net Transfer (MB/evt)  CPU Cores/Evt  Memory/Evt (MB)
count  16.000000  16.000000          16.000000         16.000000           16.000000              16.000000             16.000000              16.000000      16.000000        16.000000
mean    8.500000   3.000000           7.215281        230.733551            0.005372               1.884766              1.693339               3.578105       0.002741         2.925175
std     4.760952   1.032796           0.011662        127.208223            0.002111               1.152134              1.195010               2.338636       0.001495         1.395905
min     1.000000   1.000000           7.199482        119.173672            0.002207               0.449219              0.000000               0.449219       0.001427         1.608000
25%     4.750000   2.000000           7.203987        146.292669            0.004203               1.035156              0.713927               1.749084       0.001748         2.147400
50%     8.500000   3.000000           7.218399        176.521750            0.005670               1.884766              1.689984               3.574750       0.002107         2.370800
75%    12.250000   4.000000           7.223703        262.318614            0.006836               2.734375              2.680637               5.415012       0.003112         3.161800
max    16.000000   5.000000           7.236149        453.126192            0.008391               3.320312              3.377241               6.697554       0.005350         5.350400
