Workflow Construction Summary Table
========================================================================================================================

 Comp  Groups Wall Time/Evt (s) CPU Time/Evt (s) Throughput (evt/s) Write Remote (MB/evt) Read Remote (MB/evt) Net Transfer (MB/evt) CPU Cores/Evt Memory/Evt (MB)
    1       1            7.0485          56.3879             0.0177                  0.45                 0.00                  0.45        0.0038            3.84
    2       2            7.0196          56.1569             0.0178                  0.45                 0.06                  0.51        0.0038            3.84
    3       2            6.9930          55.9438             0.0179                  0.45                 0.38                  0.83        0.0038            3.84
    4       2            7.0122          56.0978             0.0178                  2.54                 2.09                  4.63        0.0038            3.84
    5       2            6.9878          55.9024             0.0179                  1.23                 0.78                  2.01        0.0038            3.84
    6       3            6.9920          55.9359             0.0179                  0.45                 0.44                  0.89        0.0038            3.85
    7       3            7.0044          56.0352             0.0178                  2.54                 2.15                  4.69        0.0038            3.85
    8       3            6.9750          55.7999             0.0179                  1.23                 0.84                  2.08        0.0038            3.84
    9       3            7.0010          56.0084             0.0179                  2.54                 2.47                  5.00        0.0038            3.85
   10       3            6.9656          55.7251             0.0179                  1.23                 1.16                  2.39        0.0038            3.84
   11       3            7.0074          56.0592             0.0178                  3.32                 2.87                  6.19        0.0038            3.84
   12       4            7.0001          56.0005             0.0179                  2.54                 2.53                  5.07        0.0039            3.86
   13       4            6.9647          55.7172             0.0179                  1.23                 1.22                  2.45        0.0038            3.85
   14       4            6.9996          55.9966             0.0179                  3.32                 2.93                  6.25        0.0038            3.85
   15       4            6.9962          55.9697             0.0179                  3.32                 3.25                  6.57        0.0038            3.85
   16       5            6.9952          55.9618             0.0179                  3.32                 3.31                  6.63        0.0039            3.86

Summary Statistics:
------------------------------------------------------------------------------------------------------------------------
            Comp     Groups  Wall Time/Evt (s)  CPU Time/Evt (s)  Throughput (evt/s)  Write Remote (MB/evt)  Read Remote (MB/evt)  Net Transfer (MB/evt)  CPU Cores/Evt  Memory/Evt (MB)
count  16.000000  16.000000          16.000000         16.000000           16.000000              16.000000             16.000000              16.000000      16.000000         16.00000
mean    8.500000   3.000000           6.997643         55.981143            0.017863               1.884766              1.655273               3.540039       0.003845          3.84500
std     4.760952   1.032796           0.020375          0.163002            0.000052               1.152134              1.168838               2.312666       0.000006          0.00575
min     1.000000   1.000000           6.964652         55.717214            0.017734               0.449219              0.000000               0.449219       0.003840          3.84000
25%     4.750000   2.000000           6.990939         55.927515            0.017844               1.035156              0.695801               1.730957       0.003840          3.84000
50%     8.500000   3.000000           6.997891         55.983131            0.017863               1.884766              1.655273               3.540039       0.003844          3.84400
75%    12.250000   4.000000           7.005151         56.041211            0.017880               2.734375              2.614746               5.349121       0.003848          3.84800
max    16.000000   5.000000           7.048492         56.387937            0.017948               3.320312              3.310547               6.630859       0.003856          3.85600
