Workflow Construction Summary Table
========================================================================================================================

 Comp  Groups Wall Time/Evt (s) CPU Time/Evt (s) Throughput (evt/s) Write Remote (MB/evt) Read Remote (MB/evt) Net Transfer (MB/evt) CPU Cores/Evt Memory/Evt (MB)
    1       1            7.5209          60.1674             0.0166                  0.45                 0.00                  0.45        0.0154           15.36
    2       2            7.4093          59.0418             0.0169                  0.45                 0.06                  0.51        0.0153           15.30
    3       2            7.3216          56.7392             0.0176                  0.45                 0.38                  0.83        0.0149           14.92
    4       2            7.6265          51.5963             0.0194                  2.54                 2.09                  4.63        0.0131           13.99
    5       2            7.3714          45.2516             0.0221                  1.23                 0.78                  2.01        0.0119           10.06
    6       3            7.3212          55.9380             0.0179                  0.45                 0.44                  0.89        0.0147           14.92
    7       3            7.5987          51.4849             0.0194                  2.54                 2.15                  4.69        0.0131           13.93
    8       3            7.3244          45.0634             0.0222                  1.23                 0.84                  2.08        0.0119           10.01
    9       3            7.6042          51.5069             0.0194                  2.54                 2.47                  5.00        0.0131           13.55
   10       3            7.3057          44.9887             0.0222                  1.23                 1.16                  2.39        0.0119            9.62
   11       3            7.7009          46.5697             0.0215                  3.32                 2.87                  6.19        0.0119            9.76
   12       4            7.6038          50.7058             0.0197                  2.54                 2.53                  5.07        0.0129           13.55
   13       4            7.3053          44.1876             0.0226                  1.23                 1.22                  2.45        0.0117            9.62
   14       4            7.6731          46.4583             0.0215                  3.32                 2.93                  6.25        0.0119            9.70
   15       4            7.6786          46.4803             0.0215                  3.32                 3.25                  6.57        0.0119            9.32
   16       5            7.6782          45.6792             0.0219                  3.32                 3.31                  6.63        0.0117            9.32

Summary Statistics:
------------------------------------------------------------------------------------------------------------------------
            Comp     Groups  Wall Time/Evt (s)  CPU Time/Evt (s)  Throughput (evt/s)  Write Remote (MB/evt)  Read Remote (MB/evt)  Net Transfer (MB/evt)  CPU Cores/Evt  Memory/Evt (MB)
count  16.000000  16.000000          16.000000         16.000000           16.000000              16.000000             16.000000              16.000000      16.000000        16.000000
mean    8.500000   3.000000           7.502741         50.116193            0.020160               1.884766              1.655273               3.540039       0.012963        12.058250
std     4.760952   1.032796           0.158485          5.380808            0.002052               1.152134              1.168838               2.312666       0.001371         2.521159
min     1.000000   1.000000           7.305317         44.187558            0.016620               0.449219              0.000000               0.449219       0.011704         9.318000
25%     4.750000   2.000000           7.323665         45.572292            0.019005               1.035156              0.695801               1.730957       0.011896         9.682500
50%     8.500000   3.000000           7.559800         48.637747            0.020597               1.884766              1.655273               3.540039       0.012418        11.806500
75%    12.250000   4.000000           7.638170         52.681737            0.021944               2.734375              2.614746               5.349121       0.013530        14.221750
max    16.000000   5.000000           7.700941         60.167375            0.022631               3.320312              3.310547               6.630859       0.015360        15.360000
