Workflow Construction Summary Table
========================================================================================================================

 Comp  Groups Wall Time/Evt (s) CPU Time/Evt (s) Throughput (evt/s) Write Remote (MB/evt) Read Remote (MB/evt) Net Transfer (MB/evt) CPU Cores/Evt Memory/Evt (MB)
    1       1            7.8350          61.2403             0.0163                  0.45                 0.00                  0.45        0.0161           16.09
    2       2            7.7111          60.0700             0.0166                  0.45                 0.06                  0.51        0.0160           16.03
    3       2            7.5874          57.6042             0.0174                  0.45                 0.39                  0.84        0.0156           15.63
    4       2            7.5080          50.0865             0.0200                  2.54                 2.14                  4.68        0.0138           14.66
    5       2            7.5145          45.1894             0.0221                  1.23                 0.80                  2.03        0.0125           10.55
    6       3            7.5804          56.8489             0.0176                  0.45                 0.45                  0.90        0.0154           15.63
    7       3            7.4722          49.9465             0.0200                  2.54                 2.20                  4.74        0.0138           14.60
    8       3            7.4586          44.9709             0.0222                  1.23                 0.87                  2.10        0.0125           10.49
    9       3            7.4456          49.8387             0.0201                  2.54                 2.53                  5.06        0.0138           14.19
   10       3            7.4059          44.7671             0.0223                  1.23                 1.19                  2.42        0.0125           10.08
   11       3            7.4222          44.8288             0.0223                  3.32                 2.94                  6.26        0.0125           10.23
   12       4            7.4386          49.0842             0.0204                  2.54                 2.59                  5.13        0.0136           14.19
   13       4            7.3992          44.0117             0.0227                  1.23                 1.25                  2.48        0.0123           10.09
   14       4            7.3864          44.6889             0.0224                  3.32                 3.01                  6.33        0.0125           10.17
   15       4            7.3591          44.5827             0.0224                  3.32                 3.33                  6.65        0.0125            9.76
   16       5            7.3520          43.8271             0.0228                  3.32                 3.39                  6.71        0.0123            9.77

Summary Statistics:
------------------------------------------------------------------------------------------------------------------------
            Comp     Groups  Wall Time/Evt (s)  CPU Time/Evt (s)  Throughput (evt/s)  Write Remote (MB/evt)  Read Remote (MB/evt)  Net Transfer (MB/evt)  CPU Cores/Evt  Memory/Evt (MB)
count  16.000000  16.000000          16.000000         16.000000           16.000000              16.000000             16.000000              16.000000      16.000000        16.000000
mean    8.500000   3.000000           7.492261         49.474110            0.020482               1.884763              1.695456               3.580219       0.013581        12.634750
std     4.760952   1.032796           0.131438          6.126485            0.002326               1.152138              1.196910               2.340613       0.001436         2.639907
min     1.000000   1.000000           7.352011         43.827090            0.016329               0.449172              0.000000               0.449172       0.012262         9.764400
25%     4.750000   2.000000           7.404266         44.747560            0.019372               1.035156              0.713206               1.748363       0.012464        10.148100
50%     8.500000   3.000000           7.452085         47.136794            0.021251               1.884766              1.694654               3.579420       0.013009        12.369600
75%    12.250000   4.000000           7.530984         51.777062            0.022348               2.734375              2.678389               5.412764       0.014173        14.899400
max    16.000000   5.000000           7.834977         61.240251            0.022817               3.320312              3.390608               6.710921       0.016093        16.092800
