Workflow Construction Summary Table
========================================================================================================================

 Comp  Groups Wall Time/Evt (s) CPU Time/Evt (s) Throughput (evt/s) Write Remote (MB/evt) Read Remote (MB/evt) Net Transfer (MB/evt) CPU Cores/Evt Memory/Evt (MB)
    1       2           43.6642         166.1889             0.0060                  0.89                 0.57                  1.46        0.0119           23.81
    2       2           43.6642         166.1889             0.0060                  0.89                 0.57                  1.46        0.0119           23.81
    3       3           43.6582         166.1663             0.0060                  0.89                 0.72                  1.61        0.0119           23.82
    4       3           43.6582         166.1663             0.0060                  0.89                 0.72                  1.61        0.0119           23.82
    5       3           43.4692         165.4802             0.0060                  0.89                 0.72                  1.61        0.0119           23.82
    6       3           43.4692         165.4802             0.0060                  0.89                 0.72                  1.61        0.0119           23.82
    7       3           43.4937         165.5338             0.0060                  1.50                 1.21                  2.71        0.0119           23.79
    8       3           43.4937         165.5338             0.0060                  1.50                 1.21                  2.71        0.0119           23.79
    9       3           43.2912         164.8085             0.0061                  0.89                 1.14                  2.02        0.0119           23.80
   10       3           43.1926         164.3714             0.0061                  2.06                 1.80                  3.86        0.0119           23.80
   11       3           43.1926         164.3714             0.0061                  2.06                 1.80                  3.86        0.0119           23.80
   12       4           43.4777         165.4865             0.0060                  0.89                 0.88                  1.76        0.0119           23.83
   13       4           43.4777         165.4865             0.0060                  0.89                 0.88                  1.76        0.0119           23.83
   14       4           43.4886         165.5128             0.0060                  1.50                 1.36                  2.86        0.0119           23.79
   15       4           43.4886         165.5128             0.0060                  1.50                 1.36                  2.86        0.0119           23.79
   16       4           43.2707         164.7567             0.0061                  0.89                 1.29                  2.18        0.0119           23.79
   17       4           43.2707         164.7567             0.0061                  0.89                 1.29                  2.18        0.0119           23.79
   18       4           43.3208         164.8725             0.0061                  1.50                 1.36                  2.87        0.0119           23.80
   19       4           43.3208         164.8725             0.0061                  1.50                 1.36                  2.87        0.0119           23.80
   20       4           43.1651         164.3058             0.0061                  2.06                 1.95                  4.01        0.0119           23.80
   21       4           43.0124         163.7605             0.0061                  2.68                 2.44                  5.12        0.0119           23.76
   22       4           43.1651         164.3058             0.0061                  2.06                 1.95                  4.01        0.0119           23.80
   23       4           43.0124         163.7605             0.0061                  2.68                 2.44                  5.12        0.0119           23.76
   24       4           43.1536         164.2305             0.0061                  2.06                 1.95                  4.01        0.0119           23.81
   25       4           43.1536         164.2305             0.0061                  2.06                 1.95                  4.01        0.0119           23.81
   26       4           43.1086         164.0928             0.0061                  2.06                 2.36                  4.42        0.0119           23.79
   27       4           43.1451         164.2148             0.0061                  1.50                 1.78                  3.28        0.0119           23.78
   28       5           43.2580         164.7206             0.0061                  0.89                 1.44                  2.33        0.0119           23.80
   29       5           43.3141         164.8482             0.0061                  1.50                 1.52                  3.02        0.0119           23.80
   30       5           43.3141         164.8482             0.0061                  1.50                 1.52                  3.02        0.0119           23.80
   31       5           42.9938         163.7126             0.0061                  2.68                 2.59                  5.27        0.0119           23.77
   32       5           42.9938         163.7126             0.0061                  2.68                 2.59                  5.27        0.0119           23.77
   33       5           43.1289         164.1702             0.0061                  2.06                 2.11                  4.17        0.0119           23.80
   34       5           43.1289         164.1702             0.0061                  2.06                 2.11                  4.17        0.0119           23.80
   35       5           43.0821         164.0289             0.0061                  2.06                 2.51                  4.57        0.0119           23.79
   36       5           43.0821         164.0289             0.0061                  2.06                 2.51                  4.57        0.0119           23.79
   37       5           43.1297         164.1731             0.0061                  1.50                 1.94                  3.44        0.0119           23.78
   38       5           43.1297         164.1731             0.0061                  1.50                 1.94                  3.44        0.0119           23.78
   39       5           42.9920         163.6565             0.0061                  2.68                 2.60                  5.28        0.0119           23.78
   40       5           42.9920         163.6565             0.0061                  2.68                 2.60                  5.28        0.0119           23.78
   41       5           42.9589         163.5427             0.0061                  2.68                 3.01                  5.69        0.0119           23.77
   42       6           43.0948         164.0437             0.0061                  2.06                 2.67                  4.73        0.0119           23.81
   43       6           43.1220         164.1472             0.0061                  1.50                 2.09                  3.60        0.0119           23.80
   44       6           42.9678         163.5974             0.0061                  2.68                 2.75                  5.42        0.0119           23.78
   45       6           42.9678         163.5974             0.0061                  2.68                 2.75                  5.42        0.0119           23.78
   46       6           42.9507         163.5157             0.0061                  2.68                 3.16                  5.84        0.0119           23.78
   47       6           42.9507         163.5157             0.0061                  2.68                 3.16                  5.84        0.0119           23.78
   48       7           42.9471         163.4976             0.0061                  2.68                 3.32                  5.99        0.0119           23.79

Summary Statistics:
------------------------------------------------------------------------------------------------------------------------
        Comp     Groups  Wall Time/Evt (s)  CPU Time/Evt (s)  Throughput (evt/s)  Write Remote (MB/evt)  Read Remote (MB/evt)  Net Transfer (MB/evt)  CPU Cores/Evt  Memory/Evt (MB)
count  48.00  48.000000          48.000000         48.000000           48.000000              48.000000             48.000000              48.000000      48.000000        48.000000
mean   24.50   4.333333          43.224531        164.537601            0.006078               1.782451              1.846624               3.629076       0.011897        23.794967
std    14.00   1.117241           0.217172          0.812102            0.000030               0.668887              0.759803               1.401259       0.000009         0.017032
min     1.00   2.000000          42.947070        163.497627            0.006017               0.888672              0.567449               1.456121       0.011882        23.763200
25%    12.75   4.000000          43.064637        163.961797            0.006060               1.350435              1.287346               2.616902       0.011891        23.782400
50%    24.50   4.000000          43.159391        164.268134            0.006088               1.782451              1.936506               3.727988       0.011897        23.794400
75%    36.25   5.000000          43.357925        165.024425            0.006099               2.214468              2.508338               4.824444       0.011902        23.803200
max    48.00   7.000000          43.664173        166.188934            0.006116               2.676230              3.317889               5.994119       0.011915        23.830400
