Workflow Construction Summary Table
========================================================================================================================

 Comp  Groups Wall Time/Evt (s) CPU Time/Evt (s) Throughput (evt/s) Write Remote (MB/evt) Read Remote (MB/evt) Net Transfer (MB/evt) CPU Cores/Evt Memory/Evt (MB)
    1       1            7.4764          59.8116             0.0167                  0.45                 0.00                  0.45        0.0154           15.36
    2       2            7.3586          58.6648             0.0170                  0.45                 0.06                  0.51        0.0153           15.30
    3       2            7.2399          56.2635             0.0178                  0.45                 0.38                  0.83        0.0149           14.92
    4       2            7.1683          48.9357             0.0204                  2.54                 2.09                  4.63        0.0131           13.99
    5       2            7.1723          44.1456             0.0227                  1.23                 0.78                  2.01        0.0119           10.06
    6       3            7.2332          55.5243             0.0180                  0.45                 0.44                  0.89        0.0147           14.92
    7       3            7.1341          48.7991             0.0205                  2.54                 2.15                  4.69        0.0131           13.93
    8       3            7.1189          43.9322             0.0228                  1.23                 0.84                  2.08        0.0119           10.01
    9       3            7.1087          48.6974             0.0205                  2.54                 2.47                  5.00        0.0131           13.55
   10       3            7.0693          43.7338             0.0229                  1.23                 1.16                  2.39        0.0119            9.62
   11       3            7.0880          43.8085             0.0228                  3.32                 2.87                  6.19        0.0119            9.76
   12       4            7.1020          47.9582             0.0209                  2.54                 2.53                  5.07        0.0129           13.55
   13       4            7.0627          42.9945             0.0233                  1.23                 1.22                  2.45        0.0117            9.62
   14       4            7.0539          43.6720             0.0229                  3.32                 2.93                  6.25        0.0119            9.70
   15       4            7.0284          43.5703             0.0230                  3.32                 3.25                  6.57        0.0119            9.32
   16       5            7.0218          42.8310             0.0233                  3.32                 3.31                  6.63        0.0117            9.32

Summary Statistics:
------------------------------------------------------------------------------------------------------------------------
            Comp     Groups  Wall Time/Evt (s)  CPU Time/Evt (s)  Throughput (evt/s)  Write Remote (MB/evt)  Read Remote (MB/evt)  Net Transfer (MB/evt)  CPU Cores/Evt  Memory/Evt (MB)
count  16.000000  16.000000          16.000000         16.000000           16.000000              16.000000             16.000000              16.000000      16.000000        16.000000
mean    8.500000   3.000000           7.152278         48.333903            0.020964               1.884766              1.655273               3.540039       0.012963        12.058250
std     4.760952   1.032796           0.123691          5.975893            0.002377               1.152134              1.168838               2.312666       0.001371         2.521159
min     1.000000   1.000000           7.021771         42.831010            0.016719               0.449219              0.000000               0.449219       0.011704         9.318000
25%     4.750000   2.000000           7.067644         43.718343            0.019829               1.035156              0.695801               1.730957       0.011896         9.682500
50%     8.500000   3.000000           7.113810         46.051863            0.021752               1.884766              1.655273               3.540039       0.012418        11.806500
75%    12.250000   4.000000           7.187496         50.582821            0.022874               2.734375              2.614746               5.349121       0.013530        14.221750
max    16.000000   5.000000           7.476449         59.811594            0.023348               3.320312              3.310547               6.630859       0.015360        15.360000
