Workflow Construction Summary Table
========================================================================================================================

 Comp  Groups Wall Time/Evt (s) CPU Time/Evt (s) Throughput (evt/s) Write Remote (MB/evt) Read Remote (MB/evt) Net Transfer (MB/evt) CPU Cores/Evt Memory/Evt (MB)
    1       2           44.8128         334.8419             0.0030                  0.89                 0.57                  1.46        0.0471           47.86
    2       2           44.8128         334.8419             0.0030                  0.89                 0.57                  1.46        0.0471           46.66
    3       3           44.8100         334.8410             0.0030                  0.89                 0.72                  1.61        0.0471           47.87
    4       3           44.8100         334.8410             0.0030                  0.89                 0.72                  1.61        0.0471           46.66
    5       3           44.4701         330.8902             0.0030                  0.89                 0.72                  1.61        0.0468           47.49
    6       3           44.4701         330.8902             0.0030                  0.89                 0.72                  1.61        0.0468           46.55
    7       3           44.5908         169.9539             0.0059                  1.50                 1.21                  2.72        0.0239           47.64
    8       3           44.5908         169.9539             0.0059                  1.50                 1.21                  2.72        0.0239           46.44
    9       3           44.1582         324.0358             0.0031                  0.89                 1.13                  2.02        0.0462           46.63
   10       3           44.0681         296.9440             0.0034                  2.06                 1.80                  3.86        0.0424           47.75
   11       3           44.0681         296.9440             0.0034                  2.06                 1.80                  3.86        0.0424           46.55
   12       4           44.4680         330.9056             0.0030                  0.89                 0.87                  1.76        0.0468           47.49
   13       4           44.4680         330.9056             0.0030                  0.89                 0.87                  1.76        0.0468           46.56
   14       4           44.5885         169.9570             0.0059                  1.50                 1.36                  2.87        0.0239           47.64
   15       4           44.5885         169.9570             0.0059                  1.50                 1.36                  2.87        0.0239           46.45
   16       4           44.1558         324.0503             0.0031                  0.89                 1.28                  2.17        0.0462           46.64
   17       4           44.1558         324.0503             0.0031                  0.89                 1.28                  2.17        0.0462           46.63
   18       4           44.2632         168.7164             0.0059                  1.50                 1.37                  2.87        0.0239           47.50
   19       4           44.2632         168.7164             0.0059                  1.50                 1.37                  2.87        0.0239           46.57
   20       4           44.0642         296.9438             0.0034                  2.06                 1.95                  4.01        0.0424           47.75
   21       4           43.9172         167.4537             0.0060                  2.68                 2.45                  5.12        0.0238           47.61
   22       4           44.0642         296.9438             0.0034                  2.06                 1.95                  4.01        0.0424           46.55
   23       4           43.9172         167.4537             0.0060                  2.68                 2.45                  5.12        0.0238           46.42
   24       4           44.0063         296.7377             0.0034                  2.06                 1.95                  4.01        0.0424           47.47
   25       4           44.0063         296.7377             0.0034                  2.06                 1.95                  4.01        0.0424           46.55
   26       4           43.9899         296.6820             0.0034                  2.06                 2.36                  4.43        0.0424           46.53
   27       4           43.9538         167.5512             0.0060                  1.50                 1.78                  3.29        0.0239           46.43
   28       5           44.1631         324.0608             0.0031                  0.89                 1.44                  2.33        0.0462           46.63
   29       5           44.2589         168.7156             0.0059                  1.50                 1.52                  3.02        0.0239           47.50
   30       5           44.2589         168.7156             0.0059                  1.50                 1.52                  3.02        0.0239           46.58
   31       5           43.9227         167.4723             0.0060                  2.68                 2.60                  5.28        0.0238           47.61
   32       5           43.9227         167.4723             0.0060                  2.68                 2.60                  5.28        0.0238           46.41
   33       5           44.0103         296.7445             0.0034                  2.06                 2.11                  4.17        0.0424           47.48
   34       5           44.0103         296.7445             0.0034                  2.06                 2.11                  4.17        0.0424           46.55
   35       5           43.9910         296.6978             0.0034                  2.06                 2.52                  4.58        0.0424           46.54
   36       5           43.9910         296.6978             0.0034                  2.06                 2.52                  4.58        0.0424           46.54
   37       5           43.9572         167.5656             0.0060                  1.50                 1.94                  3.44        0.0239           46.43
   38       5           43.9572         167.5656             0.0060                  1.50                 1.94                  3.44        0.0239           46.42
   39       5           43.8629         167.2479             0.0060                  2.68                 2.60                  5.28        0.0238           47.33
   40       5           43.8629         167.2479             0.0060                  2.68                 2.60                  5.28        0.0238           46.42
   41       5           43.8580         167.2210             0.0060                  2.68                 3.02                  5.69        0.0238           46.41
   42       6           43.9984         296.7142             0.0034                  2.06                 2.67                  4.73        0.0424           46.54
   43       6           43.9562         167.5710             0.0060                  1.50                 2.09                  3.59        0.0239           46.43
   44       6           43.8700         167.2696             0.0060                  2.68                 2.76                  5.43        0.0238           47.34
   45       6           43.8700         167.2696             0.0060                  2.68                 2.76                  5.43        0.0238           46.42
   46       6           43.8588         167.2302             0.0060                  2.68                 3.17                  5.85        0.0238           46.42
   47       6           43.8588         167.2302             0.0060                  2.68                 3.17                  5.85        0.0238           46.41
   48       7           43.8694         167.2590             0.0060                  2.68                 3.33                  6.00        0.0239           46.42

Summary Statistics:
------------------------------------------------------------------------------------------------------------------------
        Comp     Groups  Wall Time/Evt (s)  CPU Time/Evt (s)  Throughput (evt/s)  Write Remote (MB/evt)  Read Remote (MB/evt)  Net Transfer (MB/evt)  CPU Cores/Evt  Memory/Evt (MB)
count  48.00  48.000000          48.000000         48.000000           48.000000              48.000000             48.000000              48.000000      48.000000        48.000000
mean   24.50   4.333333          44.163351        240.696932            0.004576               1.782451              1.849327               3.631778       0.034217        46.868975
std    14.00   1.117241           0.298802         74.419721            0.001396               0.668887              0.762533               1.404148       0.010572         0.522220
min     1.00   2.000000          43.857977        167.220976            0.002986               0.888672              0.566456               1.455127       0.023844        46.410600
25%    12.75   4.000000          43.946040        167.531444            0.003297               1.350435              1.282722               2.621272       0.023854        46.436350
50%    24.50   4.000000          44.037234        233.319494            0.004627               1.782451              1.935886               3.728035       0.033186        46.567100
75%    36.25   5.000000          44.314440        303.716934            0.005969               2.214468              2.516912               4.830942       0.043396        47.480300
max    48.00   7.000000          44.812768        334.841861            0.005980               2.676230              3.325614               6.001844       0.047062        47.867200
