Workflow Construction Summary Table
========================================================================================================================

 Comp  Groups Wall Time/Evt (s) CPU Time/Evt (s) Throughput (evt/s) Write Remote (MB/evt) Read Remote (MB/evt) Net Transfer (MB/evt) CPU Cores/Evt Memory/Evt (MB)
    1       1            9.6867          75.5956             0.0132                  0.45                 0.00                  0.45        0.0647           64.71
    2       2            9.1904          71.5008             0.0140                  0.45                 0.07                  0.51        0.0644           64.45
    3       2            8.6915          65.9475             0.0152                  0.45                 0.39                  0.84        0.0628           62.82
    4       2            8.4138          55.7100             0.0180                  2.54                 2.14                  4.68        0.0553           58.92
    5       2            8.4146          49.4952             0.0202                  1.23                 0.80                  2.03        0.0501           42.39
    6       3            8.6643          65.0692             0.0154                  0.45                 0.45                  0.90        0.0620           62.83
    7       3            8.2714          55.1545             0.0181                  2.54                 2.21                  4.75        0.0553           58.70
    8       3            8.1901          48.6193             0.0206                  1.23                 0.87                  2.10        0.0501           42.13
    9       3            8.1656          54.7435             0.0183                  2.54                 2.53                  5.07        0.0553           57.06
   10       3            7.9830          47.8122             0.0209                  1.23                 1.19                  2.42        0.0501           40.52
   11       3            8.0860          48.2144             0.0207                  3.32                 2.95                  6.27        0.0501           41.07
   12       4            8.1383          53.8651             0.0186                  2.54                 2.59                  5.13        0.0545           57.08
   13       4            7.9557          46.9307             0.0213                  1.23                 1.25                  2.48        0.0493           40.51
   14       4            7.9428          47.6560             0.0210                  3.32                 3.01                  6.33        0.0501           40.86
   15       4            7.8374          47.2448             0.0212                  3.32                 3.33                  6.65        0.0501           39.22
   16       5            7.8100          46.3630             0.0216                  3.32                 3.40                  6.72        0.0493           39.22

Summary Statistics:
------------------------------------------------------------------------------------------------------------------------
            Comp     Groups  Wall Time/Evt (s)  CPU Time/Evt (s)  Throughput (evt/s)  Write Remote (MB/evt)  Read Remote (MB/evt)  Net Transfer (MB/evt)  CPU Cores/Evt  Memory/Evt (MB)
count  16.000000  16.000000          16.000000         16.000000           16.000000              16.000000             16.000000              16.000000      16.000000        16.000000
mean    8.500000   3.000000           8.340099         54.995103            0.018632               1.884738              1.698293               3.583031       0.054620        50.781175
std     4.760952   1.032796           0.510277          9.458999            0.002804               1.152105              1.199190               2.342883       0.005765        10.629704
min     1.000000   1.000000           7.810006         46.362956            0.013228               0.449208              0.000000               0.449219       0.049322        39.219600
25%     4.750000   2.000000           7.976190         47.773141            0.017305               1.035156              0.713906               1.749059       0.050136        40.775600
50%     8.500000   3.000000           8.177848         51.680121            0.019384               1.884727              1.698209               3.582936       0.052327        49.726100
75%    12.250000   4.000000           8.476985         58.049754            0.020932               2.734290              2.682509               5.416884       0.056996        59.893450
max    16.000000   5.000000           9.686695         75.595629            0.021569               3.320312              3.396846               6.717159       0.064709        64.708800
