Workflow Construction Summary Table
========================================================================================================================

 Comp  Groups Wall Time/Evt (s) CPU Time/Evt (s) Throughput (evt/s) Write Remote (MB/evt) Read Remote (MB/evt) Net Transfer (MB/evt) CPU Cores/Evt Memory/Evt (MB)
    1       1            6.9720         446.2109             0.0022                  0.45                 0.00                  0.45        0.0154           15.36
    2       2            6.9573         442.2590             0.0023                  0.45                 0.06                  0.51        0.0152           15.25
    3       2            6.9424         420.2128             0.0024                  0.45                 0.38                  0.83        0.0145           14.60
    4       2            6.9340         203.8748             0.0049                  1.23                 0.78                  2.01        0.0070            7.18
    5       2            6.9336         168.1885             0.0059                  2.54                 2.09                  4.63        0.0058            7.22
    6       3            6.9417         420.2097             0.0024                  0.45                 0.44                  0.89        0.0145           14.61
    7       3            6.9273         200.4374             0.0050                  1.23                 0.84                  2.08        0.0069            7.06
    8       3            6.9293         164.9048             0.0061                  2.54                 2.15                  4.69        0.0057            7.10
    9       3            6.9211         178.9442             0.0056                  1.23                 1.16                  2.39        0.0062            6.42
   10       3            6.9261         143.6036             0.0070                  2.54                 2.47                  5.00        0.0050            6.46
   11       3            6.9235         141.4517             0.0071                  3.32                 2.87                  6.19        0.0049            5.37
   12       4            6.9203         178.9411             0.0056                  1.23                 1.22                  2.45        0.0062            6.43
   13       4            6.9253         143.6005             0.0070                  2.54                 2.53                  5.07        0.0050            6.47
   14       4            6.9192         138.1680             0.0072                  3.32                 2.93                  6.25        0.0048            5.26
   15       4            6.9160         116.8667             0.0086                  3.32                 3.25                  6.57        0.0041            4.61
   16       5            6.9152         116.8636             0.0086                  3.32                 3.31                  6.63        0.0041            4.62

Summary Statistics:
------------------------------------------------------------------------------------------------------------------------
            Comp     Groups  Wall Time/Evt (s)  CPU Time/Evt (s)  Throughput (evt/s)  Write Remote (MB/evt)  Read Remote (MB/evt)  Net Transfer (MB/evt)  CPU Cores/Evt  Memory/Evt (MB)
count  16.000000  16.000000          16.000000         16.000000           16.000000              16.000000             16.000000              16.000000      16.000000        16.000000
mean    8.500000   3.000000           6.931517        226.546077            0.005481               1.884766              1.655273               3.540039       0.007845         8.375500
std     4.760952   1.032796           0.015471        125.326553            0.002163               1.152134              1.168838               2.312666       0.004303         4.014944
min     1.000000   1.000000           6.915183        116.863641            0.002241               0.449219              0.000000               0.449219       0.004084         4.612000
25%     4.750000   2.000000           6.920925        143.063260            0.004274               1.035156              0.695801               1.730957       0.004987         6.157000
50%     8.500000   3.000000           6.926694        173.564806            0.005767               1.884766              1.655273               3.540039       0.006026         6.765000
75%    12.250000   4.000000           6.935948        257.958498            0.006990               2.734375              2.614746               5.349121       0.008913         9.063000
max    16.000000   5.000000           6.972045        446.210875            0.008557               3.320312              3.310547               6.630859       0.015360        15.360000
