Workflow Construction Summary Table
========================================================================================================================

 Comp  Groups Wall Time/Evt (s) CPU Time/Evt (s) Throughput (evt/s) Write Remote (MB/evt) Read Remote (MB/evt) Net Transfer (MB/evt) CPU Cores/Evt Memory/Evt (MB)
    1       1            9.3689         519.7083             0.0019                  0.45                 0.00                  0.45        0.0069            6.92
    2       2            9.3637         515.7909             0.0019                  0.44                 0.06                  0.51        0.0069            6.90
    3       2            9.3586         491.8286             0.0020                  0.44                 0.43                  0.87        0.0066            6.60
    4       2            9.3370         232.4212             0.0043                  1.22                 0.89                  2.11        0.0030            3.11
    5       2            9.4212         197.3951             0.0051                  2.54                 2.46                  5.00        0.0027            3.29
    6       3            9.3680         491.3620             0.0020                  0.45                 0.52                  0.97        0.0066            6.60
    7       3            9.3205         228.0892             0.0044                  1.22                 0.96                  2.18        0.0030            3.08
    8       3            9.4473         195.7207             0.0051                  2.54                 2.56                  5.10        0.0027            3.29
    9       3            9.4205         208.7578             0.0048                  1.23                 1.34                  2.57        0.0028            2.91
   10       3            9.3605         166.8514             0.0060                  2.53                 2.86                  5.40        0.0023            2.92
   11       3            9.3719         165.1753             0.0061                  3.31                 3.33                  6.65        0.0022            2.42
   12       4            9.3823         204.4932             0.0049                  1.23                 1.44                  2.66        0.0027            2.84
   13       4            9.3742         166.1009             0.0060                  2.53                 2.92                  5.46        0.0022            2.88
   14       4            9.3274         159.3901             0.0063                  3.28                 3.37                  6.65        0.0021            2.33
   15       4            9.3377         129.7273             0.0077                  3.27                 3.69                  6.96        0.0017            1.94
   16       5            9.3564         132.7877             0.0075                  3.28                 3.81                  7.09        0.0018            2.01

Summary Statistics:
------------------------------------------------------------------------------------------------------------------------
            Comp     Groups  Wall Time/Evt (s)  CPU Time/Evt (s)  Throughput (evt/s)  Write Remote (MB/evt)  Read Remote (MB/evt)  Net Transfer (MB/evt)  CPU Cores/Evt  Memory/Evt (MB)
count  16.000000  16.000000          16.000000         16.000000           16.000000              16.000000             16.000000              16.000000      16.000000        16.000000
mean    8.500000   3.000000           9.369764        262.849979            0.004753               1.872158              1.916258               3.788416       0.003510         3.752750
std     4.760952   1.032796           0.034801        147.268210            0.001913               1.142469              1.348527               2.482318       0.001964         1.836216
min     1.000000   1.000000           9.320544        129.727290            0.001924               0.444056              0.000000               0.445844       0.001692         1.940800
25%     4.750000   2.000000           9.351722        165.869512            0.003736               1.024796              0.801936               1.828599       0.002224         2.733700
50%     8.500000   3.000000           9.365866        200.944152            0.004978               1.879950              1.948315               3.828734       0.002699         2.998200
75%    12.250000   4.000000           9.376215        297.156421            0.006029               2.722585              3.026768               5.754584       0.003922         4.114200
max    16.000000   5.000000           9.447315        519.708307            0.007708               3.312879              3.812495               7.092873       0.006925         6.924800
