Workflow Construction Summary Table
========================================================================================================================

 Comp  Groups Wall Time/Evt (s) CPU Time/Evt (s) Throughput (evt/s) Write Remote (MB/evt) Read Remote (MB/evt) Net Transfer (MB/evt) CPU Cores/Evt Memory/Evt (MB)
    1       1            9.5186          66.1506             0.0151                  0.45                 0.00                  0.45        0.0052            5.18
    2       2            9.4829          65.9518             0.0152                  0.45                 0.06                  0.51        0.0052            5.20
    3       2            9.3901          65.2411             0.0153                  0.45                 0.42                  0.86        0.0052            5.17
    4       2            9.5113          66.0357             0.0151                  2.54                 2.45                  4.99        0.0052            5.22
    5       2            9.4215          65.4634             0.0153                  1.22                 0.90                  2.12        0.0052            5.18
    6       3            9.3938          65.2520             0.0153                  0.45                 0.50                  0.94        0.0052            5.18
    7       3            9.4708          65.8424             0.0152                  2.54                 2.51                  5.04        0.0052            5.22
    8       3            9.3827          65.2583             0.0153                  1.22                 0.97                  2.19        0.0052            5.20
    9       3            9.4367          65.5766             0.0152                  2.52                 2.85                  5.37        0.0052            5.20
   10       3            9.3829          65.1640             0.0153                  1.22                 1.33                  2.55        0.0052            5.22
   11       3            9.4440          65.6908             0.0152                  3.29                 3.33                  6.62        0.0052            5.24
   12       4            9.4450          65.6057             0.0152                  2.52                 2.92                  5.45        0.0052            5.23
   13       4            9.3899          65.1866             0.0153                  1.22                 1.39                  2.61        0.0052            5.23
   14       4            9.4840          65.9348             0.0152                  3.32                 3.45                  6.77        0.0052            5.24
   15       4            9.4394          65.6278             0.0152                  3.31                 3.80                  7.12        0.0052            5.24
   16       5            9.4662          65.6731             0.0152                  3.31                 3.89                  7.20        0.0053            5.30

Summary Statistics:
------------------------------------------------------------------------------------------------------------------------
            Comp     Groups  Wall Time/Evt (s)  CPU Time/Evt (s)  Throughput (evt/s)  Write Remote (MB/evt)  Read Remote (MB/evt)  Net Transfer (MB/evt)  CPU Cores/Evt  Memory/Evt (MB)
count  16.000000  16.000000          16.000000         16.000000           16.000000              16.000000             16.000000              16.000000      16.000000        16.000000
mean    8.500000   3.000000           9.441234         65.603415            0.015243               1.876671              1.923295               3.799966       0.005217         5.217000
std     4.760952   1.032796           0.045247          0.321329            0.000075               1.149248              1.370933               2.511637       0.000033         0.032904
min     1.000000   1.000000           9.382746         65.163961            0.015117               0.445055              0.000000               0.447345       0.005168         5.168000
25%     4.750000   2.000000           9.392885         65.256712            0.015182               1.027477              0.800369               1.828479       0.005196         5.196000
50%     8.500000   3.000000           9.441693         65.616754            0.015240               1.872930              1.919763               3.798424       0.005220         5.220000
75%    12.250000   4.000000           9.473858         65.865489            0.015324               2.724370              3.024813               5.739861       0.005234         5.234000
max    16.000000   5.000000           9.518558         66.150577            0.015346               3.320312              3.888253               7.199261       0.005304         5.304000
