Workflow Construction Summary Table
========================================================================================================================

 Comp  Groups Wall Time/Evt (s) CPU Time/Evt (s) Throughput (evt/s) Write Remote (MB/evt) Read Remote (MB/evt) Net Transfer (MB/evt) CPU Cores/Evt Memory/Evt (MB)
    1       1            7.8350          61.2434             0.0163                  0.45                 0.00                  0.45        0.0161           16.09
    2       2            7.7111          60.2768             0.0166                  0.45                 0.06                  0.51        0.0161           16.09
    3       2            7.5145          58.7395             0.0170                  1.23                 0.80                  2.03        0.0161           16.08
    4       2            7.5852          59.2966             0.0169                  0.45                 0.39                  0.84        0.0161           16.09
    5       2            7.5077          58.6867             0.0170                  2.54                 2.14                  4.68        0.0161           16.08
    6       3            7.5782          59.2421             0.0169                  0.45                 0.45                  0.90        0.0161           16.10
    7       3            7.4586          58.3025             0.0172                  1.23                 0.87                  2.10        0.0161           16.08
    8       3            7.4222          58.0184             0.0172                  3.32                 2.94                  6.26        0.0161           16.08
    9       3            7.4718          58.4067             0.0171                  2.54                 2.20                  4.74        0.0161           16.09
   10       3            7.4448          58.1952             0.0172                  2.54                 2.53                  5.06        0.0161           16.08
   11       3            7.4059          57.8921             0.0173                  1.23                 1.19                  2.42        0.0161           16.08
   12       4            7.4371          58.1379             0.0172                  2.54                 2.59                  5.13        0.0161           16.09
   13       4            7.3985          57.8356             0.0173                  1.23                 1.25                  2.48        0.0161           16.08
   14       4            7.3864          57.7386             0.0173                  3.32                 3.01                  6.33        0.0161           16.08
   15       4            7.3573          57.5191             0.0174                  3.32                 3.32                  6.64        0.0161           16.08
   16       5            7.3513          57.4683             0.0174                  3.32                 3.39                  6.71        0.0161           16.08

Summary Statistics:
------------------------------------------------------------------------------------------------------------------------
            Comp     Groups  Wall Time/Evt (s)  CPU Time/Evt (s)  Throughput (evt/s)  Write Remote (MB/evt)  Read Remote (MB/evt)  Net Transfer (MB/evt)  CPU Cores/Evt  Memory/Evt (MB)
count  16.000000  16.000000          16.000000         16.000000           16.000000              16.000000             16.000000              16.000000      16.000000        16.000000
mean    8.500000   3.000000           7.491606         58.562474            0.017081               1.884766              1.695168               3.579933       0.016085        16.085100
std     4.760952   1.032796           0.131498          1.026941            0.000293               1.152134              1.196954               2.340678       0.000006         0.005964
min     1.000000   1.000000           7.351312         57.468317            0.016328               0.449219              0.000000               0.449219       0.016077        16.076800
25%     4.750000   2.000000           7.404094         57.877947            0.016988               1.035156              0.712732               1.747888       0.016082        16.081600
50%     8.500000   3.000000           7.451695         58.248891            0.017168               1.884766              1.694723               3.579488       0.016083        16.083200
75%    12.250000   4.000000           7.530446         58.865142            0.017278               2.734375              2.678003               5.412378       0.016088        16.087600
max    16.000000   5.000000           7.834977         61.243367            0.017401               3.320312              3.390064               6.710376       0.016098        16.097600
