Workflow Construction Summary Table
========================================================================================================================

 Comp  Groups Wall Time/Evt (s) CPU Time/Evt (s) Throughput (evt/s) Write Remote (MB/evt) Read Remote (MB/evt) Net Transfer (MB/evt) CPU Cores/Evt Memory/Evt (MB)
    1       1            7.8208         473.5118             0.0021                  0.45                 0.00                  0.45        0.0172           17.22
    2       2            7.8342         470.4347             0.0021                  0.45                 0.06                  0.51        0.0172           17.19
    3       2            7.8211         446.5633             0.0022                  0.45                 0.40                  0.85        0.0163           16.44
    4       2            7.8243         215.2141             0.0046                  1.23                 0.82                  2.05        0.0078            7.98
    5       2            7.8528         179.2079             0.0056                  2.54                 2.20                  4.73        0.0065            8.03
    6       3            7.8209         446.5625             0.0022                  0.45                 0.47                  0.92        0.0163           16.45
    7       3            7.8178         211.7608             0.0047                  1.23                 0.89                  2.12        0.0078            7.96
    8       3            7.8259         173.9349             0.0057                  2.54                 2.25                  4.79        0.0063            7.88
    9       3            7.8143         188.4668             0.0053                  1.23                 1.22                  2.45        0.0069            7.13
   10       3            7.8488         152.8313             0.0065                  2.54                 2.59                  5.13        0.0056            7.25
   11       3            7.8301         150.5576             0.0066                  3.32                 3.01                  6.33        0.0056            6.05
   12       4            7.8141         188.4664             0.0053                  1.23                 1.29                  2.52        0.0069            7.15
   13       4            7.8486         152.8304             0.0065                  2.54                 2.65                  5.19        0.0056            7.26
   14       4            7.8348         147.2493             0.0068                  3.32                 3.08                  6.40        0.0054            5.89
   15       4            7.8257         125.9122             0.0079                  3.32                 3.41                  6.73        0.0047            5.25
   16       5            7.8256         125.9117             0.0079                  3.32                 3.47                  6.79        0.0047            5.27

Summary Statistics:
------------------------------------------------------------------------------------------------------------------------
            Comp     Groups  Wall Time/Evt (s)  CPU Time/Evt (s)  Throughput (evt/s)  Write Remote (MB/evt)  Read Remote (MB/evt)  Net Transfer (MB/evt)  CPU Cores/Evt  Memory/Evt (MB)
count  16.000000  16.000000          16.000000         16.000000           16.000000              16.000000             16.000000              16.000000      16.000000        16.000000
mean    8.500000   3.000000           7.828740        240.588478            0.005152               1.884766              1.738434               3.623199       0.008792         9.399250
std     4.760952   1.032796           0.012155        133.059898            0.002012               1.152134              1.224457               2.367788       0.004847         4.520445
min     1.000000   1.000000           7.814126        125.911667            0.002112               0.449219              0.000000               0.449219       0.004655         5.246000
25%     4.750000   2.000000           7.820876        152.262190            0.004045               1.035156              0.734177               1.769333       0.005582         6.857500
50%     8.500000   3.000000           7.825642        183.837108            0.005443               1.884766              1.742155               3.626921       0.006677         7.572000
75%    12.250000   4.000000           7.834374        273.051228            0.006568               2.734375              2.742648               5.477023       0.009955        10.133000
max    16.000000   5.000000           7.852751        473.511850            0.007942               3.320312              3.473547               6.793860       0.017216        17.216000
