Workflow Construction Summary Table
========================================================================================================================

 Comp  Groups Wall Time/Evt (s) CPU Time/Evt (s) Throughput (evt/s) Write Remote (MB/evt) Read Remote (MB/evt) Net Transfer (MB/evt) CPU Cores/Evt Memory/Evt (MB)
    1       2           51.4624        2802.5990             0.0004                  0.89                 0.61                  1.50        0.0735           73.72
    2       2           51.4624        2802.5990             0.0004                  0.89                 0.61                  1.50        0.0735           73.72
    3       3           51.4302        2800.4617             0.0004                  0.89                 0.78                  1.67        0.0734           73.60
    4       3           51.4302        2800.4617             0.0004                  0.89                 0.78                  1.67        0.0734           73.60
    5       3           51.3486        2774.6975             0.0004                  0.89                 0.79                  1.68        0.0728           73.02
    6       3           51.3486        2774.6975             0.0004                  0.89                 0.79                  1.68        0.0728           73.02
    7       3           51.3029        2791.6226             0.0004                  1.50                 1.34                  2.84        0.0732           73.41
    8       3           51.3029        2791.6226             0.0004                  1.50                 1.34                  2.84        0.0732           73.41
    9       3           51.2926        2701.4826             0.0004                  0.89                 1.25                  2.13        0.0710           71.45
   10       3           51.2432         832.0808             0.0012                  2.06                 1.98                  4.04        0.0219           29.53
   11       3           51.2432         832.0808             0.0012                  2.06                 1.98                  4.04        0.0219           29.53
   12       4           51.3564        2774.7388             0.0004                  0.89                 0.95                  1.84        0.0728           73.01
   13       4           51.3564        2774.7388             0.0004                  0.89                 0.95                  1.84        0.0728           73.01
   14       4           51.3137        2792.7733             0.0004                  1.50                 1.49                  3.00        0.0733           73.47
   15       4           51.3137        2792.7733             0.0004                  1.50                 1.49                  3.00        0.0733           73.47
   16       4           51.2839        2702.7847             0.0004                  0.89                 1.40                  2.28        0.0711           71.49
   17       4           51.2839        2702.7847             0.0004                  0.89                 1.40                  2.28        0.0711           71.49
   18       4           51.1959        2765.1115             0.0004                  1.50                 1.50                  3.01        0.0726           72.83
   19       4           51.1959        2765.1115             0.0004                  1.50                 1.50                  3.01        0.0726           72.83
   20       4           51.2084         829.9690             0.0012                  2.06                 2.15                  4.21        0.0219           29.44
   21       4           51.0195         688.3084             0.0015                  2.68                 2.69                  5.36        0.0181           29.33
   22       4           51.2084         829.9690             0.0012                  2.06                 2.15                  4.21        0.0219           29.44
   23       4           51.0195         688.3084             0.0015                  2.68                 2.69                  5.36        0.0181           29.33
   24       4           51.2204         808.1854             0.0012                  2.06                 2.15                  4.21        0.0213           28.94
   25       4           51.2204         808.1854             0.0012                  2.06                 2.15                  4.21        0.0213           28.94
   26       4           51.0812         732.5387             0.0014                  2.06                 2.59                  4.65        0.0192           27.05
   27       4           51.1514        2695.0571             0.0004                  1.50                 1.95                  3.45        0.0709           71.32
   28       5           51.2866        2700.9943             0.0004                  0.89                 1.57                  2.46        0.0710           71.38
   29       5           51.1640        2765.1079             0.0004                  1.50                 1.65                  3.16        0.0726           72.81
   30       5           51.1640        2765.1079             0.0004                  1.50                 1.65                  3.16        0.0726           72.81
   31       5           51.0180         686.9907             0.0015                  2.68                 2.86                  5.54        0.0180           29.22
   32       5           51.0180         686.9907             0.0015                  2.68                 2.86                  5.54        0.0180           29.22
   33       5           51.1933         806.4860             0.0012                  2.06                 2.32                  4.38        0.0213           28.82
   34       5           51.1933         806.4860             0.0012                  2.06                 2.32                  4.38        0.0213           28.82
   35       5           51.0797         732.3009             0.0014                  2.06                 2.76                  4.82        0.0192           27.03
   36       5           51.0797         732.3009             0.0014                  2.06                 2.76                  4.82        0.0192           27.03
   37       5           51.2173        2695.7090             0.0004                  1.50                 2.12                  3.62        0.0709           71.34
   38       5           51.2173        2695.7090             0.0004                  1.50                 2.12                  3.62        0.0709           71.34
   39       5           51.0761         667.8826             0.0015                  2.68                 2.85                  5.52        0.0176           28.89
   40       5           51.0761         667.8826             0.0015                  2.68                 2.85                  5.52        0.0176           28.89
   41       5           51.0226         599.5393             0.0017                  2.68                 3.32                  6.00        0.0159           27.33
   42       6           51.0804         731.8366             0.0014                  2.06                 2.92                  4.98        0.0192           26.98
   43       6           51.2228        2694.4702             0.0004                  1.50                 2.29                  3.80        0.0709           71.26
   44       6           51.0271         665.2260             0.0015                  2.68                 3.02                  5.69        0.0175           28.72
   45       6           51.0271         665.2260             0.0015                  2.68                 3.02                  5.69        0.0175           28.72
   46       6           50.9143         596.9665             0.0017                  2.68                 3.46                  6.14        0.0158           27.17
   47       6           50.9143         596.9665             0.0017                  2.68                 3.46                  6.14        0.0158           27.17
   48       7           50.9799         597.1343             0.0017                  2.68                 3.64                  6.32        0.0158           27.18

Summary Statistics:
------------------------------------------------------------------------------------------------------------------------
        Comp     Groups  Wall Time/Evt (s)  CPU Time/Evt (s)  Throughput (evt/s)  Write Remote (MB/evt)  Read Remote (MB/evt)  Net Transfer (MB/evt)  CPU Cores/Evt  Memory/Evt (MB)
count  48.00  48.000000          48.000000         48.000000           48.000000              48.000000             48.000000              48.000000      48.000000        48.000000
mean   24.50   4.333333          51.193091       1737.772029            0.000884               1.782451              2.025783               3.808235       0.045654        50.532475
std    14.00   1.117241           0.141790       1030.170678            0.000539               0.668887              0.837788               1.478807       0.027010        22.339681
min     1.00   2.000000          50.914298        596.966470            0.000357               0.888672              0.611831               1.500503       0.015762        26.979200
25%    12.75   4.000000          51.078827        720.954575            0.000361               1.350435              1.395575               2.745658       0.018923        28.874100
50%    24.50   4.000000          51.208351       1763.275515            0.000786               1.782451              2.119994               3.917833       0.046397        50.397800
75%    36.25   5.000000          51.295152       2767.508018            0.001388               2.214468              2.757230               5.075228       0.072656        72.877250
max    48.00   7.000000          51.462446       2802.598966            0.001675               2.676230              3.642828               6.319058       0.073488        73.723200
