Workflow Construction Summary Table
========================================================================================================================

 Comp  Groups Wall Time/Evt (s) CPU Time/Evt (s) Throughput (evt/s) Write Remote (MB/evt) Read Remote (MB/evt) Net Transfer (MB/evt) CPU Cores/Evt Memory/Evt (MB)
    1       2           40.8330        2472.5267             0.0004                  0.89                 0.54                  1.43        0.0581           58.26
    2       2           40.8330        2472.5267             0.0004                  0.89                 0.54                  1.43        0.0581           58.26
    3       3           40.8467        2471.3507             0.0004                  0.89                 0.69                  1.58        0.0580           58.19
    4       3           40.8467        2471.3507             0.0004                  0.89                 0.69                  1.58        0.0580           58.19
    5       3           40.7941        2449.1767             0.0004                  0.89                 0.70                  1.59        0.0576           57.77
    6       3           40.7941        2449.1767             0.0004                  0.89                 0.70                  1.59        0.0576           57.77
    7       3           40.9366        2471.5334             0.0004                  1.50                 1.18                  2.68        0.0580           58.17
    8       3           40.9366        2471.5334             0.0004                  1.50                 1.18                  2.68        0.0580           58.17
    9       3           40.8006        2384.5080             0.0004                  0.89                 1.10                  1.99        0.0562           56.53
   10       3           40.9456         747.0194             0.0013                  2.06                 1.75                  3.81        0.0173           23.35
   11       3           40.9456         747.0194             0.0013                  2.06                 1.75                  3.81        0.0173           23.35
   12       4           40.8079        2447.9735             0.0004                  0.89                 0.85                  1.74        0.0575           57.69
   13       4           40.8079        2447.9735             0.0004                  0.89                 0.85                  1.74        0.0575           57.69
   14       4           40.9505        2470.6329             0.0004                  1.50                 1.33                  2.83        0.0580           58.12
   15       4           40.9505        2470.6329             0.0004                  1.50                 1.33                  2.83        0.0580           58.12
   16       4           40.8047        2383.5603             0.0004                  0.89                 1.25                  2.14        0.0561           56.47
   17       4           40.8047        2383.5603             0.0004                  0.89                 1.25                  2.14        0.0561           56.47
   18       4           40.9057        2447.9345             0.0004                  1.50                 1.33                  2.84        0.0575           57.72
   19       4           40.9057        2447.9345             0.0004                  1.50                 1.33                  2.84        0.0575           57.72
   20       4           40.9586         746.0958             0.0013                  2.06                 1.90                  3.96        0.0173           23.30
   21       4           41.0240         623.0128             0.0016                  2.68                 2.38                  5.05        0.0144           23.30
   22       4           40.9586         746.0958             0.0013                  2.06                 1.90                  3.96        0.0173           23.30
   23       4           41.0240         623.0128             0.0016                  2.68                 2.38                  5.05        0.0144           23.30
   24       4           40.9320         726.3756             0.0014                  2.06                 1.90                  3.96        0.0169           22.88
   25       4           40.9320         726.3756             0.0014                  2.06                 1.90                  3.96        0.0169           22.88
   26       4           40.9836         663.3325             0.0015                  2.06                 2.30                  4.36        0.0154           21.60
   27       4           40.8685        2382.5200             0.0004                  1.50                 1.73                  3.23        0.0560           56.40
   28       5           40.8339        2382.6629             0.0004                  0.89                 1.40                  2.29        0.0561           56.42
   29       5           40.9043        2446.6820             0.0004                  1.50                 1.48                  2.98        0.0575           57.65
   30       5           40.9043        2446.6820             0.0004                  1.50                 1.48                  2.98        0.0575           57.65
   31       5           41.0368         622.3771             0.0016                  2.68                 2.53                  5.20        0.0144           23.26
   32       5           41.0368         622.3771             0.0016                  2.68                 2.53                  5.20        0.0144           23.26
   33       5           40.9451         725.4737             0.0014                  2.06                 2.04                  4.10        0.0168           22.82
   34       5           40.9451         725.4737             0.0014                  2.06                 2.04                  4.10        0.0168           22.82
   35       5           40.9785         662.6470             0.0015                  2.06                 2.45                  4.51        0.0154           21.55
   36       5           40.9785         662.6470             0.0015                  2.06                 2.45                  4.51        0.0154           21.55
   37       5           40.8781        2381.8440             0.0004                  1.50                 1.88                  3.38        0.0560           56.35
   38       5           40.8781        2381.8440             0.0004                  1.50                 1.88                  3.38        0.0560           56.35
   39       5           41.0288         602.6865             0.0017                  2.68                 2.53                  5.20        0.0139           22.85
   40       5           41.0288         602.6865             0.0017                  2.68                 2.53                  5.20        0.0139           22.85
   41       5           41.0609         540.1057             0.0019                  2.68                 2.93                  5.60        0.0125           21.59
   42       6           40.9867         661.4490             0.0015                  2.06                 2.60                  4.66        0.0154           21.48
   43       6           40.8939        2380.9214             0.0004                  1.50                 2.03                  3.53        0.0560           56.30
   44       6           41.0416         602.0505             0.0017                  2.68                 2.68                  5.35        0.0139           22.80
   45       6           41.0416         602.0505             0.0017                  2.68                 2.68                  5.35        0.0139           22.80
   46       6           41.0745         539.1763             0.0019                  2.68                 3.08                  5.75        0.0125           21.51
   47       6           41.0745         539.1763             0.0019                  2.68                 3.08                  5.75        0.0125           21.51
   48       7           41.0810         538.2303             0.0019                  2.68                 3.23                  5.90        0.0124           21.45

Summary Statistics:
------------------------------------------------------------------------------------------------------------------------
        Comp     Groups  Wall Time/Evt (s)  CPU Time/Evt (s)  Throughput (evt/s)  Write Remote (MB/evt)  Read Remote (MB/evt)  Net Transfer (MB/evt)  CPU Cores/Evt  Memory/Evt (MB)
count  48.00  48.000000          48.000000         48.000000           48.000000              48.000000             48.000000              48.000000      48.000000        48.000000
mean   24.50   4.333333          40.932568       1541.958100            0.000984               1.782451              1.795493               3.577944       0.036134        39.996192
std    14.00   1.117241           0.086355        903.365494            0.000593               0.668887              0.741211               1.383051       0.021337        17.640337
min     1.00   2.000000          40.794141        538.230267            0.000404               0.888672              0.544249               1.432921       0.012432        21.451600
25%    12.75   4.000000          40.863062        651.839926            0.000409               1.350435              1.246713               2.582757       0.015115        22.841200
50%    24.50   4.000000          40.940859       1563.970401            0.000879               1.782451              1.878069               3.670266       0.036669        39.824200
75%    36.25   5.000000          40.996062       2447.944260            0.001535               2.214468              2.446627               4.756382       0.057530        57.701400
max    48.00   7.000000          41.081031       2472.526725            0.001858               2.676230              3.227041               5.903271       0.058071        58.259600
