Workflow Construction Summary Table
========================================================================================================================

 Comp  Groups Wall Time/Evt (s) CPU Time/Evt (s) Throughput (evt/s) Write Remote (MB/evt) Read Remote (MB/evt) Net Transfer (MB/evt) CPU Cores/Evt Memory/Evt (MB)
    1       1            7.7893          59.3388             0.0169                  0.45                 0.00                  0.45        0.0042            4.24
    2       2            7.7578          58.8880             0.0170                  0.45                 0.07                  0.51        0.0042            4.22
    3       2            7.7313          57.1655             0.0175                  0.45                 0.40                  0.85        0.0041            4.12
    4       2            7.7528          50.3857             0.0198                  2.54                 2.21                  4.75        0.0036            3.87
    5       2            7.7254          45.5495             0.0220                  1.23                 0.82                  2.05        0.0033            2.78
    6       3            7.7289          56.4010             0.0177                  0.45                 0.47                  0.92        0.0041            4.12
    7       3            7.7415          50.3472             0.0199                  2.54                 2.28                  4.81        0.0036            3.85
    8       3            7.7115          45.4847             0.0220                  1.23                 0.89                  2.12        0.0033            2.77
    9       3            7.7354          50.3227             0.0199                  2.54                 2.61                  5.14        0.0036            3.75
   10       3            7.6974          45.4377             0.0220                  1.23                 1.22                  2.45        0.0033            2.66
   11       3            7.7471          45.6265             0.0219                  3.32                 3.02                  6.34        0.0033            2.70
   12       4            7.7355          49.5856             0.0202                  2.54                 2.67                  5.21        0.0036            3.75
   13       4            7.6955          44.6763             0.0224                  1.23                 1.28                  2.51        0.0032            2.66
   14       4            7.7383          45.5989             0.0219                  3.32                 3.09                  6.41        0.0033            2.69
   15       4            7.7280          45.5717             0.0219                  3.32                 3.42                  6.74        0.0033            2.58
   16       5            7.7301          44.8270             0.0223                  3.32                 3.48                  6.80        0.0032            2.58

Summary Statistics:
------------------------------------------------------------------------------------------------------------------------
            Comp     Groups  Wall Time/Evt (s)  CPU Time/Evt (s)  Throughput (evt/s)  Write Remote (MB/evt)  Read Remote (MB/evt)  Net Transfer (MB/evt)  CPU Cores/Evt  Memory/Evt (MB)
count  16.000000  16.000000          16.000000         16.000000           16.000000              16.000000             16.000000              16.000000      16.000000        16.000000
mean    8.500000   3.000000           7.734104         49.700429            0.020327               1.884615              1.744662               3.629278       0.003582         3.332500
std     4.760952   1.032796           0.022684          5.365668            0.002046               1.152149              1.231284               2.374873       0.000374         0.694858
min     1.000000   1.000000           7.695542         44.676290            0.016852               0.449031              0.000000               0.449031       0.003238         2.578000
25%     4.750000   2.000000           7.727350         45.533287            0.019318               1.034855              0.732806               1.767962       0.003292         2.679300
50%     8.500000   3.000000           7.733331         47.606057            0.021042               1.884152              1.746880               3.631445       0.003434         3.263700
75%    12.250000   4.000000           7.742859         51.889526            0.021962               2.734375              2.759234               5.493609       0.003734         3.929150
max    16.000000   5.000000           7.789332         59.338814            0.022383               3.320312              3.484455               6.804767       0.004238         4.238400
