Workflow Construction Summary Table
========================================================================================================================

 Comp  Groups Wall Time/Evt (s) CPU Time/Evt (s) Throughput (evt/s) Write Remote (MB/evt) Read Remote (MB/evt) Net Transfer (MB/evt) CPU Cores/Evt Memory/Evt (MB)
    1       2           41.3006        2502.7310             0.0004                  0.89                 0.55                  1.44        0.1745          175.06
    2       2           41.3006        2502.7310             0.0004                  0.89                 0.55                  1.44        0.1745          175.06
    3       3           41.3097        2502.0723             0.0004                  0.89                 0.70                  1.59        0.1745          174.92
    4       3           41.3097        2502.0723             0.0004                  0.89                 0.70                  1.59        0.1745          174.92
    5       3           41.1392        2472.9359             0.0004                  0.89                 0.70                  1.59        0.1732          173.76
    6       3           41.1392        2472.9359             0.0004                  0.89                 0.70                  1.59        0.1732          173.76
    7       3           41.1605        2491.1463             0.0004                  1.50                 1.18                  2.68        0.1742          174.74
    8       3           41.1605        2491.1463             0.0004                  1.50                 1.18                  2.68        0.1742          174.74
    9       3           40.9778        2401.3170             0.0004                  0.89                 1.10                  1.99        0.1687          169.89
   10       3           40.8747         738.4079             0.0014                  2.06                 1.75                  3.81        0.0520           70.04
   11       3           40.8747         738.4079             0.0014                  2.06                 1.75                  3.81        0.0520           70.04
   12       4           41.1417        2472.3550             0.0004                  0.89                 0.85                  1.74        0.1732          173.64
   13       4           41.1417        2472.3550             0.0004                  0.89                 0.85                  1.74        0.1732          173.64
   14       4           41.1521        2490.2015             0.0004                  1.50                 1.33                  2.83        0.1741          174.57
   15       4           41.1521        2490.2015             0.0004                  1.50                 1.33                  2.83        0.1741          174.57
   16       4           40.9785        2400.5609             0.0004                  0.89                 1.25                  2.14        0.1687          169.74
   17       4           40.9785        2400.5609             0.0004                  0.89                 1.25                  2.14        0.1687          169.74
   18       4           40.9948        2461.5352             0.0004                  1.50                 1.33                  2.83        0.1729          173.48
   19       4           40.9948        2461.5352             0.0004                  1.50                 1.33                  2.83        0.1729          173.48
   20       4           40.8600         737.3157             0.0014                  2.06                 1.89                  3.96        0.0519           69.86
   21       4           40.7352         613.1267             0.0016                  2.68                 2.38                  5.06        0.0431           69.88
   22       4           40.8600         737.3157             0.0014                  2.06                 1.89                  3.96        0.0519           69.86
   23       4           40.7352         613.1267             0.0016                  2.68                 2.38                  5.06        0.0431           69.88
   24       4           40.8251         716.1109             0.0014                  2.06                 1.90                  3.96        0.0505           68.57
   25       4           40.8251         716.1109             0.0014                  2.06                 1.90                  3.96        0.0505           68.57
   26       4           40.8040         653.3156             0.0015                  2.06                 2.30                  4.36        0.0462           64.80
   27       4           40.8297        2389.4916             0.0004                  1.50                 1.73                  3.24        0.1684          169.51
   28       5           40.9679        2399.6938             0.0004                  0.89                 1.40                  2.29        0.1686          169.57
   29       5           40.9893        2460.5919             0.0004                  1.50                 1.48                  2.98        0.1728          173.31
   30       5           40.9893        2460.5919             0.0004                  1.50                 1.48                  2.98        0.1728          173.31
   31       5           40.7180         611.9697             0.0016                  2.68                 2.53                  5.21        0.0430           69.65
   32       5           40.7180         611.9697             0.0016                  2.68                 2.53                  5.21        0.0430           69.65
   33       5           40.8170         715.2475             0.0014                  2.06                 2.05                  4.11        0.0504           68.41
   34       5           40.8170         715.2475             0.0014                  2.06                 2.05                  4.11        0.0504           68.41
   35       5           40.7769         652.3781             0.0015                  2.06                 2.45                  4.51        0.0461           64.63
   36       5           40.7769         652.3781             0.0015                  2.06                 2.45                  4.51        0.0461           64.63
   37       5           40.8225        2389.6688             0.0004                  1.50                 1.87                  3.38        0.1685          169.47
   38       5           40.8225        2389.6688             0.0004                  1.50                 1.87                  3.38        0.1685          169.47
   39       5           40.6761         591.6468             0.0017                  2.68                 2.53                  5.20        0.0417           68.50
   40       5           40.6761         591.6468             0.0017                  2.68                 2.53                  5.20        0.0417           68.50
   41       5           40.6721         528.7362             0.0019                  2.68                 2.93                  5.61        0.0374           64.72
   42       6           40.7849         651.5011             0.0015                  2.06                 2.60                  4.66        0.0461           64.48
   43       6           40.8129        2388.6303             0.0004                  1.50                 2.02                  3.53        0.1684          169.29
   44       6           40.6708         589.7425             0.0017                  2.68                 2.68                  5.36        0.0415           68.23
   45       6           40.6708         589.7425             0.0017                  2.68                 2.68                  5.36        0.0415           68.23
   46       6           40.6521         527.5816             0.0019                  2.68                 3.08                  5.75        0.0373           64.51
   47       6           40.6521         527.5816             0.0019                  2.68                 3.08                  5.75        0.0373           64.51
   48       7           40.6533         526.6547             0.0019                  2.68                 3.23                  5.91        0.0372           64.35

Summary Statistics:
------------------------------------------------------------------------------------------------------------------------
        Comp     Groups  Wall Time/Evt (s)  CPU Time/Evt (s)  Throughput (evt/s)  Write Remote (MB/evt)  Read Remote (MB/evt)  Net Transfer (MB/evt)  CPU Cores/Evt  Memory/Evt (MB)
count  48.00  48.000000          48.000000         48.000000           48.000000              48.000000             48.000000              48.000000      48.000000        48.000000
mean   24.50   4.333333          40.910254       1546.124840            0.000996               1.782451              1.797435               3.579886       0.108522       120.136550
std    14.00   1.117241           0.199514        918.216350            0.000609               0.668887              0.740062               1.381968       0.064239        53.118524
min     1.00   2.000000          40.652148        526.654652            0.000400               0.888672              0.550792               1.439464       0.037231        64.345800
25%    12.75   4.000000          40.766503        641.907461            0.000406               1.350435              1.253678               2.585646       0.045317        68.477650
50%    24.50   4.000000          40.844854       1563.519066            0.000886               1.782451              1.874758               3.668491       0.110175       119.664500
75%    36.25   5.000000          41.030865       2464.240165            0.001559               2.214468              2.447020               4.759119       0.172967       173.519850
max    48.00   7.000000          41.309676       2502.731025            0.001899               2.676230              3.230042               5.906272       0.174486       175.057600
