Workflow Construction Summary Table
========================================================================================================================

 Comp  Groups Wall Time/Evt (s) CPU Time/Evt (s) Throughput (evt/s) Write Remote (MB/evt) Read Remote (MB/evt) Net Transfer (MB/evt) CPU Cores/Evt Memory/Evt (MB)
    1       1            7.4805          59.8439             0.0167                  0.45                 0.00                  0.45        0.0154           15.36
    2       2            7.3632          58.6990             0.0170                  0.45                 0.06                  0.51        0.0153           15.30
    3       2            7.2473          56.3068             0.0178                  0.45                 0.38                  0.83        0.0149           14.92
    4       2            7.2099          49.1775             0.0203                  2.54                 2.09                  4.63        0.0131           13.99
    5       2            7.1904          44.2461             0.0226                  1.23                 0.78                  2.01        0.0119           10.06
    6       3            7.2412          55.5619             0.0180                  0.45                 0.44                  0.89        0.0147           14.92
    7       3            7.1764          49.0433             0.0204                  2.54                 2.15                  4.69        0.0131           13.93
    8       3            7.1376          44.0351             0.0227                  1.23                 0.84                  2.08        0.0119           10.01
    9       3            7.1537          48.9528             0.0204                  2.54                 2.47                  5.00        0.0131           13.55
   10       3            7.0908          43.8479             0.0228                  1.23                 1.16                  2.39        0.0119            9.62
   11       3            7.1437          44.0595             0.0227                  3.32                 2.87                  6.19        0.0119            9.76
   12       4            7.1477          48.2079             0.0207                  2.54                 2.53                  5.07        0.0129           13.55
   13       4            7.0847          43.1030             0.0232                  1.23                 1.22                  2.45        0.0117            9.62
   14       4            7.1101          43.9253             0.0228                  3.32                 2.93                  6.25        0.0119            9.70
   15       4            7.0875          43.8348             0.0228                  3.32                 3.25                  6.57        0.0119            9.32
   16       5            7.0814          43.0899             0.0232                  3.32                 3.31                  6.63        0.0117            9.32

Summary Statistics:
------------------------------------------------------------------------------------------------------------------------
            Comp     Groups  Wall Time/Evt (s)  CPU Time/Evt (s)  Throughput (evt/s)  Write Remote (MB/evt)  Read Remote (MB/evt)  Net Transfer (MB/evt)  CPU Cores/Evt  Memory/Evt (MB)
count  16.000000  16.000000          16.000000         16.000000           16.000000              16.000000             16.000000              16.000000      16.000000        16.000000
mean    8.500000   3.000000           7.184138         48.495929            0.020887               1.884766              1.655273               3.540039       0.012963        12.058250
std     4.760952   1.032796           0.108902          5.916333            0.002343               1.152134              1.168838               2.312666       0.001371         2.521159
min     1.000000   1.000000           7.081449         43.089935            0.016710               0.449219              0.000000               0.449219       0.011704         9.318000
25%     4.750000   2.000000           7.105311         43.905933            0.019750               1.035156              0.695801               1.730957       0.011896         9.682500
50%     8.500000   3.000000           7.150706         46.227029            0.021672               1.884766              1.655273               3.540039       0.012418        11.806500
75%    12.250000   4.000000           7.217753         50.773632            0.022776               2.734375              2.614746               5.349121       0.013530        14.221750
max    16.000000   5.000000           7.480492         59.843938            0.023207               3.320312              3.310547               6.630859       0.015360        15.360000
