Workflow Construction Summary Table
========================================================================================================================

 Comp  Groups Wall Time/Evt (s) CPU Time/Evt (s) Throughput (evt/s) Write Remote (MB/evt) Read Remote (MB/evt) Net Transfer (MB/evt) CPU Cores/Evt Memory/Evt (MB)
    1       1            7.3156         465.5431             0.0021                  0.45                 0.00                  0.45        0.0621           62.08
    2       2            7.2626         458.7013             0.0022                  0.45                 0.06                  0.51        0.0617           61.70
    3       2            7.2335         433.2377             0.0023                  0.45                 0.38                  0.83        0.0588           59.12
    4       2            7.3186         217.3480             0.0046                  1.23                 0.78                  2.01        0.0283           28.85
    5       2            7.5796         189.5716             0.0053                  2.54                 2.09                  4.63        0.0235           29.04
    6       3            7.2367         433.2502             0.0023                  0.45                 0.44                  0.89        0.0588           59.12
    7       3            7.2982         212.5735             0.0047                  1.23                 0.85                  2.08        0.0279           28.47
    8       3            7.5688         185.4103             0.0054                  2.54                 2.16                  4.70        0.0231           28.66
    9       3            7.3043         189.3322             0.0053                  1.23                 1.16                  2.39        0.0250           25.84
   10       3            7.5871         162.9469             0.0061                  2.54                 2.47                  5.01        0.0202           26.03
   11       3            7.6944         162.8800             0.0061                  3.32                 2.88                  6.20        0.0197           21.47
   12       4            7.3073         189.3442             0.0053                  1.23                 1.22                  2.45        0.0250           25.83
   13       4            7.5902         162.9591             0.0061                  2.54                 2.53                  5.07        0.0202           26.03
   14       4            7.6836         158.7223             0.0063                  3.32                 2.94                  6.26        0.0193           21.09
   15       4            7.7019         136.2624             0.0073                  3.32                 3.25                  6.57        0.0163           18.45
   16       5            7.7050         136.2749             0.0073                  3.32                 3.32                  6.64        0.0163           18.45

Summary Statistics:
------------------------------------------------------------------------------------------------------------------------
            Comp     Groups  Wall Time/Evt (s)  CPU Time/Evt (s)  Throughput (evt/s)  Write Remote (MB/evt)  Read Remote (MB/evt)  Net Transfer (MB/evt)  CPU Cores/Evt  Memory/Evt (MB)
count  16.000000  16.000000          16.000000         16.000000           16.000000              16.000000             16.000000              16.000000      16.000000        16.000000
mean    8.500000   3.000000           7.461701        243.397360            0.004929               1.884766              1.658530               3.543295       0.031628        33.764250
std     4.760952   1.032796           0.189274        124.115482            0.001782               1.152134              1.171457               2.315290       0.017479        16.319118
min     1.000000   1.000000           7.233548        136.262443            0.002148               0.449219              0.000000               0.449219       0.016337        18.450000
25%     4.750000   2.000000           7.302772        162.930185            0.004028               1.035156              0.697161               1.732318       0.020041        24.741000
50%     8.500000   3.000000           7.443694        189.338191            0.005282               1.884766              1.658196               3.542961       0.024234        27.247000
75%    12.250000   4.000000           7.613509        271.320415            0.006138               2.734375              2.619852               5.354227       0.035931        36.560000
max    16.000000   5.000000           7.705021        465.543131            0.007339               3.320312              3.317806               6.638118       0.062080        62.080000
