Workflow Construction Summary Table
========================================================================================================================

 Comp  Groups Wall Time/Evt (s) CPU Time/Evt (s) Throughput (evt/s) Write Remote (MB/evt) Read Remote (MB/evt) Net Transfer (MB/evt) CPU Cores/Evt Memory/Evt (MB)
    1       1            9.5131          66.1126             0.0151                  0.45                 0.00                  0.45        0.0052            5.18
    2       2            9.4769          65.9092             0.0152                  0.45                 0.06                  0.51        0.0052            5.20
    3       2            9.4258          65.5294             0.0153                  0.45                 0.46                  0.91        0.0052            5.19
    4       2            9.4549          65.6440             0.0152                  2.54                 2.45                  4.99        0.0052            5.22
    5       2            9.3973          65.2946             0.0153                  1.22                 0.90                  2.12        0.0052            5.18
    6       3            9.4153          65.4228             0.0153                  0.45                 0.53                  0.98        0.0052            5.20
    7       3            9.4140          65.4467             0.0153                  2.54                 2.51                  5.04        0.0052            5.22
    8       3            9.3728          65.2019             0.0153                  1.22                 0.98                  2.20        0.0052            5.22
    9       3            9.4130          65.3613             0.0153                  2.53                 2.89                  5.43        0.0052            5.23
   10       3            9.3543          64.9643             0.0154                  1.22                 1.33                  2.55        0.0052            5.22
   11       3            9.3405          64.9375             0.0154                  3.26                 3.30                  6.56        0.0052            5.19
   12       4            9.4180          65.3173             0.0153                  2.52                 2.95                  5.47        0.0053            5.26
   13       4            9.3632          65.0508             0.0154                  1.22                 1.43                  2.66        0.0052            5.25
   14       4            9.3290          64.7424             0.0154                  3.23                 3.34                  6.57        0.0052            5.22
   15       4            9.3493          64.9736             0.0154                  3.31                 3.80                  7.11        0.0052            5.24
   16       5            9.3873          65.1200             0.0154                  3.31                 3.89                  7.20        0.0053            5.30

Summary Statistics:
------------------------------------------------------------------------------------------------------------------------
            Comp     Groups  Wall Time/Evt (s)  CPU Time/Evt (s)  Throughput (evt/s)  Write Remote (MB/evt)  Read Remote (MB/evt)  Net Transfer (MB/evt)  CPU Cores/Evt  Memory/Evt (MB)
count  16.000000  16.000000          16.000000         16.000000           16.000000              16.000000             16.000000              16.000000      16.000000        16.000000
mean    8.500000   3.000000           9.401539         65.314289            0.015311               1.869925              1.926756               3.796681       0.005222         5.222000
std     4.760952   1.032796           0.050846          0.365644            0.000085               1.138769              1.357778               2.487036       0.000032         0.031933
min     1.000000   1.000000           9.328957         64.742438            0.015126               0.446720              0.000000               0.447345       0.005184         5.184000
25%     4.750000   2.000000           9.360981         65.031519            0.015275               1.027477              0.809180               1.837707       0.005198         5.198000
50%     8.500000   3.000000           9.405130         65.305934            0.015313               1.874259              1.941868               3.821532       0.005224         5.224000
75%    12.250000   4.000000           9.419991         65.467388            0.015377               2.708998              3.035694               5.743523       0.005234         5.234000
max    16.000000   5.000000           9.513098         66.112634            0.015446               3.311008              3.888253               7.199261       0.005304         5.304000
