Workflow Construction Summary Table
========================================================================================================================

 Comp  Groups Wall Time/Evt (s) CPU Time/Evt (s) Throughput (evt/s) Write Remote (MB/evt) Read Remote (MB/evt) Net Transfer (MB/evt) CPU Cores/Evt Memory/Evt (MB)
    1       1            9.7863          68.9885             0.0145                  0.45                 0.00                  0.45        0.0201           20.10
    2       2            9.6325          67.9033             0.0147                  0.45                 0.08                  0.53        0.0201           20.11
    3       2            9.4802          66.8355             0.0150                  0.45                 0.44                  0.89        0.0201           20.13
    4       2            9.3772          66.0941             0.0151                  2.53                 2.41                  4.94        0.0201           20.10
    5       2            9.3851          66.1573             0.0151                  1.23                 0.90                  2.12        0.0201           20.10
    6       3            9.4609          66.6869             0.0150                  0.45                 0.50                  0.95        0.0201           20.13
    7       3            9.3309          65.7723             0.0152                  2.53                 2.48                  5.01        0.0201           20.11
    8       3            9.3164          65.6837             0.0152                  1.23                 0.97                  2.19        0.0201           20.12
    9       3            9.2990          65.5429             0.0153                  2.53                 2.82                  5.35        0.0201           20.10
   10       3            9.2581          65.2663             0.0153                  1.23                 1.33                  2.56        0.0201           20.12
   11       3            9.2776          65.3914             0.0153                  3.32                 3.30                  6.61        0.0201           20.12
   12       4            9.2772          65.3853             0.0153                  2.53                 2.89                  5.42        0.0201           20.10
   13       4            9.2408          65.1414             0.0154                  1.23                 1.39                  2.62        0.0201           20.12
   14       4            9.2285          65.0448             0.0154                  3.31                 3.37                  6.68        0.0202           20.16
   15       4            9.1973          64.8318             0.0154                  3.31                 3.71                  7.02        0.0202           20.15
   16       5            9.1711          64.6420             0.0155                  3.30                 3.77                  7.07        0.0201           20.14

Summary Statistics:
------------------------------------------------------------------------------------------------------------------------
            Comp     Groups  Wall Time/Evt (s)  CPU Time/Evt (s)  Throughput (evt/s)  Write Remote (MB/evt)  Read Remote (MB/evt)  Net Transfer (MB/evt)  CPU Cores/Evt  Memory/Evt (MB)
count  16.000000  16.000000          16.000000         16.000000           16.000000              16.000000             16.000000              16.000000      16.000000         16.00000
mean    8.500000   3.000000           9.357445         65.960476            0.015165               1.878488              1.896786               3.775274       0.020120         20.11950
std     4.760952   1.032796           0.164430          1.161565            0.000261               1.147442              1.335949               2.474802       0.000019          0.01948
min     1.000000   1.000000           9.171104         64.642002            0.014495               0.447971              0.000000               0.448283       0.020096         20.09600
25%     4.750000   2.000000           9.253754         65.235075            0.015085               1.032390              0.797103               1.829337       0.020104         20.10400
50%     8.500000   3.000000           9.307724         65.613293            0.015241               1.879033              1.899933               3.778366       0.020120         20.12000
75%    12.250000   4.000000           9.404037         66.289731            0.015329               2.722213              2.989679               5.715999       0.020128         20.12800
max    16.000000   5.000000           9.786264         68.988530            0.015470               3.316545              3.772331               7.067478       0.020160         20.16000
