Workflow Construction Summary Table
========================================================================================================================

 Comp  Groups Wall Time/Evt (s) CPU Time/Evt (s) Throughput (evt/s) Write Remote (MB/evt) Read Remote (MB/evt) Net Transfer (MB/evt) CPU Cores/Evt Memory/Evt (MB)
    1       1            7.1881         460.0415             0.0022                  0.45                 0.00                  0.45        0.0614           61.38
    2       2            7.1294         453.2528             0.0022                  0.45                 0.06                  0.51        0.0610           60.98
    3       2            7.0703         428.0668             0.0023                  0.45                 0.38                  0.83        0.0581           58.42
    4       2            7.0371         208.9314             0.0048                  1.23                 0.78                  2.01        0.0281           28.64
    5       2            7.0364         171.2355             0.0058                  2.54                 2.09                  4.63        0.0232           28.69
    6       3            7.0670         428.0536             0.0023                  0.45                 0.44                  0.89        0.0581           58.40
    7       3            7.0105         204.1970             0.0049                  1.23                 0.84                  2.08        0.0277           28.25
    8       3            7.0194         167.1156             0.0060                  2.54                 2.15                  4.69        0.0228           28.30
    9       3            6.9859         181.2229             0.0055                  1.23                 1.16                  2.39        0.0248           25.68
   10       3            7.0068         144.9133             0.0069                  2.54                 2.47                  5.00        0.0199           25.73
   11       3            6.9971         144.0939             0.0069                  3.32                 2.87                  6.19        0.0195           21.30
   12       4            6.9826         181.2097             0.0055                  1.23                 1.22                  2.45        0.0248           25.67
   13       4            7.0035         144.9001             0.0069                  2.54                 2.53                  5.07        0.0199           25.71
   14       4            6.9801         139.9740             0.0071                  3.32                 2.93                  6.25        0.0191           20.90
   15       4            6.9675         117.7717             0.0085                  3.32                 3.25                  6.57        0.0162           18.34
   16       5            6.9642         117.7585             0.0085                  3.32                 3.31                  6.63        0.0162           18.32

Summary Statistics:
------------------------------------------------------------------------------------------------------------------------
            Comp     Groups  Wall Time/Evt (s)  CPU Time/Evt (s)  Throughput (evt/s)  Write Remote (MB/evt)  Read Remote (MB/evt)  Net Transfer (MB/evt)  CPU Cores/Evt  Memory/Evt (MB)
count  16.000000  16.000000          16.000000         16.000000           16.000000              16.000000             16.000000              16.000000      16.000000        16.000000
mean    8.500000   3.000000           7.027871        230.796153            0.005404               1.884766              1.655273               3.540039       0.031315        33.418500
std     4.760952   1.032796           0.060898        129.007291            0.002154               1.152134              1.168838               2.312666       0.017243        16.095874
min     1.000000   1.000000           6.964231        117.758493            0.002174               0.449219              0.000000               0.449219       0.016248        18.322000
25%     4.750000   2.000000           6.985084        144.698559            0.004174               1.035156              0.695801               1.730957       0.019844        24.573500
50%     8.500000   3.000000           7.008660        176.222617            0.005679               1.884766              1.655273               3.540039       0.024028        26.988000
75%    12.250000   4.000000           7.044591        263.711937            0.006911               2.734375              2.614746               5.349121       0.035604        36.116500
max    16.000000   5.000000           7.188149        460.041550            0.008492               3.320312              3.310547               6.630859       0.061376        61.376000
