Workflow Construction Summary Table
========================================================================================================================

 Comp  Groups Wall Time/Evt (s) CPU Time/Evt (s) Throughput (evt/s) Write Remote (MB/evt) Read Remote (MB/evt) Net Transfer (MB/evt) CPU Cores/Evt Memory/Evt (MB)
    1       1            7.3877          57.3608             0.0174                  0.45                 0.00                  0.45        0.0014            1.36
    2       2            7.3781          57.2863             0.0175                  0.45                 0.06                  0.51        0.0014            1.38
    3       2            7.3707          57.2292             0.0175                  0.45                 0.38                  0.83        0.0014            1.37
    4       2            7.4045          57.4924             0.0174                  2.54                 2.13                  4.67        0.0014            1.38
    5       2            7.3772          57.2804             0.0175                  1.23                 0.80                  2.03        0.0014            1.37
    6       3            7.3708          57.2305             0.0175                  0.45                 0.44                  0.89        0.0014            1.38
    7       3            7.4021          57.4735             0.0174                  2.54                 2.20                  4.74        0.0014            1.38
    8       3            7.3733          57.2502             0.0175                  1.23                 0.86                  2.09        0.0014            1.39
    9       3            7.4032          57.4821             0.0174                  2.54                 2.52                  5.06        0.0014            1.38
   10       3            7.3721          57.2410             0.0175                  1.23                 1.18                  2.41        0.0014            1.38
   11       3            7.4131          57.5623             0.0174                  3.32                 2.93                  6.25        0.0014            1.38
   12       4            7.4033          57.4829             0.0174                  2.54                 2.59                  5.12        0.0014            1.40
   13       4            7.3722          57.2422             0.0175                  1.23                 1.24                  2.47        0.0014            1.41
   14       4            7.4108          57.5444             0.0174                  3.32                 3.00                  6.32        0.0014            1.40
   15       4            7.4119          57.5525             0.0174                  3.32                 3.32                  6.64        0.0014            1.40
   16       5            7.4120          57.5533             0.0174                  3.32                 3.38                  6.70        0.0014            1.42

Summary Statistics:
------------------------------------------------------------------------------------------------------------------------
            Comp     Groups  Wall Time/Evt (s)  CPU Time/Evt (s)  Throughput (evt/s)  Write Remote (MB/evt)  Read Remote (MB/evt)  Net Transfer (MB/evt)  CPU Cores/Evt  Memory/Evt (MB)
count  16.000000  16.000000          16.000000         16.000000           16.000000              16.000000             16.000000              16.000000      16.000000         16.00000
mean    8.500000   3.000000           7.391443         57.391509            0.017424               1.884766              1.689046               3.573812       0.001386          1.38650
std     4.760952   1.032796           0.017461          0.136551            0.000041               1.152134              1.196102               2.339963       0.000015          0.01538
min     1.000000   1.000000           7.370672         57.229215            0.017372               0.449219              0.000000               0.449219       0.001360          1.36000
25%     4.750000   2.000000           7.373047         57.248195            0.017390               1.035156              0.708048               1.743205       0.001376          1.37600
50%     8.500000   3.000000           7.394898         57.417183            0.017416               1.884766              1.687218               3.571984       0.001384          1.38400
75%    12.250000   4.000000           7.406076         57.505401            0.017468               2.734375              2.672186               5.406561       0.001400          1.40000
max    16.000000   5.000000           7.413128         57.562329            0.017474               3.320312              3.382313               6.702626       0.001416          1.41600
