Workflow Construction Summary Table
========================================================================================================================

 Comp  Groups Wall Time/Evt (s) CPU Time/Evt (s) Throughput (evt/s) Write Remote (MB/evt) Read Remote (MB/evt) Net Transfer (MB/evt) CPU Cores/Evt Memory/Evt (MB)
    1       1            7.7893         474.8046             0.0021                  0.45                 0.00                  0.45        0.0339           33.91
    2       2            7.7578         469.6419             0.0021                  0.45                 0.07                  0.52        0.0337           33.69
    3       2            7.7166         216.5942             0.0046                  1.23                 0.82                  2.05        0.0155           15.75
    4       2            7.7276         445.1973             0.0022                  0.45                 0.40                  0.85        0.0320           32.24
    5       2            7.7380         180.0262             0.0056                  2.54                 2.20                  4.74        0.0129           15.87
    6       3            7.7276         445.1954             0.0022                  0.45                 0.47                  0.91        0.0321           32.24
    7       3            7.7032         212.4548             0.0047                  1.23                 0.89                  2.12        0.0152           15.54
    8       3            7.7323         151.5307             0.0066                  3.32                 3.01                  6.33        0.0108           11.75
    9       3            7.7357         176.5352             0.0057                  2.54                 2.27                  4.81        0.0127           15.69
   10       3            7.7205         153.4646             0.0065                  2.54                 2.60                  5.14        0.0110           14.21
   11       3            7.6930         189.4117             0.0053                  1.23                 1.22                  2.45        0.0136           14.11
   12       4            7.7184         153.4585             0.0065                  2.54                 2.66                  5.20        0.0110           14.20
   13       4            7.6941         189.4583             0.0053                  1.23                 1.28                  2.51        0.0136           14.12
   14       4            7.7275         147.9446             0.0068                  3.32                 3.08                  6.40        0.0106           11.58
   15       4            7.7110         125.2095             0.0080                  3.32                 3.41                  6.73        0.0090           10.11
   16       5            7.7070         125.0291             0.0080                  3.32                 3.47                  6.79        0.0090           10.09

Summary Statistics:
------------------------------------------------------------------------------------------------------------------------
            Comp     Groups  Wall Time/Evt (s)  CPU Time/Evt (s)  Throughput (evt/s)  Write Remote (MB/evt)  Read Remote (MB/evt)  Net Transfer (MB/evt)  CPU Cores/Evt  Memory/Evt (MB)
count  16.000000  16.000000          16.000000         16.000000           16.000000              16.000000             16.000000              16.000000      16.000000        16.000000
mean    8.500000   3.000000           7.724977        240.997300            0.005138               1.884766              1.740903               3.625669       0.017284        18.442800
std     4.760952   1.032796           0.024052        132.610353            0.002013               1.152134              1.227222               2.370882       0.009520         8.892905
min     1.000000   1.000000           7.692983        125.029132            0.002106               0.449219              0.000000               0.449219       0.008953        10.088400
25%     4.750000   2.000000           7.710008        152.976576            0.004024               1.035156              0.731379               1.766535       0.010964        13.521000
50%     8.500000   3.000000           7.723965        184.718969            0.005417               1.884766              1.743500               3.628266       0.013249        14.872000
75%    12.250000   4.000000           7.733163        273.744512            0.006537               2.734375              2.750810               5.485185       0.019607        19.960400
max    16.000000   5.000000           7.789332        474.804609            0.007998               3.320312              3.470924               6.791236       0.033907        33.907200
