Workflow Construction Summary Table
========================================================================================================================

 Comp  Groups Wall Time/Evt (s) CPU Time/Evt (s) Throughput (evt/s) Write Remote (MB/evt) Read Remote (MB/evt) Net Transfer (MB/evt) CPU Cores/Evt Memory/Evt (MB)
    1       1            7.4763         478.4812             0.0021                  0.45                 0.00                  0.45        0.1228          122.84
    2       2            7.3585         467.8895             0.0021                  0.45                 0.06                  0.51        0.1220          122.02
    3       2            7.1721         215.5740             0.0046                  1.23                 0.78                  2.01        0.0562           57.24
    4       2            7.2397         438.5120             0.0023                  0.45                 0.38                  0.83        0.1162          116.85
    5       2            7.1681         175.0876             0.0057                  2.54                 2.09                  4.63        0.0465           57.36
    6       3            7.2331         438.4856             0.0023                  0.45                 0.44                  0.89        0.1162          116.82
    7       3            7.1188         209.1103             0.0048                  1.23                 0.84                  2.08        0.0554           56.47
    8       3            7.0879         147.3969             0.0068                  3.32                 2.87                  6.19        0.0391           42.56
    9       3            7.1340         169.8512             0.0059                  2.54                 2.15                  4.69        0.0456           56.59
   10       3            7.1085         146.4449             0.0068                  2.54                 2.47                  5.00        0.0398           51.36
   11       3            7.0691         184.1549             0.0054                  1.23                 1.16                  2.39        0.0495           51.24
   12       4            7.1019         146.4185             0.0068                  2.54                 2.53                  5.07        0.0398           51.34
   13       4            7.0625         184.1285             0.0054                  1.23                 1.22                  2.45        0.0495           51.21
   14       4            7.0538         142.1604             0.0070                  3.32                 2.93                  6.25        0.0382           41.79
   15       4            7.0283         118.7541             0.0084                  3.32                 3.25                  6.57        0.0324           36.57
   16       5            7.0217         118.7278             0.0084                  3.32                 3.31                  6.63        0.0324           36.55

Summary Statistics:
------------------------------------------------------------------------------------------------------------------------
            Comp     Groups  Wall Time/Evt (s)  CPU Time/Evt (s)  Throughput (evt/s)  Write Remote (MB/evt)  Read Remote (MB/evt)  Net Transfer (MB/evt)  CPU Cores/Evt  Memory/Evt (MB)
count  16.000000  16.000000          16.000000         16.000000           16.000000              16.000000             16.000000              16.000000      16.000000        16.000000
mean    8.500000   3.000000           7.152152        236.323593            0.005312               1.884766              1.655273               3.540039       0.062595        66.800700
std     4.760952   1.032796           0.123679        134.011264            0.002147               1.152134              1.168838               2.312666       0.034536        32.242004
min     1.000000   1.000000           7.021699        118.727757            0.002090               0.449219              0.000000               0.449219       0.032402        36.545200
25%     4.750000   2.000000           7.067467        146.438276            0.004049               1.035156              0.695801               1.730957       0.039614        49.048900
50%     8.500000   3.000000           7.113678        179.608081            0.005571               1.884766              1.655273               3.540039       0.047986        53.917600
75%    12.250000   4.000000           7.187352        271.301901            0.006829               2.734375              2.614746               5.349121       0.071185        72.223500
max    16.000000   5.000000           7.476269        478.481230            0.008423               3.320312              3.310547               6.630859       0.122842       122.841600
