Workflow Construction Summary Table
========================================================================================================================

 Comp  Groups Wall Time/Evt (s) CPU Time/Evt (s) Throughput (evt/s) Write Remote (MB/evt) Read Remote (MB/evt) Net Transfer (MB/evt) CPU Cores/Evt Memory/Evt (MB)
    1       1            9.1291          64.4878             0.0155                  0.45                 0.00                  0.45        0.0017            1.67
    2       2            9.1338          64.2584             0.0156                  0.45                 0.06                  0.51        0.0017            1.67
    3       2            9.2697          50.8458             0.0197                  1.23                 0.89                  2.12        0.0013            1.08
    4       2            9.0955          62.4330             0.0160                  0.45                 0.42                  0.87        0.0016            1.62
    5       2            9.5431          57.7245             0.0173                  2.54                 2.31                  4.85        0.0014            1.51
    6       3            9.0784          61.5184             0.0163                  0.45                 0.48                  0.93        0.0016            1.62
    7       3            9.2739          50.8757             0.0197                  1.23                 0.95                  2.18        0.0013            1.08
    8       3            9.7591          52.6987             0.0190                  3.32                 3.24                  6.56        0.0013            1.05
    9       3            9.5593          57.8001             0.0173                  2.54                 2.37                  4.91        0.0014            1.51
   10       3            9.5799          57.7368             0.0173                  2.54                 2.75                  5.29        0.0014            1.46
   11       3            9.3211          51.0240             0.0196                  1.23                 1.31                  2.54        0.0013            1.04
   12       4            9.6310          56.9285             0.0176                  2.54                 2.85                  5.39        0.0014            1.47
   13       4            9.3010          50.1739             0.0199                  1.23                 1.38                  2.61        0.0013            1.04
   14       4            9.7261          52.7103             0.0190                  3.32                 3.28                  6.60        0.0013            1.04
   15       4            9.7972          52.8225             0.0189                  3.32                 3.66                  6.98        0.0013            1.00
   16       5            9.7956          51.9736             0.0192                  3.32                 3.73                  7.05        0.0013            1.01

Summary Statistics:
------------------------------------------------------------------------------------------------------------------------
            Comp     Groups  Wall Time/Evt (s)  CPU Time/Evt (s)  Throughput (evt/s)  Write Remote (MB/evt)  Read Remote (MB/evt)  Net Transfer (MB/evt)  CPU Cores/Evt  Memory/Evt (MB)
count  16.000000  16.000000          16.000000         16.000000           16.000000              16.000000             16.000000              16.000000      16.000000        16.000000
mean    8.500000   3.000000           9.437111         56.000756            0.017989               1.884766              1.855315               3.740080       0.001416         1.304237
std     4.760952   1.032796           0.264364          5.044675            0.001567               1.152134              1.312628               2.455401       0.000144         0.276443
min     1.000000   1.000000           9.078437         50.173855            0.015507               0.449219              0.000000               0.449219       0.001286         1.004600
25%     4.750000   2.000000           9.235738         51.736226            0.017040               1.035156              0.786449               1.821605       0.001304         1.040400
50%     8.500000   3.000000           9.432055         54.875503            0.018249               1.884766              1.841021               3.725787       0.001360         1.272500
75%    12.250000   4.000000           9.654731         58.729696            0.019330               2.734375              2.943825               5.678200       0.001478         1.535450
max    16.000000   5.000000           9.797189         64.487816            0.019931               3.320312              3.731815               7.052127       0.001670         1.669600
