Workflow Construction Summary Table
========================================================================================================================

 Comp  Groups Wall Time/Evt (s) CPU Time/Evt (s) Throughput (evt/s) Write Remote (MB/evt) Read Remote (MB/evt) Net Transfer (MB/evt) CPU Cores/Evt Memory/Evt (MB)
    1       1            7.7020          58.7795             0.0170                  0.45                 0.00                  0.45        0.0014            1.41
    2       2            7.6938          58.4932             0.0171                  0.45                 0.07                  0.52        0.0014            1.40
    3       2            7.8460          46.2853             0.0216                  1.23                 0.82                  2.05        0.0011            0.92
    4       2            7.7221          57.0509             0.0175                  0.45                 0.40                  0.85        0.0014            1.37
    5       2            8.1216          52.6053             0.0190                  2.54                 2.18                  4.71        0.0012            1.28
    6       3            7.7282          56.2469             0.0178                  0.45                 0.46                  0.91        0.0014            1.37
    7       3            7.8493          46.2958             0.0216                  1.23                 0.89                  2.12        0.0011            0.92
    8       3            8.2864          47.9874             0.0208                  3.32                 3.01                  6.33        0.0011            0.90
    9       3            8.1351          52.6393             0.0190                  2.54                 2.25                  4.78        0.0012            1.28
   10       3            8.1571          52.7416             0.0190                  2.54                 2.57                  5.11        0.0012            1.24
   11       3            7.8787          46.4087             0.0215                  1.23                 1.22                  2.45        0.0011            0.88
   12       4            8.1634          51.9474             0.0193                  2.54                 2.63                  5.17        0.0012            1.25
   13       4            7.8846          45.6043             0.0219                  1.23                 1.28                  2.51        0.0011            0.89
   14       4            8.2914          48.0045             0.0208                  3.32                 3.07                  6.39        0.0011            0.89
   15       4            8.3026          48.0851             0.0208                  3.32                 3.39                  6.71        0.0011            0.86
   16       5            8.3287          47.3308             0.0211                  3.32                 3.47                  6.79        0.0011            0.86

Summary Statistics:
------------------------------------------------------------------------------------------------------------------------
            Comp     Groups  Wall Time/Evt (s)  CPU Time/Evt (s)  Throughput (evt/s)  Write Remote (MB/evt)  Read Remote (MB/evt)  Net Transfer (MB/evt)  CPU Cores/Evt  Memory/Evt (MB)
count  16.000000  16.000000          16.000000         16.000000           16.000000              16.000000             16.000000              16.000000      16.000000        16.000000
mean    8.500000   3.000000           8.005678         51.031633            0.019744               1.884766              1.731315               3.616080       0.001193         1.108137
std     4.760952   1.032796           0.239245          4.651538            0.001742               1.152134              1.220398               2.364010       0.000124         0.230419
min     1.000000   1.000000           7.693757         45.604326            0.017013               0.449219              0.000000               0.449219       0.001080         0.856200
25%     4.750000   2.000000           7.816522         47.100259            0.018665               1.035156              0.730339               1.765495       0.001094         0.892100
50%     8.500000   3.000000           8.003070         50.016257            0.020023               1.884766              1.728929               3.613695       0.001145         1.084100
75%    12.250000   4.000000           8.194111         53.617928            0.021233               2.734375              2.726977               5.461352       0.001246         1.305050
max    16.000000   5.000000           8.328711         58.779529            0.021928               3.320312              3.468495               6.788808       0.001408         1.408000
