Workflow Construction Summary Table
========================================================================================================================

 Comp  Groups Wall Time/Evt (s) CPU Time/Evt (s) Throughput (evt/s) Write Remote (MB/evt) Read Remote (MB/evt) Net Transfer (MB/evt) CPU Cores/Evt Memory/Evt (MB)
    1       1            6.9484          55.5876             0.0180                  0.45                 0.00                  0.45        0.0013            1.28
    2       2            6.9388          55.5103             0.0180                  0.45                 0.06                  0.51        0.0013            1.29
    3       2            6.9292          55.4336             0.0180                  0.45                 0.38                  0.83        0.0013            1.29
    4       2            6.9268          55.4142             0.0180                  2.54                 2.09                  4.63        0.0013            1.29
    5       2            6.9246          55.3966             0.0181                  1.23                 0.78                  2.01        0.0013            1.28
    6       3            6.9287          55.4298             0.0180                  0.45                 0.44                  0.89        0.0013            1.30
    7       3            6.9240          55.3921             0.0181                  2.54                 2.15                  4.69        0.0013            1.30
    8       3            6.9203          55.3620             0.0181                  1.23                 0.84                  2.08        0.0013            1.29
    9       3            6.9222          55.3773             0.0181                  2.54                 2.47                  5.00        0.0013            1.30
   10       3            6.9164          55.3314             0.0181                  1.23                 1.16                  2.39        0.0013            1.29
   11       3            6.9215          55.3719             0.0181                  3.32                 2.87                  6.19        0.0013            1.29
   12       4            6.9217          55.3735             0.0181                  2.54                 2.53                  5.07        0.0013            1.30
   13       4            6.9160          55.3276             0.0181                  1.23                 1.22                  2.45        0.0013            1.30
   14       4            6.9187          55.3499             0.0181                  3.32                 2.93                  6.25        0.0013            1.30
   15       4            6.9169          55.3351             0.0181                  3.32                 3.25                  6.57        0.0013            1.30
   16       5            6.9164          55.3313             0.0181                  3.32                 3.31                  6.63        0.0013            1.30

Summary Statistics:
------------------------------------------------------------------------------------------------------------------------
            Comp     Groups  Wall Time/Evt (s)  CPU Time/Evt (s)  Throughput (evt/s)  Write Remote (MB/evt)  Read Remote (MB/evt)  Net Transfer (MB/evt)  CPU Cores/Evt  Memory/Evt (MB)
count  16.000000  16.000000          16.000000         16.000000           16.000000              16.000000             16.000000              16.000000      16.000000        16.000000
mean    8.500000   3.000000           6.924409         55.395270            0.018052               1.884766              1.655273               3.540039       0.001292         1.292000
std     4.760952   1.032796           0.008788          0.070304            0.000023               1.152134              1.168838               2.312666       0.000007         0.007155
min     1.000000   1.000000           6.915951         55.327609            0.017990               0.449219              0.000000               0.449219       0.001280         1.280000
25%     4.750000   2.000000           6.918273         55.346184            0.018045               1.035156              0.695801               1.730957       0.001288         1.288000
50%     8.500000   3.000000           6.921927         55.375413            0.018059               1.884766              1.655273               3.540039       0.001292         1.292000
75%    12.250000   4.000000           6.927259         55.418071            0.018068               2.734375              2.614746               5.349121       0.001296         1.296000
max    16.000000   5.000000           6.948449         55.587594            0.018074               3.320312              3.310547               6.630859       0.001304         1.304000
