Workflow Construction Summary Table
========================================================================================================================

 Comp  Groups Wall Time/Evt (s) CPU Time/Evt (s) Throughput (evt/s) Write Remote (MB/evt) Read Remote (MB/evt) Net Transfer (MB/evt) CPU Cores/Evt Memory/Evt (MB)
    1       1            6.9000         441.6000             0.0023                  0.45                 0.00                  0.45        0.0068            6.85
    2       2            6.9000         438.6000             0.0023                  0.45                 0.06                  0.51        0.0068            6.79
    3       2            6.9000         417.6000             0.0024                  0.45                 0.38                  0.83        0.0065            6.53
    4       2            6.9000         202.2000             0.0049                  1.23                 0.78                  2.01        0.0031            3.19
    5       2            6.9000         167.2000             0.0060                  2.54                 2.09                  4.63        0.0026            3.20
    6       3            6.9000         417.6000             0.0024                  0.45                 0.44                  0.89        0.0065            6.53
    7       3            6.9000         199.2000             0.0050                  1.23                 0.84                  2.08        0.0031            3.20
    8       3            6.9000         164.2000             0.0061                  2.54                 2.15                  4.69        0.0026            3.21
    9       3            6.9000         178.2000             0.0056                  1.23                 1.16                  2.39        0.0028            2.88
   10       3            6.9000         143.2000             0.0070                  2.54                 2.47                  5.00        0.0022            2.89
   11       3            6.9000         140.6000             0.0071                  3.32                 2.87                  6.19        0.0022            2.37
   12       4            6.9000         178.2000             0.0056                  1.23                 1.22                  2.45        0.0028            2.87
   13       4            6.9000         143.2000             0.0070                  2.54                 2.53                  5.07        0.0022            2.88
   14       4            6.9000         137.6000             0.0073                  3.32                 2.93                  6.25        0.0022            2.38
   15       4            6.9000         116.6000             0.0086                  3.32                 3.25                  6.57        0.0018            2.06
   16       5            6.9000         116.6000             0.0086                  3.32                 3.31                  6.63        0.0018            2.06

Summary Statistics:
------------------------------------------------------------------------------------------------------------------------
            Comp     Groups  Wall Time/Evt (s)  CPU Time/Evt (s)  Throughput (evt/s)  Write Remote (MB/evt)  Read Remote (MB/evt)  Net Transfer (MB/evt)  CPU Cores/Evt  Memory/Evt (MB)
count  16.000000  16.000000       1.600000e+01         16.000000           16.000000              16.000000             16.000000              16.000000      16.000000        16.000000
mean    8.500000   3.000000       6.900000e+00        225.150000            0.005506               1.884766              1.655273               3.540039       0.003507         3.743500
std     4.760952   1.032796       3.243169e-16        124.091053            0.002165               1.152134              1.168838               2.312666       0.001918         1.790101
min     1.000000   1.000000       6.900000e+00        116.600000            0.002264               0.449219              0.000000               0.449219       0.001823         2.058000
25%     4.750000   2.000000       6.900000e+00        142.550000            0.004308               1.035156              0.695801               1.730957       0.002223         2.751000
50%     8.500000   3.000000       6.900000e+00        172.700000            0.005796               1.884766              1.655273               3.540039       0.002685         3.038000
75%    12.250000   4.000000       6.900000e+00        256.050000            0.007016               2.734375              2.614746               5.349121       0.003974         4.039000
max    16.000000   5.000000       6.900000e+00        441.600000            0.008576               3.320312              3.310547               6.630859       0.006848         6.848000
