Workflow Construction Summary Table
========================================================================================================================

 Comp  Groups Wall Time/Evt (s) CPU Time/Evt (s) Throughput (evt/s) Write Remote (MB/evt) Read Remote (MB/evt) Net Transfer (MB/evt) CPU Cores/Evt Memory/Evt (MB)
    1       1            9.3004          74.0327             0.0135                  0.45                 0.00                  0.45        0.0622           62.16
    2       2            8.8235          70.0219             0.0143                  0.45                 0.06                  0.51        0.0619           61.91
    3       2            8.0624          48.3882             0.0207                  1.23                 0.79                  2.02        0.0482           40.70
    4       2            8.3411          64.5727             0.0155                  0.45                 0.38                  0.83        0.0604           60.35
    5       2            8.0368          54.3227             0.0184                  2.54                 2.10                  4.64        0.0531           56.60
    6       3            8.3141          63.7156             0.0157                  0.45                 0.44                  0.89        0.0596           60.36
    7       3            7.8463          47.5278             0.0210                  1.23                 0.85                  2.08        0.0482           40.46
    8       3            7.7051          46.9660             0.0213                  3.32                 2.89                  6.21        0.0482           39.45
    9       3            7.8991          53.7745             0.0186                  2.54                 2.16                  4.70        0.0532           56.40
   10       3            7.7947          53.3592             0.0187                  2.54                 2.48                  5.02        0.0532           54.82
   11       3            7.6444          46.7245             0.0214                  1.23                 1.16                  2.39        0.0482           38.90
   12       4            7.7676          52.5005             0.0190                  2.54                 2.54                  5.08        0.0524           54.82
   13       4            7.6176          45.8669             0.0218                  1.23                 1.23                  2.46        0.0474           38.91
   14       4            7.5680          46.4191             0.0215                  3.32                 2.95                  6.27        0.0482           39.25
   15       4            7.4634          46.0028             0.0217                  3.32                 3.26                  6.58        0.0482           37.67
   16       5            7.4363          45.1448             0.0222                  3.32                 3.33                  6.65        0.0474           37.67

Summary Statistics:
------------------------------------------------------------------------------------------------------------------------
            Comp     Groups  Wall Time/Evt (s)  CPU Time/Evt (s)  Throughput (evt/s)  Write Remote (MB/evt)  Read Remote (MB/evt)  Net Transfer (MB/evt)  CPU Cores/Evt  Memory/Evt (MB)
count  16.000000  16.000000          16.000000         16.000000           16.000000              16.000000             16.000000              16.000000      16.000000        16.000000
mean    8.500000   3.000000           7.976295         53.708740            0.019087               1.884766              1.663583               3.548349       0.052474        48.776337
std     4.760952   1.032796           0.507437          9.336030            0.002897               1.152134              1.174811               2.318618       0.005535        10.217264
min     1.000000   1.000000           7.436291         45.144837            0.013508               0.449219              0.000000               0.449219       0.047385        37.666800
25%     4.750000   2.000000           7.637718         46.648147            0.017730               1.035156              0.699228               1.734384       0.048169        39.162650
50%     8.500000   3.000000           7.820514         50.444327            0.019857               1.884766              1.663541               3.548306       0.050269        47.761900
75%    12.250000   4.000000           8.125332         56.670916            0.021437               2.734375              2.627888               5.362263       0.054756        57.538200
max    16.000000   5.000000           9.300413         74.032712            0.022151               3.320312              3.327326               6.647638       0.062158        62.158400
