Workflow Construction Summary Table
========================================================================================================================

 Comp  Groups Wall Time/Evt (s) CPU Time/Evt (s) Throughput (evt/s) Write Remote (MB/evt) Read Remote (MB/evt) Net Transfer (MB/evt) CPU Cores/Evt Memory/Evt (MB)
    1       1            7.4951         469.8514             0.0021                  0.45                 0.00                  0.45        0.0640           64.00
    2       2            7.4339         462.7647             0.0022                  0.45                 0.07                  0.52        0.0635           63.57
    3       2            7.3662         437.0453             0.0023                  0.45                 0.38                  0.83        0.0605           60.89
    4       2            7.3292         212.5487             0.0047                  1.23                 0.79                  2.03        0.0292           29.71
    5       2            7.3331         174.5621             0.0057                  2.54                 2.13                  4.67        0.0242           29.94
    6       3            7.3685         437.2646             0.0023                  0.45                 0.45                  0.90        0.0606           60.94
    7       3            7.3044         207.8720             0.0048                  1.23                 0.86                  2.09        0.0287           29.34
    8       3            7.3156         170.4254             0.0059                  2.54                 2.20                  4.73        0.0239           29.62
    9       3            7.2757         184.1137             0.0054                  1.23                 1.18                  2.41        0.0257           26.61
   10       3            7.2973         147.6029             0.0068                  2.54                 2.51                  5.05        0.0208           26.89
   11       3            7.2896         146.7678             0.0068                  3.32                 2.92                  6.25        0.0204           22.21
   12       4            7.2721         184.3193             0.0054                  1.23                 1.24                  2.47        0.0258           26.66
   13       4            7.2986         147.5264             0.0068                  2.54                 2.58                  5.12        0.0208           26.82
   14       4            7.2718         142.4038             0.0070                  3.32                 2.99                  6.31        0.0199           21.78
   15       4            7.2585         119.5423             0.0084                  3.32                 3.31                  6.63        0.0169           19.05
   16       5            7.2550         119.7466             0.0084                  3.32                 3.37                  6.69        0.0169           19.10

Summary Statistics:
------------------------------------------------------------------------------------------------------------------------
            Comp     Groups  Wall Time/Evt (s)  CPU Time/Evt (s)  Throughput (evt/s)  Write Remote (MB/evt)  Read Remote (MB/evt)  Net Transfer (MB/evt)  CPU Cores/Evt  Memory/Evt (MB)
count  16.000000  16.000000          16.000000         16.000000           16.000000              16.000000             16.000000              16.000000      16.000000         16.00000
mean    8.500000   3.000000           7.322794        235.272311            0.005309               1.884766              1.686593               3.571358       0.032616         34.82075
std     4.760952   1.032796           0.065830        131.971522            0.002122               1.152134              1.190408               2.334185       0.017990         16.79774
min     1.000000   1.000000           7.255047        119.542344            0.002128               0.449219              0.000000               0.449219       0.016857         19.05000
25%     4.750000   2.000000           7.274766        147.336721            0.004101               1.035156              0.708173               1.743330       0.020684         25.51150
50%     8.500000   3.000000           7.301517        179.337864            0.005580               1.884766              1.686973               3.571739       0.024970         28.11300
75%    12.250000   4.000000           7.341413        268.672849            0.006787               2.734375              2.665628               5.400003       0.037003         37.67400
max    16.000000   5.000000           7.495112        469.851407            0.008365               3.320312              3.371541               6.691853       0.064000         64.00000
