Workflow Construction Summary Table
========================================================================================================================

 Comp  Groups Wall Time/Evt (s) CPU Time/Evt (s) Throughput (evt/s) Write Remote (MB/evt) Read Remote (MB/evt) Net Transfer (MB/evt) CPU Cores/Evt Memory/Evt (MB)
    1       2           51.4725         355.5517             0.0028                  0.89                 0.62                  1.50        0.0093            9.48
    2       2           51.4725         355.5517             0.0028                  0.89                 0.62                  1.50        0.0093            9.24
    3       3           51.4672         355.5231             0.0028                  0.89                 0.78                  1.67        0.0093            9.48
    4       3           51.4672         355.5231             0.0028                  0.89                 0.78                  1.67        0.0093            9.24
    5       3           51.3953         353.6316             0.0028                  0.89                 0.78                  1.67        0.0093            9.42
    6       3           51.3953         353.6316             0.0028                  0.89                 0.78                  1.67        0.0093            9.24
    7       3           51.4228         180.8057             0.0055                  1.50                 1.32                  2.83        0.0047            9.47
    8       3           51.4228         180.8057             0.0055                  1.50                 1.32                  2.83        0.0047            9.24
    9       3           51.3391         348.5454             0.0029                  0.89                 1.24                  2.13        0.0092            9.25
   10       3           51.2915         320.1108             0.0031                  2.06                 1.99                  4.05        0.0084            9.48
   11       3           51.2915         320.1108             0.0031                  2.06                 1.99                  4.05        0.0084            9.23
   12       4           51.4080         353.6564             0.0028                  0.89                 0.96                  1.85        0.0093            9.43
   13       4           51.4080         353.6564             0.0028                  0.89                 0.96                  1.85        0.0093            9.24
   14       4           51.4203         180.8000             0.0055                  1.50                 1.49                  2.99        0.0047            9.48
   15       4           51.4203         180.8000             0.0055                  1.50                 1.49                  2.99        0.0047            9.24
   16       4           51.3341         348.5697             0.0029                  0.89                 1.40                  2.29        0.0092            9.25
   17       4           51.3341         348.5697             0.0029                  0.89                 1.40                  2.29        0.0092            9.25
   18       4           51.3440         180.5659             0.0055                  1.50                 1.50                  3.01        0.0047            9.42
   19       4           51.3440         180.5659             0.0055                  1.50                 1.50                  3.01        0.0047            9.23
   20       4           51.2689         320.0130             0.0031                  2.06                 2.15                  4.21        0.0084            9.48
   21       4           51.1865         180.1496             0.0056                  2.68                 2.70                  5.37        0.0047            9.46
   22       4           51.2689         320.0130             0.0031                  2.06                 2.15                  4.21        0.0084            9.23
   23       4           51.1865         180.1496             0.0056                  2.68                 2.70                  5.37        0.0047            9.21
   24       4           51.2482         320.0756             0.0031                  2.06                 2.14                  4.20        0.0084            9.42
   25       4           51.2482         320.0756             0.0031                  2.06                 2.14                  4.20        0.0084            9.24
   26       4           51.1588         319.7502             0.0031                  2.06                 2.60                  4.66        0.0084            9.22
   27       4           51.1921         180.1477             0.0056                  1.50                 1.95                  3.45        0.0047            9.21
   28       5           51.3364         348.5735             0.0029                  0.89                 1.57                  2.46        0.0092            9.25
   29       5           51.2877         180.4726             0.0055                  1.50                 1.66                  3.17        0.0048            9.42
   30       5           51.2877         180.4726             0.0055                  1.50                 1.66                  3.17        0.0048            9.24
   31       5           51.2125         180.2011             0.0055                  2.68                 2.87                  5.54        0.0047            9.48
   32       5           51.2125         180.2011             0.0055                  2.68                 2.87                  5.54        0.0047            9.23
   33       5           51.2453         320.0343             0.0031                  2.06                 2.31                  4.37        0.0084            9.42
   34       5           51.2453         320.0343             0.0031                  2.06                 2.31                  4.37        0.0084            9.23
   35       5           51.1735         319.8481             0.0031                  2.06                 2.76                  4.82        0.0084            9.22
   36       5           51.1735         319.8481             0.0031                  2.06                 2.76                  4.82        0.0084            9.23
   37       5           51.1961         180.1551             0.0056                  1.50                 2.11                  3.62        0.0047            9.22
   38       5           51.1961         180.1551             0.0056                  1.50                 2.11                  3.62        0.0047            9.22
   39       5           51.1507         180.0600             0.0056                  2.68                 2.85                  5.53        0.0047            9.40
   40       5           51.1507         180.0600             0.0056                  2.68                 2.85                  5.53        0.0047            9.23
   41       5           51.0956         179.9220             0.0056                  2.68                 3.32                  6.00        0.0047            9.20
   42       6           51.1761         319.9219             0.0031                  2.06                 2.92                  4.98        0.0084            9.23
   43       6           51.1643         180.0910             0.0056                  1.50                 2.27                  3.77        0.0047            9.21
   44       6           51.1328         180.0235             0.0056                  2.68                 3.01                  5.69        0.0047            9.41
   45       6           51.1328         180.0235             0.0056                  2.68                 3.01                  5.69        0.0047            9.23
   46       6           50.9885         179.7070             0.0056                  2.68                 3.46                  6.14        0.0047            9.20
   47       6           50.9885         179.7070             0.0056                  2.68                 3.46                  6.14        0.0047            9.20
   48       7           51.0564         179.8421             0.0056                  2.68                 3.64                  6.32        0.0047            9.21

Summary Statistics:
------------------------------------------------------------------------------------------------------------------------
        Comp     Groups  Wall Time/Evt (s)  CPU Time/Evt (s)  Throughput (evt/s)  Write Remote (MB/evt)  Read Remote (MB/evt)  Net Transfer (MB/evt)  CPU Cores/Evt  Memory/Evt (MB)
count  48.00  48.000000          48.000000         48.000000           48.000000              48.000000             48.000000              48.000000      48.000000        48.000000
mean   24.50   4.333333          51.266895        258.264655            0.004264               1.782451              2.025866               3.808317       0.006789         9.301642
std    14.00   1.117241           0.125632         79.714866            0.001301               0.668887              0.837267               1.478446       0.002091         0.105833
min     1.00   2.000000          50.988526        179.706993            0.002813               0.888672              0.615462               1.504134       0.004730         9.199800
25%    12.75   4.000000          51.175414        180.153755            0.003060               1.350435              1.400511               2.735414       0.004744         9.227900
50%    24.50   4.000000          51.258548        250.277972            0.004329               1.782451              2.114904               3.909611       0.006579         9.240000
75%    36.25   5.000000          51.356815        327.219442            0.005551               2.214468              2.758223               5.082242       0.008605         9.421850
max    48.00   7.000000          51.472454        355.551729            0.005565               2.676230              3.642828               6.319058       0.009322         9.483200
