Workflow Construction Summary Table
========================================================================================================================

 Comp  Groups Wall Time/Evt (s) CPU Time/Evt (s) Throughput (evt/s) Write Remote (MB/evt) Read Remote (MB/evt) Net Transfer (MB/evt) CPU Cores/Evt Memory/Evt (MB)
    1       1           10.7037          75.1437             0.0133                  0.45                 0.00                  0.45        0.0407           40.67
    2       2           10.4009          72.7444             0.0137                  0.45                 0.07                  0.52        0.0405           40.52
    3       2           10.1165          68.8402             0.0145                  0.45                 0.43                  0.88        0.0395           39.47
    4       2           10.4206          61.6957             0.0162                  2.53                 2.44                  4.97        0.0346           36.95
    5       2           10.0776          53.8409             0.0186                  1.22                 0.91                  2.13        0.0314           26.62
    6       3           10.1065          67.8797             0.0147                  0.45                 0.51                  0.95        0.0390           39.48
    7       3           10.3367          61.4245             0.0163                  2.53                 2.51                  5.04        0.0346           36.84
    8       3            9.9450          53.3823             0.0187                  1.22                 0.98                  2.21        0.0314           26.45
    9       3           10.2995          61.2738             0.0163                  2.53                 2.87                  5.39        0.0346           35.74
   10       3            9.8807          53.1582             0.0188                  1.23                 1.35                  2.58        0.0314           25.59
   11       3           10.4085          54.9748             0.0182                  3.31                 3.34                  6.65        0.0313           25.87
   12       4           10.2791          60.2401             0.0166                  2.53                 2.93                  5.46        0.0341           35.68
   13       4            9.8594          52.1473             0.0192                  1.23                 1.42                  2.64        0.0309           25.60
   14       4           10.3394          54.7392             0.0183                  3.31                 3.42                  6.72        0.0314           25.78
   15       4           10.2874          54.5463             0.0183                  3.31                 3.77                  7.08        0.0313           24.72
   16       5           10.2851          53.6145             0.0187                  3.31                 3.85                  7.16        0.0309           24.74

Summary Statistics:
------------------------------------------------------------------------------------------------------------------------
            Comp     Groups  Wall Time/Evt (s)  CPU Time/Evt (s)  Throughput (evt/s)  Write Remote (MB/evt)  Read Remote (MB/evt)  Net Transfer (MB/evt)  CPU Cores/Evt  Memory/Evt (MB)
count  16.000000  16.000000          16.000000         16.000000           16.000000              16.000000             16.000000              16.000000      16.000000        16.000000
mean    8.500000   3.000000          10.234166         59.977845            0.016904               1.877677              1.924425               3.802102       0.034213        31.920813
std     4.760952   1.032796           0.223672          7.537531            0.001968               1.147624              1.359895               2.498777       0.003684         6.626520
min     1.000000   1.000000           9.859436         52.147261            0.013308               0.447748              0.000000               0.448284       0.030856        24.720000
25%     4.750000   2.000000          10.099297         53.784310            0.015839               1.030069              0.806711               1.836699       0.031355        25.737500
50%     8.500000   3.000000          10.286252         57.607444            0.017395               1.876806              1.926742               3.805590       0.032719        31.150000
75%    12.250000   4.000000          10.354800         63.241679            0.018593               2.725336              3.032105               5.753432       0.035706        37.578250
max    16.000000   5.000000          10.703748         75.143696            0.019176               3.309975              3.852704               7.160528       0.040672        40.672000
