Workflow Construction Summary Table
========================================================================================================================

 Comp  Groups Wall Time/Evt (s) CPU Time/Evt (s) Throughput (evt/s) Write Remote (MB/evt) Read Remote (MB/evt) Net Transfer (MB/evt) CPU Cores/Evt Memory/Evt (MB)
    1       1            8.9029         542.7692             0.0018                  0.45                 0.00                  0.45        0.2720          272.00
    2       2            8.6431         523.5911             0.0019                  0.45                 0.07                  0.52        0.2700          270.17
    3       2            8.3814         484.0549             0.0021                  0.45                 0.39                  0.84        0.2575          258.95
    4       2            8.2448         241.7501             0.0041                  1.23                 0.82                  2.05        0.1244          126.78
    5       2            8.2585         193.8051             0.0052                  2.54                 2.19                  4.73        0.1025          126.67
    6       3            8.3690         483.9456             0.0021                  0.45                 0.46                  0.91        0.2574          258.85
    7       3            8.1253         231.1367             0.0043                  1.23                 0.89                  2.12        0.1224          124.86
    8       3            8.1833         186.0175             0.0054                  2.54                 2.26                  4.80        0.1007          125.00
    9       3            8.0180         200.4772             0.0050                  1.23                 1.22                  2.45        0.1094          113.20
   10       3            8.1295         159.2688             0.0063                  2.54                 2.60                  5.14        0.0883          113.83
   11       3            8.0946         163.4357             0.0061                  3.32                 3.02                  6.34        0.0860           93.79
   12       4            8.0038         200.6576             0.0050                  1.23                 1.28                  2.51        0.1096          113.32
   13       4            8.1160         159.5120             0.0063                  2.54                 2.67                  5.21        0.0886          114.04
   14       4            8.0187         155.6922             0.0064                  3.32                 3.08                  6.40        0.0844           92.31
   15       4            7.9673         128.4623             0.0078                  3.32                 3.41                  6.74        0.0713           80.62
   16       5            7.9518         128.4019             0.0078                  3.32                 3.48                  6.80        0.0713           80.56

Summary Statistics:
------------------------------------------------------------------------------------------------------------------------
            Comp     Groups  Wall Time/Evt (s)  CPU Time/Evt (s)  Throughput (evt/s)  Write Remote (MB/evt)  Read Remote (MB/evt)  Net Transfer (MB/evt)  CPU Cores/Evt  Memory/Evt (MB)
count  16.000000  16.000000          16.000000         16.000000           16.000000              16.000000             16.000000              16.000000      16.000000        16.000000
mean    8.500000   3.000000           8.213009        261.436110            0.004845               1.884490              1.740591               3.625081       0.138491       147.810125
std     4.760952   1.032796           0.258702        151.198174            0.001996               1.151888              1.230147               2.373440       0.076601        71.522105
min     1.000000   1.000000           7.951795        128.401905            0.001842               0.449219              0.000000               0.449219       0.071325        80.562000
25%     4.750000   2.000000           8.018537        159.451191            0.003619               1.034879              0.731664               1.766820       0.087705       108.351500
50%     8.500000   3.000000           8.127406        197.141140            0.005074               1.884766              1.738722               3.623303       0.105957       119.446000
75%    12.250000   4.000000           8.286142        302.298971            0.006272               2.733520              2.756591               5.490966       0.157695       159.801500
max    16.000000   5.000000           8.902945        542.769186            0.007788               3.320312              3.481522               6.801834       0.272000       272.000000
