Workflow Construction Summary Table
========================================================================================================================

 Comp  Groups Wall Time/Evt (s) CPU Time/Evt (s) Throughput (evt/s) Write Remote (MB/evt) Read Remote (MB/evt) Net Transfer (MB/evt) CPU Cores/Evt Memory/Evt (MB)
    1       1            7.0463          56.0909             0.0178                  0.45                 0.00                  0.45        0.0019            1.94
    2       2            7.0321          55.7745             0.0179                  0.45                 0.06                  0.51        0.0019            1.93
    3       2            7.0202          54.2582             0.0184                  0.45                 0.38                  0.83        0.0019            1.88
    4       2            7.0374          47.9031             0.0209                  2.54                 2.09                  4.63        0.0017            1.76
    5       2            7.0177          43.2871             0.0231                  1.23                 0.78                  2.01        0.0015            1.27
    6       3            7.0200          53.5472             0.0187                  0.45                 0.44                  0.89        0.0019            1.88
    7       3            7.0337          47.8885             0.0209                  2.54                 2.16                  4.70        0.0017            1.76
    8       3            7.0116          43.2629             0.0231                  1.23                 0.85                  2.08        0.0015            1.26
    9       3            7.0336          47.8881             0.0209                  2.54                 2.47                  5.01        0.0017            1.71
   10       3            7.0085          43.2504             0.0231                  1.23                 1.16                  2.39        0.0015            1.21
   11       3            7.0429          43.3989             0.0230                  3.32                 2.88                  6.20        0.0015            1.23
   12       4            7.0334          47.1770             0.0212                  2.54                 2.53                  5.07        0.0016            1.71
   13       4            7.0083          42.5335             0.0235                  1.23                 1.23                  2.46        0.0015            1.21
   14       4            7.0392          43.3845             0.0230                  3.32                 2.94                  6.26        0.0015            1.23
   15       4            7.0391          43.3839             0.0231                  3.32                 3.25                  6.58        0.0015            1.17
   16       5            7.0389          42.6729             0.0234                  3.32                 3.32                  6.64        0.0015            1.18

Summary Statistics:
------------------------------------------------------------------------------------------------------------------------
            Comp     Groups  Wall Time/Evt (s)  CPU Time/Evt (s)  Throughput (evt/s)  Write Remote (MB/evt)  Read Remote (MB/evt)  Net Transfer (MB/evt)  CPU Cores/Evt  Memory/Evt (MB)
count  16.000000  16.000000          16.000000         16.000000           16.000000              16.000000             16.000000              16.000000      16.000000        16.000000
mean    8.500000   3.000000           7.028936         47.231360            0.021383               1.884766              1.659039               3.543805       0.001636         1.520600
std     4.760952   1.032796           0.012588          5.009010            0.002120               1.152134              1.171266               2.315076       0.000173         0.317959
min     1.000000   1.000000           7.008303         42.533481            0.017828               0.449219              0.000000               0.449219       0.001478         1.174200
25%     4.750000   2.000000           7.019409         43.281078            0.020325               1.035156              0.697978               1.733134       0.001502         1.222500
50%     8.500000   3.000000           7.033525         45.287989            0.022119               1.884766              1.659575               3.544341       0.001567         1.487700
75%    12.250000   4.000000           7.038965         49.314120            0.023105               2.734375              2.619342               5.353717       0.001707         1.792200
max    16.000000   5.000000           7.046302         56.090937            0.023511               3.320312              3.318399               6.638712       0.001938         1.937600
