Workflow Construction Summary Table
========================================================================================================================

 Comp  Groups Wall Time/Evt (s) CPU Time/Evt (s) Throughput (evt/s) Write Remote (MB/evt) Read Remote (MB/evt) Net Transfer (MB/evt) CPU Cores/Evt Memory/Evt (MB)
    1       1            6.9979          55.7055             0.0180                  0.45                 0.00                  0.45        0.0006            0.65
    2       2            7.0111          55.7415             0.0179                  0.45                 0.07                  0.52        0.0006            0.65
    3       2            7.0008          55.7290             0.0179                  1.23                 0.79                  2.02        0.0006            0.65
    4       2            7.0092          55.7264             0.0179                  0.45                 0.38                  0.83        0.0006            0.65
    5       2            7.0445          56.0073             0.0179                  2.54                 2.11                  4.65        0.0006            0.65
    6       3            7.0096          55.7294             0.0179                  0.45                 0.45                  0.90        0.0007            0.65
    7       3            7.0168          55.7864             0.0179                  1.23                 0.86                  2.09        0.0006            0.65
    8       3            7.0570          56.1060             0.0178                  3.32                 2.90                  6.22        0.0006            0.65
    9       3            7.0437          56.0009             0.0179                  2.54                 2.17                  4.71        0.0007            0.65
   10       3            7.0457          56.0172             0.0179                  2.54                 2.49                  5.02        0.0006            0.65
   11       3            7.0178          55.7945             0.0179                  1.23                 1.17                  2.40        0.0006            0.65
   12       4            7.0461          56.0201             0.0179                  2.54                 2.55                  5.09        0.0007            0.65
   13       4            7.0181          55.7974             0.0179                  1.23                 1.23                  2.47        0.0007            0.65
   14       4            7.0562          56.0998             0.0178                  3.32                 2.96                  6.28        0.0007            0.65
   15       4            7.0583          56.1162             0.0178                  3.32                 3.27                  6.59        0.0007            0.65
   16       5            7.0586          56.1191             0.0178                  3.32                 3.34                  6.66        0.0007            0.65

Summary Statistics:
------------------------------------------------------------------------------------------------------------------------
            Comp     Groups  Wall Time/Evt (s)  CPU Time/Evt (s)  Throughput (evt/s)  Write Remote (MB/evt)  Read Remote (MB/evt)  Net Transfer (MB/evt)  CPU Cores/Evt  Memory/Evt (MB)
count  16.000000  16.000000          16.000000         16.000000           16.000000              16.000000             16.000000              16.000000      16.000000        16.000000
mean    8.500000   3.000000           7.030717         55.906048            0.017887               1.884766              1.671096               3.555862       0.000650         0.650400
std     4.760952   1.032796           0.022333          0.165810            0.000053               1.152134              1.176167               2.319934       0.000002         0.002186
min     1.000000   1.000000           6.997893         55.705541            0.017819               0.449219              0.000000               0.449219       0.000646         0.646400
25%     4.750000   2.000000           7.010744         55.738441            0.017844               1.035156              0.701387               1.736543       0.000650         0.649600
50%     8.500000   3.000000           7.030924         55.899183            0.017889               1.884766              1.671442               3.556208       0.000650         0.649600
75%    12.250000   4.000000           7.048637         56.040047            0.017941               2.734375              2.636219               5.370594       0.000652         0.651600
max    16.000000   5.000000           7.058621         56.119109            0.017952               3.320312              3.337250               6.657562       0.000654         0.654400
