Workflow Construction Summary Table
========================================================================================================================

 Comp  Groups Wall Time/Evt (s) CPU Time/Evt (s) Throughput (evt/s) Write Remote (MB/evt) Read Remote (MB/evt) Net Transfer (MB/evt) CPU Cores/Evt Memory/Evt (MB)
    1       2           39.9615         159.0686             0.0063                  0.89                 0.54                  1.43        0.0109           21.72
    2       2           39.9615         159.0686             0.0063                  0.89                 0.54                  1.43        0.0109           21.72
    3       3           39.9678         159.0995             0.0063                  0.89                 0.69                  1.58        0.0109           21.72
    4       3           39.9678         159.0995             0.0063                  0.89                 0.69                  1.58        0.0109           21.72
    5       3           39.8183         158.4925             0.0063                  0.89                 0.69                  1.58        0.0109           21.73
    6       3           39.8183         158.4925             0.0063                  0.89                 0.69                  1.58        0.0109           21.73
    7       3           39.9270         158.9311             0.0063                  1.50                 1.16                  2.66        0.0108           21.69
    8       3           39.9270         158.9311             0.0063                  1.50                 1.16                  2.66        0.0108           21.69
    9       3           39.6926         158.0036             0.0063                  0.89                 1.08                  1.97        0.0109           21.71
   10       3           39.7505         158.2404             0.0063                  2.06                 1.72                  3.78        0.0108           21.69
   11       3           39.7505         158.2404             0.0063                  2.06                 1.72                  3.78        0.0108           21.69
   12       4           39.8276         158.5296             0.0063                  0.89                 0.84                  1.72        0.0109           21.73
   13       4           39.8276         158.5296             0.0063                  0.89                 0.84                  1.72        0.0109           21.73
   14       4           39.9332         158.9620             0.0063                  1.50                 1.31                  2.81        0.0108           21.69
   15       4           39.9332         158.9620             0.0063                  1.50                 1.31                  2.81        0.0108           21.69
   16       4           39.7019         158.0407             0.0063                  0.89                 1.23                  2.12        0.0109           21.72
   17       4           39.7019         158.0407             0.0063                  0.89                 1.23                  2.12        0.0109           21.72
   18       4           39.7824         158.3557             0.0063                  1.50                 1.31                  2.81        0.0108           21.69
   19       4           39.7824         158.3557             0.0063                  1.50                 1.31                  2.81        0.0108           21.69
   20       4           39.7599         158.2776             0.0063                  2.06                 1.86                  3.92        0.0108           21.70
   21       4           39.7479         158.2307             0.0063                  2.68                 2.33                  5.01        0.0108           21.68
   22       4           39.7599         158.2776             0.0063                  2.06                 1.86                  3.92        0.0108           21.70
   23       4           39.7479         158.2307             0.0063                  2.68                 2.33                  5.01        0.0108           21.68
   24       4           39.7333         158.1719             0.0063                  2.06                 1.86                  3.92        0.0108           21.70
   25       4           39.7333         158.1719             0.0063                  2.06                 1.86                  3.92        0.0108           21.70
   26       4           39.7489         158.2336             0.0063                  2.06                 2.26                  4.32        0.0108           21.70
   27       4           39.6644         157.8915             0.0063                  1.50                 1.70                  3.20        0.0108           21.68
   28       5           39.7112         158.0777             0.0063                  0.89                 1.37                  2.26        0.0109           21.72
   29       5           39.7887         158.3867             0.0063                  1.50                 1.45                  2.96        0.0108           21.69
   30       5           39.7887         158.3867             0.0063                  1.50                 1.45                  2.96        0.0108           21.69
   31       5           39.7572         158.2678             0.0063                  2.68                 2.48                  5.16        0.0108           21.68
   32       5           39.7572         158.2678             0.0063                  2.68                 2.48                  5.16        0.0108           21.68
   33       5           39.7426         158.2091             0.0063                  2.06                 2.01                  4.07        0.0108           21.70
   34       5           39.7426         158.2091             0.0063                  2.06                 2.01                  4.07        0.0108           21.70
   35       5           39.7582         158.2708             0.0063                  2.06                 2.40                  4.46        0.0108           21.70
   36       5           39.7582         158.2708             0.0063                  2.06                 2.40                  4.46        0.0108           21.70
   37       5           39.6737         157.9285             0.0063                  1.50                 1.85                  3.35        0.0108           21.69
   38       5           39.6737         157.9285             0.0063                  1.50                 1.85                  3.35        0.0108           21.69
   39       5           39.7307         158.1622             0.0063                  2.68                 2.48                  5.16        0.0108           21.68
   40       5           39.7307         158.1622             0.0063                  2.68                 2.48                  5.16        0.0108           21.68
   41       5           39.7462         158.2239             0.0063                  2.68                 2.87                  5.55        0.0108           21.68
   42       6           39.7675         158.3079             0.0063                  2.06                 2.55                  4.61        0.0109           21.70
   43       6           39.6830         157.9656             0.0063                  1.50                 1.99                  3.50        0.0108           21.69
   44       6           39.7400         158.1995             0.0063                  2.68                 2.63                  5.31        0.0108           21.69
   45       6           39.7400         158.1995             0.0063                  2.68                 2.63                  5.31        0.0108           21.69
   46       6           39.7556         158.2611             0.0063                  2.68                 3.02                  5.70        0.0108           21.69
   47       6           39.7556         158.2611             0.0063                  2.68                 3.02                  5.70        0.0108           21.69
   48       7           39.7649         158.2982             0.0063                  2.68                 3.17                  5.84        0.0108           21.69

Summary Statistics:
------------------------------------------------------------------------------------------------------------------------
        Comp     Groups  Wall Time/Evt (s)  CPU Time/Evt (s)  Throughput (evt/s)  Write Remote (MB/evt)  Read Remote (MB/evt)  Net Transfer (MB/evt)  CPU Cores/Evt  Memory/Evt (MB)
count  48.00  48.000000          48.000000         48.000000           48.000000              48.000000             48.000000              48.000000      48.000000        48.000000
mean   24.50   4.333333          39.781136        158.357790            0.006315               1.782451              1.764463               3.546914       0.010849        21.698400
std    14.00   1.117241           0.083750          0.330773            0.000013               0.668887              0.726527               1.368717       0.000007         0.014701
min     1.00   2.000000          39.664354        157.891480            0.006285               0.888672              0.540084               1.428756       0.010841        21.681600
25%    12.75   4.000000          39.738359        158.192602            0.006313               1.350435              1.226771               2.563026       0.010843        21.686400
50%    24.50   4.000000          39.756381        158.264437            0.006319               1.782451              1.845460               3.636858       0.010847        21.694400
75%    36.25   5.000000          39.796096        158.413130            0.006321               2.214468              2.402692               4.710574       0.010853        21.705200
max    48.00   7.000000          39.967787        159.099507            0.006333               2.676230              3.168666               5.844897       0.010866        21.731200
