Workflow Construction Summary Table
========================================================================================================================

 Comp  Groups Wall Time/Evt (s) CPU Time/Evt (s) Throughput (evt/s) Write Remote (MB/evt) Read Remote (MB/evt) Net Transfer (MB/evt) CPU Cores/Evt Memory/Evt (MB)
    1       1            7.8396          61.2798             0.0163                  0.45                 0.00                  0.45        0.0161           16.09
    2       2            7.7164          60.1086             0.0166                  0.45                 0.06                  0.51        0.0160           16.03
    3       2            7.5938          57.6485             0.0173                  0.45                 0.39                  0.84        0.0156           15.62
    4       2            7.5557          50.3582             0.0199                  2.54                 2.14                  4.68        0.0138           14.66
    5       2            7.5354          45.3026             0.0221                  1.23                 0.80                  2.03        0.0125           10.55
    6       3            7.5874          56.8877             0.0176                  0.45                 0.45                  0.90        0.0154           15.63
    7       3            7.5205          50.2208             0.0199                  2.54                 2.20                  4.74        0.0138           14.60
    8       3            7.4801          45.0867             0.0222                  1.23                 0.87                  2.10        0.0125           10.49
    9       3            7.4967          50.1233             0.0200                  2.54                 2.53                  5.06        0.0138           14.19
   10       3            7.4307          44.8956             0.0223                  1.23                 1.19                  2.42        0.0125           10.08
   11       3            7.4865          45.1117             0.0222                  3.32                 2.94                  6.26        0.0125           10.23
   12       4            7.4897          49.3604             0.0203                  2.54                 2.59                  5.13        0.0135           14.19
   13       4            7.4240          44.1324             0.0227                  1.23                 1.25                  2.48        0.0123           10.08
   14       4            7.4514          44.9745             0.0222                  3.32                 3.01                  6.33        0.0125           10.17
   15       4            7.4270          44.8802             0.0223                  3.32                 3.33                  6.65        0.0125            9.76
   16       5            7.4202          44.1177             0.0227                  3.32                 3.39                  6.71        0.0123            9.77

Summary Statistics:
------------------------------------------------------------------------------------------------------------------------
            Comp     Groups  Wall Time/Evt (s)  CPU Time/Evt (s)  Throughput (evt/s)  Write Remote (MB/evt)  Read Remote (MB/evt)  Net Transfer (MB/evt)  CPU Cores/Evt  Memory/Evt (MB)
count  16.000000  16.000000          16.000000         16.000000           16.000000              16.000000             16.000000              16.000000      16.000000        16.000000
mean    8.500000   3.000000           7.528448         49.655544            0.020400               1.884766              1.695224               3.579989       0.013581        12.633687
std     4.760952   1.032796           0.114248          6.059234            0.002289               1.152134              1.197043               2.340760       0.001436         2.639349
min     1.000000   1.000000           7.420171         44.117654            0.016319               0.449219              0.000000               0.449219       0.012262         9.762400
25%     4.750000   2.000000           7.446256         44.954797            0.019288               1.035156              0.712732               1.747888       0.012464        10.150000
50%     8.500000   3.000000           7.493194         47.331496            0.021166               1.884766              1.694723               3.579488       0.013008        12.367700
75%    12.250000   4.000000           7.563609         51.990609            0.022245               2.734375              2.678003               5.412378       0.014172        14.897600
max    16.000000   5.000000           7.839638         61.279800            0.022667               3.320312              3.390384               6.710696       0.016093        16.092800
