Workflow Construction Summary Table
========================================================================================================================

 Comp  Groups Wall Time/Evt (s) CPU Time/Evt (s) Throughput (evt/s) Write Remote (MB/evt) Read Remote (MB/evt) Net Transfer (MB/evt) CPU Cores/Evt Memory/Evt (MB)
    1       1            7.5796          59.2485             0.0169                  0.45                 0.00                  0.45        0.0080            8.04
    2       2            7.5223          58.8096             0.0170                  0.45                 0.06                  0.51        0.0080            8.04
    3       2            7.5826          59.2755             0.0169                  1.23                 0.80                  2.03        0.0080            8.04
    4       2            7.4906          58.5697             0.0171                  0.45                 0.39                  0.83        0.0080            8.04
    5       2            7.8536          61.3930             0.0163                  2.54                 2.14                  4.68        0.0080            8.04
    6       3            7.4939          58.5948             0.0171                  0.45                 0.45                  0.90        0.0080            8.04
    7       3            7.5607          59.1066             0.0169                  1.23                 0.87                  2.10        0.0080            8.04
    8       3            7.9719          62.3277             0.0160                  3.32                 2.94                  6.27        0.0080            8.04
    9       3            7.8389          61.2913             0.0163                  2.54                 2.21                  4.75        0.0080            8.04
   10       3            7.8516          61.4154             0.0163                  2.54                 2.52                  5.06        0.0080            8.03
   11       3            7.5646          59.1470             0.0169                  1.23                 1.19                  2.42        0.0080            8.04
   12       4            7.8547          61.4400             0.0163                  2.54                 2.59                  5.13        0.0080            8.03
   13       4            7.5677          59.1718             0.0169                  1.23                 1.25                  2.48        0.0080            8.04
   14       4            7.9543          62.2147             0.0161                  3.32                 3.01                  6.33        0.0080            8.03
   15       4            7.9752          62.3715             0.0160                  3.32                 3.33                  6.65        0.0080            8.03
   16       5            7.9825          62.4127             0.0160                  3.32                 3.39                  6.71        0.0080            8.05

Summary Statistics:
------------------------------------------------------------------------------------------------------------------------
            Comp     Groups  Wall Time/Evt (s)  CPU Time/Evt (s)  Throughput (evt/s)  Write Remote (MB/evt)  Read Remote (MB/evt)  Net Transfer (MB/evt)  CPU Cores/Evt  Memory/Evt (MB)
count  16.000000  16.000000          16.000000         16.000000           16.000000              16.000000             16.000000              16.000000      16.000000        16.000000
mean    8.500000   3.000000           7.727787         60.424361            0.016560               1.884766              1.696598               3.581363       0.008038         8.037800
std     4.760952   1.032796           0.195458          1.534268            0.000420               1.152134              1.197760               2.341521       0.000004         0.003826
min     1.000000   1.000000           7.490581         58.569730            0.016022               0.449219              0.000000               0.449219       0.008032         8.032000
25%     4.750000   2.000000           7.563594         59.136922            0.016225               1.035156              0.713974               1.749131       0.008035         8.034800
50%     8.500000   3.000000           7.710742         60.283396            0.016593               1.884766              1.698310               3.583075       0.008038         8.038400
75%    12.250000   4.000000           7.879632         61.633644            0.016910               2.734375              2.678637               5.413012       0.008039         8.038800
max    16.000000   5.000000           7.982460         62.412681            0.017074               3.320312              3.393936               6.714248       0.008046         8.046400
