Workflow Construction Summary Table
========================================================================================================================

 Comp  Groups Wall Time/Evt (s) CPU Time/Evt (s) Throughput (evt/s) Write Remote (MB/evt) Read Remote (MB/evt) Net Transfer (MB/evt) CPU Cores/Evt Memory/Evt (MB)
    1       1            7.8208          59.1890             0.0169                  0.45                 0.00                  0.45        0.0022            2.15
    2       2            7.8342          59.1871             0.0169                  0.45                 0.06                  0.51        0.0022            2.18
    3       2            7.8211          59.0878             0.0169                  0.45                 0.40                  0.85        0.0022            2.18
    4       2            7.8528          59.3286             0.0169                  2.54                 2.20                  4.73        0.0022            2.17
    5       2            7.8243          59.1139             0.0169                  1.23                 0.82                  2.05        0.0022            2.17
    6       3            7.8209          59.0863             0.0169                  0.45                 0.47                  0.92        0.0022            2.19
    7       3            7.8259          59.2073             0.0169                  2.54                 2.25                  4.79        0.0022            2.18
    8       3            7.8178          59.0650             0.0169                  1.23                 0.89                  2.12        0.0022            2.20
    9       3            7.8488          59.2990             0.0169                  2.54                 2.59                  5.13        0.0022            2.19
   10       3            7.8143          59.0370             0.0169                  1.23                 1.22                  2.45        0.0022            2.18
   11       3            7.8301          59.2605             0.0169                  3.32                 3.01                  6.33        0.0022            2.18
   12       4            7.8486          59.2972             0.0169                  2.54                 2.65                  5.19        0.0022            2.21
   13       4            7.8141          59.0361             0.0169                  1.23                 1.29                  2.52        0.0022            2.20
   14       4            7.8348          59.2649             0.0169                  3.32                 3.08                  6.40        0.0022            2.20
   15       4            7.8257          59.2280             0.0169                  3.32                 3.41                  6.73        0.0022            2.19
   16       5            7.8256          59.2268             0.0169                  3.32                 3.47                  6.79        0.0022            2.22

Summary Statistics:
------------------------------------------------------------------------------------------------------------------------
            Comp     Groups  Wall Time/Evt (s)  CPU Time/Evt (s)  Throughput (evt/s)  Write Remote (MB/evt)  Read Remote (MB/evt)  Net Transfer (MB/evt)  CPU Cores/Evt  Memory/Evt (MB)
count  16.000000  16.000000          16.000000         16.000000           16.000000              16.000000             16.000000              16.000000      16.000000        16.000000
mean    8.500000   3.000000           7.828740         59.182155            0.016897               1.884766              1.738434               3.623199       0.002187         2.187000
std     4.760952   1.032796           0.012155          0.098313            0.000028               1.152134              1.224457               2.367788       0.000016         0.016492
min     1.000000   1.000000           7.814126         59.036149            0.016855               0.449219              0.000000               0.449219       0.002152         2.152000
25%     4.750000   2.000000           7.820876         59.087434            0.016874               1.035156              0.734177               1.769333       0.002176         2.176000
50%     8.500000   3.000000           7.825642         59.198160            0.016892               1.884766              1.742155               3.626921       0.002188         2.188000
75%    12.250000   4.000000           7.834374         59.261619            0.016924               2.734375              2.742648               5.477023       0.002200         2.200000
max    16.000000   5.000000           7.852751         59.328641            0.016939               3.320312              3.473547               6.793860       0.002216         2.216000
