Workflow Construction Summary Table
========================================================================================================================

 Comp  Groups Wall Time/Evt (s) CPU Time/Evt (s) Throughput (evt/s) Write Remote (MB/evt) Read Remote (MB/evt) Net Transfer (MB/evt) CPU Cores/Evt Memory/Evt (MB)
    1       1            7.6526          58.4023             0.0171                  0.45                 0.00                  0.45        0.0014            1.41
    2       2            7.6375          58.0938             0.0172                  0.45                 0.07                  0.52        0.0014            1.40
    3       2            7.6248          45.1126             0.0222                  1.23                 0.82                  2.05        0.0011            0.92
    4       2            7.6311          56.5982             0.0177                  0.45                 0.38                  0.83        0.0014            1.37
    5       2            7.6159          49.7891             0.0201                  2.54                 2.18                  4.71        0.0012            1.28
    6       3            7.6287          55.8595             0.0179                  0.45                 0.45                  0.90        0.0014            1.37
    7       3            7.6200          45.0940             0.0222                  1.23                 0.88                  2.11        0.0011            0.92
    8       3            7.5869          45.0228             0.0222                  3.32                 2.99                  6.31        0.0011            0.89
    9       3            7.6128          49.7772             0.0201                  2.54                 2.24                  4.78        0.0012            1.28
   10       3            7.6126          49.7380             0.0201                  2.54                 2.58                  5.12        0.0012            1.25
   11       3            7.6154          45.0767             0.0222                  1.23                 1.22                  2.45        0.0011            0.88
   12       4            7.6100          48.9958             0.0204                  2.54                 2.65                  5.19        0.0012            1.25
   13       4            7.6062          44.3387             0.0226                  1.23                 1.27                  2.50        0.0011            0.89
   14       4            7.5911          45.0256             0.0222                  3.32                 3.06                  6.38        0.0011            0.89
   15       4            7.5858          45.0108             0.0222                  3.32                 3.39                  6.71        0.0011            0.86
   16       5            7.6026          44.3162             0.0226                  3.32                 3.47                  6.79        0.0011            0.86

Summary Statistics:
------------------------------------------------------------------------------------------------------------------------
            Comp     Groups  Wall Time/Evt (s)  CPU Time/Evt (s)  Throughput (evt/s)  Write Remote (MB/evt)  Read Remote (MB/evt)  Net Transfer (MB/evt)  CPU Cores/Evt  Memory/Evt (MB)
count  16.000000  16.000000          16.000000         16.000000           16.000000              16.000000             16.000000              16.000000      16.000000        16.000000
mean    8.500000   3.000000           7.614618         49.140702            0.020555               1.884766              1.728372               3.613137       0.001193         1.108237
std     4.760952   1.032796           0.018192          5.255435            0.002052               1.152134              1.221929               2.365394       0.000125         0.231139
min     1.000000   1.000000           7.585829         44.316175            0.017123               0.449219              0.000000               0.449219       0.001078         0.855400
25%     4.750000   2.000000           7.605288         45.024924            0.019539               1.035156              0.727859               1.763016       0.001094         0.890400
50%     8.500000   3.000000           7.614102         47.054211            0.021288               1.884766              1.722796               3.607562       0.001144         1.085500
75%    12.250000   4.000000           7.625795         51.306671            0.022210               2.734375              2.736542               5.470917       0.001246         1.305650
max    16.000000   5.000000           7.652592         58.402309            0.022565               3.320312              3.468495               6.788808       0.001408         1.408000
