Workflow Construction Summary Table
========================================================================================================================

 Comp  Groups Wall Time/Evt (s) CPU Time/Evt (s) Throughput (evt/s) Write Remote (MB/evt) Read Remote (MB/evt) Net Transfer (MB/evt) CPU Cores/Evt Memory/Evt (MB)
    1       1            7.2616         462.3888             0.0022                  0.45                 0.00                  0.45        0.0620           61.99
    2       2            7.2037         455.5828             0.0022                  0.45                 0.06                  0.51        0.0616           61.59
    3       2            7.1120         210.0470             0.0048                  1.23                 0.79                  2.02        0.0284           28.95
    4       2            7.1453         430.2902             0.0023                  0.45                 0.38                  0.83        0.0586           58.99
    5       2            7.1112         172.1556             0.0058                  2.54                 2.10                  4.64        0.0235           28.99
    6       3            7.1420         430.2772             0.0023                  0.45                 0.44                  0.89        0.0586           58.98
    7       3            7.0851         205.2573             0.0049                  1.23                 0.85                  2.08        0.0280           28.53
    8       3            7.0716         144.8726             0.0069                  3.32                 2.89                  6.21        0.0198           21.54
    9       3            7.0941         167.9875             0.0060                  2.54                 2.17                  4.70        0.0231           28.60
   10       3            7.0813         145.6859             0.0069                  2.54                 2.48                  5.02        0.0201           25.96
   11       3            7.0602         182.1406             0.0055                  1.23                 1.16                  2.39        0.0250           25.90
   12       4            7.0780         145.6727             0.0069                  2.54                 2.54                  5.08        0.0201           25.95
   13       4            7.0569         182.1714             0.0055                  1.23                 1.23                  2.46        0.0250           25.90
   14       4            7.0544         140.7022             0.0071                  3.32                 2.95                  6.27        0.0193           21.14
   15       4            7.0417         118.3608             0.0084                  3.32                 3.26                  6.58        0.0164           18.50
   16       5            7.0383         118.3912             0.0084                  3.32                 3.33                  6.65        0.0164           18.50

Summary Statistics:
------------------------------------------------------------------------------------------------------------------------
            Comp     Groups  Wall Time/Evt (s)  CPU Time/Evt (s)  Throughput (evt/s)  Write Remote (MB/evt)  Read Remote (MB/evt)  Net Transfer (MB/evt)  CPU Cores/Evt  Memory/Evt (MB)
count  16.000000  16.000000          16.000000         16.000000           16.000000              16.000000             16.000000              16.000000      16.000000        16.000000
mean    8.500000   3.000000           7.102337        231.998981            0.005376               1.884766              1.664433               3.549198       0.031624        33.751000
std     4.760952   1.032796           0.060826        129.665185            0.002143               1.152134              1.174968               2.318760       0.017414        16.254781
min     1.000000   1.000000           7.038349        118.360755            0.002163               0.449219              0.000000               0.449219       0.016386        18.499200
25%     4.750000   2.000000           7.059340        145.472671            0.004152               1.035156              0.699739               1.734895       0.020030        24.813200
50%     8.500000   3.000000           7.083194        177.148072            0.005649               1.884766              1.664159               3.548925       0.024259        27.246400
75%    12.250000   4.000000           7.119518        265.104557            0.006874               2.734375              2.629374               5.363749       0.035970        36.488400
max    16.000000   5.000000           7.261561        462.388822            0.008449               3.320312              3.328243               6.648555       0.061990        61.990400
