Workflow Construction Summary Table
========================================================================================================================

 Comp  Groups Wall Time/Evt (s) CPU Time/Evt (s) Throughput (evt/s) Write Remote (MB/evt) Read Remote (MB/evt) Net Transfer (MB/evt) CPU Cores/Evt Memory/Evt (MB)
    1       2           42.9425        2533.9184             0.0004                  0.89                 0.56                  1.45        0.0306           30.73
    2       2           42.9425        2533.9184             0.0004                  0.89                 0.56                  1.45        0.0306           30.73
    3       3           42.9701        2532.9654             0.0004                  0.89                 0.71                  1.60        0.0306           30.70
    4       3           42.9701        2532.9654             0.0004                  0.89                 0.71                  1.60        0.0306           30.70
    5       3           42.9205        2511.9675             0.0004                  0.89                 0.71                  1.60        0.0304           30.50
    6       3           42.9205        2511.9675             0.0004                  0.89                 0.71                  1.60        0.0304           30.50
    7       3           43.0768        2534.2241             0.0004                  1.50                 1.21                  2.71        0.0306           30.70
    8       3           43.0768        2534.2241             0.0004                  1.50                 1.21                  2.71        0.0306           30.70
    9       3           42.8630        2445.0030             0.0004                  0.89                 1.12                  2.01        0.0296           29.77
   10       3           43.0396         764.4288             0.0013                  2.06                 1.79                  3.85        0.0091           12.29
   11       3           43.0396         764.4288             0.0013                  2.06                 1.79                  3.85        0.0091           12.29
   12       4           42.9220        2510.4351             0.0004                  0.89                 0.86                  1.75        0.0304           30.45
   13       4           42.9220        2510.4351             0.0004                  0.89                 0.86                  1.75        0.0304           30.45
   14       4           43.0917        2533.8482             0.0004                  1.50                 1.35                  2.86        0.0306           30.68
   15       4           43.0917        2533.8482             0.0004                  1.50                 1.35                  2.86        0.0306           30.68
   16       4           42.8770        2444.5979             0.0004                  0.89                 1.27                  2.16        0.0296           29.76
   17       4           42.8770        2444.5979             0.0004                  0.89                 1.27                  2.16        0.0296           29.76
   18       4           43.0792        2514.4239             0.0004                  1.50                 1.35                  2.85        0.0304           30.51
   19       4           43.0792        2514.4239             0.0004                  1.50                 1.35                  2.85        0.0304           30.51
   20       4           43.0559         763.4283             0.0013                  2.06                 1.94                  4.00        0.0091           12.26
   21       4           43.2482         639.5205             0.0016                  2.68                 2.44                  5.12        0.0076           12.30
   22       4           43.0559         763.4283             0.0013                  2.06                 1.94                  4.00        0.0091           12.26
   23       4           43.2482         639.5205             0.0016                  2.68                 2.44                  5.12        0.0076           12.30
   24       4           43.0504         744.9292             0.0013                  2.06                 1.94                  4.00        0.0089           12.08
   25       4           43.0504         744.9292             0.0013                  2.06                 1.94                  4.00        0.0089           12.08
   26       4           43.1066         682.7461             0.0015                  2.06                 2.35                  4.41        0.0082           11.43
   27       4           43.0380        2447.5235             0.0004                  1.50                 1.76                  3.27        0.0296           29.79
   28       5           42.8732        2444.1557             0.0004                  0.89                 1.41                  2.30        0.0296           29.74
   29       5           43.0773        2512.9438             0.0004                  1.50                 1.50                  3.01        0.0304           30.47
   30       5           43.0773        2512.9438             0.0004                  1.50                 1.50                  3.01        0.0304           30.47
   31       5           43.2425         638.0238             0.0016                  2.68                 2.60                  5.27        0.0076           12.26
   32       5           43.2425         638.0238             0.0016                  2.68                 2.60                  5.27        0.0076           12.26
   33       5           43.0843         743.4833             0.0013                  2.06                 2.10                  4.16        0.0089           12.04
   34       5           43.0843         743.4833             0.0013                  2.06                 2.10                  4.16        0.0089           12.04
   35       5           43.1107         681.8009             0.0015                  2.06                 2.50                  4.56        0.0082           11.40
   36       5           43.1107         681.8009             0.0015                  2.06                 2.50                  4.56        0.0082           11.40
   37       5           43.0597        2446.5833             0.0004                  1.50                 1.92                  3.42        0.0296           29.76
   38       5           43.0597        2446.5833             0.0004                  1.50                 1.92                  3.42        0.0296           29.76
   39       5           43.1834         619.9496             0.0016                  2.68                 2.59                  5.26        0.0074           12.07
   40       5           43.1834         619.9496             0.0016                  2.68                 2.59                  5.26        0.0074           12.07
   41       5           43.1876         555.5594             0.0018                  2.68                 3.00                  5.67        0.0066           11.38
   42       6           43.1251         680.9037             0.0015                  2.06                 2.65                  4.71        0.0081           11.38
   43       6           43.0819        2445.6680             0.0004                  1.50                 2.07                  3.58        0.0296           29.73
   44       6           43.1808         617.9253             0.0016                  2.68                 2.74                  5.41        0.0073           12.02
   45       6           43.1808         617.9253             0.0016                  2.68                 2.74                  5.41        0.0073           12.02
   46       6           43.2210         554.6455             0.0018                  2.68                 3.16                  5.83        0.0066           11.35
   47       6           43.2210         554.6455             0.0018                  2.68                 3.16                  5.83        0.0066           11.35
   48       7           43.2404         553.7784             0.0018                  2.68                 3.30                  5.98        0.0066           11.35

Summary Statistics:
------------------------------------------------------------------------------------------------------------------------
        Comp     Groups  Wall Time/Evt (s)  CPU Time/Evt (s)  Throughput (evt/s)  Write Remote (MB/evt)  Read Remote (MB/evt)  Net Transfer (MB/evt)  CPU Cores/Evt  Memory/Evt (MB)
count  48.00  48.000000          48.000000         48.000000           48.000000              48.000000             48.000000              48.000000      48.000000        48.000000
mean   24.50   4.333333          43.070481       1582.154649            0.000959               1.782451              1.836309               3.618760       0.019075        21.110358
std    14.00   1.117241           0.110380        926.614561            0.000577               0.668887              0.761206               1.403334       0.011260         9.311458
min     1.00   2.000000          42.862965        553.778419            0.000395               0.888672              0.557344               1.446016       0.006587        11.347600
25%    12.75   4.000000          43.021006        670.557919            0.000398               1.350435              1.269543               2.608394       0.008011        12.063400
50%    24.50   4.000000          43.077329       1604.292206            0.000859               1.782451              1.917291               3.712940       0.019348        21.018200
75%    36.25   5.000000          43.139057       2512.211598            0.001492               2.214468              2.502985               4.815054       0.030390        30.475600
max    48.00   7.000000          43.248159       2534.224126            0.001806               2.676230              3.304880               5.981111       0.030634        30.734400
