Workflow Construction Summary Table
========================================================================================================================

 Comp  Groups Wall Time/Evt (s) CPU Time/Evt (s) Throughput (evt/s) Write Remote (MB/evt) Read Remote (MB/evt) Net Transfer (MB/evt) CPU Cores/Evt Memory/Evt (MB)
    1       1            8.2942          63.0790             0.0159                  0.45                 0.00                  0.45        0.0170           17.04
    2       2            8.1636          62.0856             0.0161                  0.45                 0.07                  0.52        0.0170           17.03
    3       2            8.0318          61.0831             0.0164                  0.45                 0.40                  0.85        0.0170           17.04
    4       2            7.9507          60.4666             0.0165                  2.54                 2.20                  4.74        0.0170           17.02
    5       2            7.9565          60.5088             0.0165                  1.23                 0.82                  2.05        0.0170           17.02
    6       3            8.0245          61.0275             0.0164                  0.45                 0.46                  0.91        0.0170           17.04
    7       3            7.9131          60.1800             0.0166                  2.54                 2.27                  4.81        0.0170           17.03
    8       3            7.8990          60.0715             0.0166                  1.23                 0.89                  2.12        0.0170           17.03
    9       3            7.8876          59.9849             0.0167                  2.54                 2.60                  5.14        0.0170           17.03
   10       3            7.8429          59.6456             0.0168                  1.23                 1.22                  2.45        0.0170           17.02
   11       3            7.8636          59.8034             0.0167                  3.32                 3.03                  6.35        0.0170           17.02
   12       4            7.8796          59.9265             0.0167                  2.54                 2.67                  5.21        0.0170           17.04
   13       4            7.8347          59.5832             0.0168                  1.23                 1.29                  2.52        0.0170           17.03
   14       4            7.8247          59.5060             0.0168                  3.32                 3.10                  6.42        0.0170           17.03
   15       4            7.7983          59.3040             0.0169                  3.32                 3.43                  6.75        0.0170           17.03
   16       5            7.7917          59.2541             0.0169                  3.32                 3.50                  6.82        0.0170           17.04

Summary Statistics:
------------------------------------------------------------------------------------------------------------------------
            Comp     Groups  Wall Time/Evt (s)  CPU Time/Evt (s)  Throughput (evt/s)  Write Remote (MB/evt)  Read Remote (MB/evt)  Net Transfer (MB/evt)  CPU Cores/Evt  Memory/Evt (MB)
count  16.000000  16.000000          16.000000         16.000000           16.000000              16.000000             16.000000              16.000000      16.000000        16.000000
mean    8.500000   3.000000           7.934808         60.344366            0.016576               1.884570              1.747558               3.632128       0.017031        17.030500
std     4.760952   1.032796           0.136994          1.042545            0.000280               1.152051              1.234516               2.377983       0.000007         0.007378
min     1.000000   1.000000           7.791703         59.254087            0.015853               0.449172              0.000000               0.449172       0.017018        17.017600
25%     4.750000   2.000000           7.840871         59.630038            0.016491               1.034957              0.734142               1.769099       0.017026        17.026400
50%     8.500000   3.000000           7.893308         60.028209            0.016659               1.884378              1.745458               3.629712       0.017030        17.030400
75%    12.250000   4.000000           7.973537         60.638482            0.016770               2.734264              2.761835               5.496173       0.017036        17.035600
max    16.000000   5.000000           8.294247         63.078950            0.016876               3.320312              3.498180               6.818493       0.017043        17.043200
