Workflow Construction Summary Table
========================================================================================================================

 Comp  Groups Wall Time/Evt (s) CPU Time/Evt (s) Throughput (evt/s) Write Remote (MB/evt) Read Remote (MB/evt) Net Transfer (MB/evt) CPU Cores/Evt Memory/Evt (MB)
    1       2           43.6656         166.1943             0.0060                  0.89                 0.57                  1.46        0.0119           23.81
    2       2           43.6656         166.1943             0.0060                  0.89                 0.57                  1.46        0.0119           23.81
    3       3           43.6598         166.1723             0.0060                  0.89                 0.72                  1.61        0.0119           23.82
    4       3           43.6598         166.1723             0.0060                  0.89                 0.72                  1.61        0.0119           23.82
    5       3           43.4707         165.4862             0.0060                  0.89                 0.72                  1.61        0.0119           23.82
    6       3           43.4707         165.4862             0.0060                  0.89                 0.72                  1.61        0.0119           23.82
    7       3           43.4968         165.5447             0.0060                  1.50                 1.21                  2.71        0.0119           23.78
    8       3           43.4968         165.5447             0.0060                  1.50                 1.21                  2.71        0.0119           23.78
    9       3           43.2931         164.8160             0.0061                  0.89                 1.14                  2.02        0.0119           23.80
   10       3           43.1963         164.3857             0.0061                  2.06                 1.80                  3.86        0.0119           23.80
   11       3           43.1963         164.3857             0.0061                  2.06                 1.80                  3.86        0.0119           23.80
   12       4           43.4794         165.4930             0.0060                  0.89                 0.88                  1.76        0.0119           23.83
   13       4           43.4794         165.4930             0.0060                  0.89                 0.88                  1.76        0.0119           23.83
   14       4           43.4888         165.5181             0.0060                  1.50                 1.36                  2.86        0.0119           23.79
   15       4           43.4888         165.5181             0.0060                  1.50                 1.36                  2.86        0.0119           23.79
   16       4           43.2728         164.7647             0.0061                  0.89                 1.29                  2.18        0.0119           23.79
   17       4           43.2728         164.7647             0.0061                  0.89                 1.29                  2.18        0.0119           23.79
   18       4           43.3232         164.8822             0.0061                  1.50                 1.37                  2.87        0.0119           23.80
   19       4           43.3232         164.8822             0.0061                  1.50                 1.37                  2.87        0.0119           23.80
   20       4           43.1690         164.3206             0.0061                  2.06                 1.95                  4.01        0.0119           23.80
   21       4           43.0174         163.7795             0.0061                  2.68                 2.44                  5.12        0.0119           23.76
   22       4           43.1690         164.3206             0.0061                  2.06                 1.95                  4.01        0.0119           23.80
   23       4           43.0174         163.7795             0.0061                  2.68                 2.44                  5.12        0.0119           23.76
   24       4           43.1575         164.2453             0.0061                  2.06                 1.95                  4.01        0.0119           23.81
   25       4           43.1575         164.2453             0.0061                  2.06                 1.95                  4.01        0.0119           23.81
   26       4           43.1129         164.1091             0.0061                  2.06                 2.36                  4.42        0.0119           23.79
   27       4           43.1365         164.2034             0.0061                  1.50                 1.78                  3.29        0.0119           23.77
   28       5           43.2602         164.7291             0.0061                  0.89                 1.44                  2.33        0.0119           23.80
   29       5           43.3158         164.8569             0.0061                  1.50                 1.51                  3.02        0.0119           23.80
   30       5           43.3158         164.8569             0.0061                  1.50                 1.51                  3.02        0.0119           23.80
   31       5           42.9989         163.7321             0.0061                  2.68                 2.59                  5.27        0.0119           23.77
   32       5           42.9989         163.7321             0.0061                  2.68                 2.59                  5.27        0.0119           23.77
   33       5           43.1330         164.1856             0.0061                  2.06                 2.11                  4.17        0.0119           23.80
   34       5           43.1330         164.1856             0.0061                  2.06                 2.11                  4.17        0.0119           23.80
   35       5           43.0865         164.0457             0.0061                  2.06                 2.51                  4.57        0.0119           23.79
   36       5           43.0865         164.0457             0.0061                  2.06                 2.51                  4.57        0.0119           23.79
   37       5           43.1286         164.1771             0.0061                  1.50                 1.94                  3.44        0.0119           23.78
   38       5           43.1286         164.1771             0.0061                  1.50                 1.94                  3.44        0.0119           23.78
   39       5           42.9971         163.6761             0.0061                  2.68                 2.60                  5.28        0.0119           23.78
   40       5           42.9971         163.6761             0.0061                  2.68                 2.60                  5.28        0.0119           23.78
   41       5           42.9644         163.5637             0.0061                  2.68                 3.01                  5.69        0.0119           23.77
   42       6           43.0994         164.0611             0.0061                  2.06                 2.67                  4.73        0.0119           23.81
   43       6           43.1438         164.1967             0.0061                  1.50                 2.09                  3.59        0.0119           23.79
   44       6           42.9731         163.6175             0.0061                  2.68                 2.75                  5.42        0.0119           23.78
   45       6           42.9731         163.6175             0.0061                  2.68                 2.75                  5.42        0.0119           23.78
   46       6           42.9563         163.5372             0.0061                  2.68                 3.16                  5.84        0.0119           23.78
   47       6           42.9563         163.5372             0.0061                  2.68                 3.16                  5.84        0.0119           23.78
   48       7           42.9529         163.5198             0.0061                  2.68                 3.32                  5.99        0.0119           23.79

Summary Statistics:
------------------------------------------------------------------------------------------------------------------------
        Comp     Groups  Wall Time/Evt (s)  CPU Time/Evt (s)  Throughput (evt/s)  Write Remote (MB/evt)  Read Remote (MB/evt)  Net Transfer (MB/evt)  CPU Cores/Evt  Memory/Evt (MB)
count  48.00  48.000000          48.000000         48.000000           48.000000              48.000000             48.000000              48.000000      48.000000        48.000000
mean   24.50   4.333333          43.227846        164.550593            0.006077               1.782451              1.846852               3.629303       0.011897        23.794233
std    14.00   1.117241           0.215792          0.807062            0.000030               0.668887              0.759663               1.401137       0.000009         0.017289
min     1.00   2.000000          42.952887        163.519756            0.006017               0.888672              0.567449               1.456121       0.011882        23.763200
25%    12.75   4.000000          43.069191        163.979167            0.006059               1.350435              1.287346               2.618003       0.011891        23.781600
50%    24.50   4.000000          43.163288        164.282976            0.006087               1.782451              1.937950               3.725241       0.011896        23.792800
75%    36.25   5.000000          43.360097        165.033207            0.006098               2.214468              2.508338               4.824444       0.011902        23.804800
max    48.00   7.000000          43.665597        166.194350            0.006115               2.676230              3.317889               5.994119       0.011915        23.830400
