Workflow Construction Summary Table
========================================================================================================================

 Comp  Groups Wall Time/Evt (s) CPU Time/Evt (s) Throughput (evt/s) Write Remote (MB/evt) Read Remote (MB/evt) Net Transfer (MB/evt) CPU Cores/Evt Memory/Evt (MB)
    1       1            7.7844          59.3014             0.0169                  0.45                 0.00                  0.45        0.0042            4.24
    2       2            7.7522          59.0552             0.0169                  0.45                 0.07                  0.51        0.0042            4.24
    3       2            7.7194          58.8049             0.0170                  0.45                 0.39                  0.84        0.0042            4.24
    4       2            7.7020          58.6733             0.0170                  2.54                 2.21                  4.75        0.0042            4.24
    5       2            7.7034          58.6847             0.0170                  1.23                 0.82                  2.05        0.0042            4.24
    6       3            7.7177          58.8032             0.0170                  0.45                 0.46                  0.90        0.0042            4.25
    7       3            7.6900          58.5912             0.0171                  2.54                 2.28                  4.81        0.0042            4.24
    8       3            7.6887          58.5729             0.0171                  1.23                 0.89                  2.12        0.0042            4.25
    9       3            7.6834          58.5395             0.0171                  2.54                 2.60                  5.14        0.0042            4.25
   10       3            7.6712          58.4415             0.0171                  1.23                 1.22                  2.45        0.0042            4.24
   11       3            7.6797          58.5032             0.0171                  3.32                 3.02                  6.34        0.0042            4.24
   12       4            7.6810          58.5232             0.0171                  2.54                 2.66                  5.20        0.0043            4.25
   13       4            7.6710          58.4453             0.0171                  1.23                 1.28                  2.51        0.0042            4.25
   14       4            7.6702          58.4312             0.0171                  3.32                 3.09                  6.41        0.0042            4.25
   15       4            7.6605          58.3666             0.0171                  3.32                 3.42                  6.74        0.0042            4.25
   16       5            7.6580          58.3500             0.0171                  3.32                 3.48                  6.80        0.0042            4.25

Summary Statistics:
------------------------------------------------------------------------------------------------------------------------
            Comp     Groups  Wall Time/Evt (s)  CPU Time/Evt (s)  Throughput (evt/s)  Write Remote (MB/evt)  Read Remote (MB/evt)  Net Transfer (MB/evt)  CPU Cores/Evt  Memory/Evt (MB)
count  16.000000  16.000000          16.000000         16.000000           16.000000              16.000000             16.000000              16.000000      16.000000         16.00000
mean    8.500000   3.000000           7.695802         58.630454            0.017056               1.884707              1.742461               3.627168       0.004246          4.24550
std     4.760952   1.032796           0.034094          0.257471            0.000074               1.152194              1.232270               2.376145       0.000004          0.00383
min     1.000000   1.000000           7.658008         58.350028            0.016863               0.449031              0.000000               0.449031       0.004238          4.23840
25%     4.750000   2.000000           7.671189         58.444367            0.017032               1.034855              0.729765               1.764921       0.004242          4.24160
50%     8.500000   3.000000           7.686086         58.556241            0.017078               1.884766              1.747244               3.632010       0.004246          4.24560
75%    12.250000   4.000000           7.706964         58.714303            0.017110               2.734375              2.752325               5.486700       0.004248          4.24800
max    16.000000   5.000000           7.784417         59.301373            0.017138               3.320312              3.484455               6.804767       0.004253          4.25280
