Workflow Construction Summary Table
========================================================================================================================

 Comp  Groups Wall Time/Evt (s) CPU Time/Evt (s) Throughput (evt/s) Write Remote (MB/evt) Read Remote (MB/evt) Net Transfer (MB/evt) CPU Cores/Evt Memory/Evt (MB)
    1       2           42.8026         163.1768             0.0061                  0.89                 0.56                  1.45        0.0020            3.96
    2       2           42.8026         163.1768             0.0061                  0.89                 0.56                  1.45        0.0020            3.96
    3       3           42.8156         163.2040             0.0061                  0.89                 0.71                  1.60        0.0020            3.96
    4       3           42.8156         163.2040             0.0061                  0.89                 0.71                  1.60        0.0020            3.96
    5       3           42.7464         163.0144             0.0061                  0.89                 0.71                  1.60        0.0020            3.96
    6       3           42.7464         163.0144             0.0061                  0.89                 0.71                  1.60        0.0020            3.96
    7       3           42.7961         163.1365             0.0061                  1.50                 1.21                  2.71        0.0020            3.96
    8       3           42.7961         163.1365             0.0061                  1.50                 1.21                  2.71        0.0020            3.96
    9       3           42.6703         162.8174             0.0061                  0.89                 1.12                  2.01        0.0020            3.95
   10       3           42.6673         162.8076             0.0061                  2.06                 1.79                  3.85        0.0020            3.95
   11       3           42.6673         162.8076             0.0061                  2.06                 1.79                  3.85        0.0020            3.95
   12       4           42.7538         163.0302             0.0061                  0.89                 0.86                  1.75        0.0020            3.96
   13       4           42.7538         163.0302             0.0061                  0.89                 0.86                  1.75        0.0020            3.96
   14       4           42.7976         163.1405             0.0061                  1.50                 1.35                  2.86        0.0020            3.96
   15       4           42.7976         163.1405             0.0061                  1.50                 1.35                  2.86        0.0020            3.96
   16       4           42.6708         162.8197             0.0061                  0.89                 1.27                  2.16        0.0020            3.95
   17       4           42.6708         162.8197             0.0061                  0.89                 1.27                  2.16        0.0020            3.95
   18       4           42.7862         163.0671             0.0061                  1.50                 1.35                  2.86        0.0020            3.96
   19       4           42.7862         163.0671             0.0061                  1.50                 1.35                  2.86        0.0020            3.96
   20       4           42.6861         162.8465             0.0061                  2.06                 1.95                  4.01        0.0020            3.96
   21       4           42.7335         162.9229             0.0061                  2.68                 2.44                  5.12        0.0020            3.96
   22       4           42.6861         162.8465             0.0061                  2.06                 1.95                  4.01        0.0020            3.96
   23       4           42.7335         162.9229             0.0061                  2.68                 2.44                  5.12        0.0020            3.96
   24       4           42.6643         162.7942             0.0061                  2.06                 1.94                  4.00        0.0020            3.96
   25       4           42.6643         162.7942             0.0061                  2.06                 1.94                  4.00        0.0020            3.96
   26       4           42.6816         162.8286             0.0061                  2.06                 2.35                  4.41        0.0020            3.96
   27       4           42.7057         162.8629             0.0061                  1.50                 1.76                  3.27        0.0020            3.96
   28       5           42.6548         162.7887             0.0061                  0.89                 1.41                  2.30        0.0020            3.96
   29       5           42.7705         163.0366             0.0061                  1.50                 1.50                  3.01        0.0020            3.96
   30       5           42.7705         163.0366             0.0061                  1.50                 1.50                  3.01        0.0020            3.96
   31       5           42.7140         162.8852             0.0061                  2.68                 2.60                  5.27        0.0020            3.96
   32       5           42.7140         162.8852             0.0061                  2.68                 2.60                  5.27        0.0020            3.96
   33       5           42.6824         162.8315             0.0061                  2.06                 2.10                  4.16        0.0020            3.96
   34       5           42.6824         162.8315             0.0061                  2.06                 2.10                  4.16        0.0020            3.96
   35       5           42.6641         162.7947             0.0061                  2.06                 2.50                  4.56        0.0020            3.96
   36       5           42.6641         162.7947             0.0061                  2.06                 2.50                  4.56        0.0020            3.96
   37       5           42.7167         162.8861             0.0061                  1.50                 1.91                  3.42        0.0020            3.96
   38       5           42.7167         162.8861             0.0061                  1.50                 1.91                  3.42        0.0020            3.96
   39       5           42.6397         162.7277             0.0061                  2.68                 2.58                  5.26        0.0020            3.95
   40       5           42.6397         162.7277             0.0061                  2.68                 2.58                  5.26        0.0020            3.95
   41       5           42.6224         162.6931             0.0061                  2.68                 3.00                  5.67        0.0020            3.95
   42       6           42.6827         162.8331             0.0061                  2.06                 2.65                  4.71        0.0020            3.96
   43       6           42.7206         162.8948             0.0061                  1.50                 2.07                  3.58        0.0020            3.97
   44       6           42.6403         162.7301             0.0061                  2.68                 2.74                  5.41        0.0020            3.95
   45       6           42.6403         162.7301             0.0061                  2.68                 2.74                  5.41        0.0020            3.95
   46       6           42.6404         162.7303             0.0061                  2.68                 3.16                  5.83        0.0020            3.95
   47       6           42.6404         162.7303             0.0061                  2.68                 3.16                  5.83        0.0020            3.95
   48       7           42.6428         162.7362             0.0061                  2.68                 3.30                  5.98        0.0020            3.97

Summary Statistics:
------------------------------------------------------------------------------------------------------------------------
        Comp     Groups  Wall Time/Evt (s)  CPU Time/Evt (s)  Throughput (evt/s)  Write Remote (MB/evt)  Read Remote (MB/evt)  Net Transfer (MB/evt)  CPU Cores/Evt  Memory/Evt (MB)
count  48.00  48.000000          48.000000         48.000000           48.000000              48.000000             48.000000              48.000000      48.000000        48.000000
mean   24.50   4.333333          42.711612        162.908753            0.006138               1.782451              1.836274               3.618726       0.001978         3.957000
std    14.00   1.117241           0.058652          0.151675            0.000006               0.668887              0.760778               1.403056       0.000002         0.004569
min     1.00   2.000000          42.622394        162.693053            0.006127               0.888672              0.557344               1.446016       0.001974         3.947200
25%    12.75   4.000000          42.664312        162.794700            0.006134               1.350435              1.268894               2.608394       0.001977         3.954800
50%    24.50   4.000000          42.695928        162.854727            0.006140               1.782451              1.914088               3.712940       0.001978         3.956800
75%    36.25   5.000000          42.757939        163.031789            0.006143               2.214468              2.497990               4.813687       0.001980         3.960000
max    48.00   7.000000          42.815590        163.203985            0.006147               2.676230              3.304121               5.980352       0.001983         3.966400
