Workflow Construction Summary Table
========================================================================================================================

 Comp  Groups Wall Time/Evt (s) CPU Time/Evt (s) Throughput (evt/s) Write Remote (MB/evt) Read Remote (MB/evt) Net Transfer (MB/evt) CPU Cores/Evt Memory/Evt (MB)
    1       2           39.1716         306.5336             0.0033                  0.89                 0.54                  1.43        0.0036            3.62
    2       2           39.1716         306.5336             0.0033                  0.89                 0.54                  1.43        0.0036            3.53
    3       3           39.1709         306.5655             0.0033                  0.89                 0.68                  1.57        0.0036            3.62
    4       3           39.1709         306.5655             0.0033                  0.89                 0.68                  1.57        0.0036            3.53
    5       3           39.1450         305.0853             0.0033                  0.89                 0.69                  1.58        0.0035            3.60
    6       3           39.1450         305.0853             0.0033                  0.89                 0.69                  1.58        0.0035            3.53
    7       3           39.1466         155.9522             0.0064                  1.50                 1.16                  2.66        0.0018            3.61
    8       3           39.1466         155.9522             0.0064                  1.50                 1.16                  2.66        0.0018            3.52
    9       3           39.0843         300.7305             0.0033                  0.89                 1.08                  1.97        0.0035            3.52
   10       3           39.0833         276.4571             0.0036                  2.06                 1.72                  3.78        0.0032            3.62
   11       3           39.0833         276.4571             0.0036                  2.06                 1.72                  3.78        0.0032            3.52
   12       4           39.1443         305.1172             0.0033                  0.89                 0.83                  1.72        0.0035            3.60
   13       4           39.1443         305.1172             0.0033                  0.89                 0.83                  1.72        0.0035            3.53
   14       4           39.1459         155.9493             0.0064                  1.50                 1.30                  2.81        0.0018            3.62
   15       4           39.1459         155.9493             0.0064                  1.50                 1.30                  2.81        0.0018            3.52
   16       4           39.1008         300.7620             0.0033                  0.89                 1.23                  2.12        0.0035            3.53
   17       4           39.1008         300.7620             0.0033                  0.89                 1.23                  2.12        0.0035            3.52
   18       4           39.1202         155.8471             0.0064                  1.50                 1.31                  2.81        0.0018            3.59
   19       4           39.1202         155.8471             0.0064                  1.50                 1.31                  2.81        0.0018            3.53
   20       4           39.0826         276.4541             0.0036                  2.06                 1.87                  3.93        0.0032            3.62
   21       4           39.0635         155.6555             0.0064                  2.68                 2.34                  5.01        0.0018            3.61
   22       4           39.0826         276.4541             0.0036                  2.06                 1.87                  3.93        0.0032            3.52
   23       4           39.0635         155.6555             0.0064                  2.68                 2.34                  5.01        0.0018            3.52
   24       4           39.0781         276.4365             0.0036                  2.06                 1.87                  3.93        0.0032            3.60
   25       4           39.0781         276.4365             0.0036                  2.06                 1.87                  3.93        0.0032            3.53
   26       4           39.0573         276.3876             0.0036                  2.06                 2.26                  4.32        0.0032            3.52
   27       4           39.0603         155.6770             0.0064                  1.50                 1.70                  3.20        0.0018            3.52
   28       5           39.1001         300.7591             0.0033                  0.89                 1.38                  2.27        0.0035            3.52
   29       5           39.1195         155.8443             0.0064                  1.50                 1.45                  2.96        0.0018            3.60
   30       5           39.1195         155.8443             0.0064                  1.50                 1.45                  2.96        0.0018            3.53
   31       5           39.0628         155.6525             0.0064                  2.68                 2.49                  5.16        0.0018            3.62
   32       5           39.0628         155.6525             0.0064                  2.68                 2.49                  5.16        0.0018            3.52
   33       5           39.0774         276.4335             0.0036                  2.06                 2.01                  4.07        0.0032            3.60
   34       5           39.0774         276.4335             0.0036                  2.06                 2.01                  4.07        0.0032            3.53
   35       5           39.0565         276.3846             0.0036                  2.06                 2.41                  4.47        0.0032            3.53
   36       5           39.0565         276.3846             0.0036                  2.06                 2.41                  4.47        0.0032            3.53
   37       5           39.0769         155.7088             0.0064                  1.50                 1.85                  3.35        0.0018            3.53
   38       5           39.0769         155.7088             0.0064                  1.50                 1.85                  3.35        0.0018            3.52
   39       5           39.0584         155.6349             0.0064                  2.68                 2.48                  5.16        0.0018            3.59
   40       5           39.0584         155.6349             0.0064                  2.68                 2.48                  5.16        0.0018            3.52
   41       5           39.0375         155.5860             0.0064                  2.68                 2.88                  5.55        0.0018            3.52
   42       6           39.0730         276.4162             0.0036                  2.06                 2.56                  4.62        0.0032            3.53
   43       6           39.0761         155.7056             0.0064                  1.50                 2.00                  3.50        0.0018            3.52
   44       6           39.0576         155.6319             0.0064                  2.68                 2.63                  5.31        0.0018            3.60
   45       6           39.0576         155.6319             0.0064                  2.68                 2.63                  5.31        0.0018            3.52
   46       6           39.0367         155.5830             0.0064                  2.68                 3.02                  5.70        0.0018            3.53
   47       6           39.0367         155.5830             0.0064                  2.68                 3.02                  5.70        0.0018            3.52
   48       7           39.0532         155.6146             0.0064                  2.68                 3.18                  5.85        0.0018            3.53

Summary Statistics:
------------------------------------------------------------------------------------------------------------------------
        Comp     Groups  Wall Time/Evt (s)  CPU Time/Evt (s)  Throughput (evt/s)  Write Remote (MB/evt)  Read Remote (MB/evt)  Net Transfer (MB/evt)  CPU Cores/Evt  Memory/Evt (MB)
count  48.00  48.000000          48.000000         48.000000           48.000000              48.000000             48.000000              48.000000      48.000000        48.000000
mean   24.50   4.333333          39.094570        223.005302            0.004937               1.782451              1.767019               3.549470       0.002593         3.552567
std    14.00   1.117241           0.040368         68.716241            0.001505               0.668887              0.727791               1.369806       0.000796         0.039836
min     1.00   2.000000          39.036697        155.583001            0.003262               0.888672              0.540679               1.429351       0.001810         3.519400
25%    12.75   4.000000          39.062154        155.671642            0.003544               1.350435              1.233132               2.565231       0.001813         3.524150
50%    24.50   4.000000          39.080355        216.168378            0.005015               1.782451              1.847552               3.641785       0.002514         3.526200
75%    36.25   5.000000          39.126261        282.525456            0.006424               2.214468              2.405851               4.717189       0.003285         3.596350
max    48.00   7.000000          39.171627        306.565451            0.006427               2.676230              3.176146               5.852376       0.003560         3.624000
