Workflow Construction Summary Table
========================================================================================================================

 Comp  Groups Wall Time/Evt (s) CPU Time/Evt (s) Throughput (evt/s) Write Remote (MB/evt) Read Remote (MB/evt) Net Transfer (MB/evt) CPU Cores/Evt Memory/Evt (MB)
    1       2           39.5622         157.4787             0.0064                  0.89                 0.54                  1.43        0.0054           10.85
    2       2           39.5622         157.4787             0.0064                  0.89                 0.54                  1.43        0.0054           10.85
    3       3           39.5741         157.5265             0.0063                  0.89                 0.69                  1.57        0.0054           10.85
    4       3           39.5741         157.5265             0.0063                  0.89                 0.69                  1.57        0.0054           10.85
    5       3           39.4963         157.2171             0.0064                  0.89                 0.68                  1.57        0.0054           10.85
    6       3           39.4963         157.2171             0.0064                  0.89                 0.68                  1.57        0.0054           10.85
    7       3           39.6070         157.6584             0.0063                  1.50                 1.16                  2.66        0.0054           10.84
    8       3           39.6070         157.6584             0.0063                  1.50                 1.16                  2.66        0.0054           10.84
    9       3           39.4564         157.0578             0.0064                  0.89                 1.08                  1.97        0.0054           10.84
   10       3           39.5784         157.5435             0.0063                  2.06                 1.72                  3.78        0.0054           10.85
   11       3           39.5784         157.5435             0.0063                  2.06                 1.72                  3.78        0.0054           10.85
   12       4           39.5082         157.2648             0.0064                  0.89                 0.83                  1.72        0.0054           10.85
   13       4           39.5082         157.2648             0.0064                  0.89                 0.83                  1.72        0.0054           10.85
   14       4           39.6190         157.7062             0.0063                  1.50                 1.30                  2.81        0.0054           10.84
   15       4           39.6190         157.7062             0.0063                  1.50                 1.30                  2.81        0.0054           10.84
   16       4           39.4684         157.1056             0.0064                  0.89                 1.22                  2.11        0.0054           10.84
   17       4           39.4684         157.1056             0.0064                  0.89                 1.22                  2.11        0.0054           10.84
   18       4           39.5419         157.3996             0.0064                  1.50                 1.30                  2.81        0.0054           10.85
   19       4           39.5419         157.3996             0.0064                  1.50                 1.30                  2.81        0.0054           10.85
   20       4           39.5905         157.5915             0.0063                  2.06                 1.86                  3.92        0.0054           10.85
   21       4           39.6391         157.7858             0.0063                  2.68                 2.34                  5.01        0.0054           10.84
   22       4           39.5905         157.5915             0.0063                  2.06                 1.86                  3.92        0.0054           10.85
   23       4           39.6391         157.7858             0.0063                  2.68                 2.34                  5.01        0.0054           10.84
   24       4           39.5772         157.5388             0.0063                  2.06                 1.86                  3.92        0.0054           10.85
   25       4           39.5772         157.5388             0.0063                  2.06                 1.86                  3.92        0.0054           10.85
   26       4           39.6047         157.6481             0.0063                  2.06                 2.26                  4.32        0.0054           10.85
   27       4           39.5043         157.2493             0.0064                  1.50                 1.70                  3.20        0.0054           10.84
   28       5           39.4805         157.1536             0.0064                  0.89                 1.37                  2.26        0.0054           10.84
   29       5           39.5538         157.4473             0.0064                  1.50                 1.45                  2.95        0.0054           10.85
   30       5           39.5538         157.4473             0.0064                  1.50                 1.45                  2.95        0.0054           10.85
   31       5           39.6512         157.8338             0.0063                  2.68                 2.48                  5.16        0.0054           10.84
   32       5           39.6512         157.8338             0.0063                  2.68                 2.48                  5.16        0.0054           10.84
   33       5           39.5893         157.5868             0.0063                  2.06                 2.01                  4.07        0.0054           10.86
   34       5           39.5893         157.5868             0.0063                  2.06                 2.01                  4.07        0.0054           10.86
   35       5           39.6168         157.6962             0.0063                  2.06                 2.40                  4.46        0.0054           10.86
   36       5           39.6168         157.6962             0.0063                  2.06                 2.40                  4.46        0.0054           10.86
   37       5           39.5162         157.2972             0.0064                  1.50                 1.84                  3.35        0.0054           10.84
   38       5           39.5162         157.2972             0.0064                  1.50                 1.84                  3.35        0.0054           10.84
   39       5           39.6378         157.7809             0.0063                  2.68                 2.48                  5.16        0.0054           10.85
   40       5           39.6378         157.7809             0.0063                  2.68                 2.48                  5.16        0.0054           10.85
   41       5           39.6654         157.8903             0.0063                  2.68                 2.87                  5.55        0.0054           10.85
   42       6           39.6288         157.7441             0.0063                  2.06                 2.55                  4.61        0.0054           10.86
   43       6           39.5283         157.3451             0.0064                  1.50                 1.99                  3.49        0.0054           10.84
   44       6           39.6499         157.8289             0.0063                  2.68                 2.63                  5.31        0.0054           10.85
   45       6           39.6499         157.8289             0.0063                  2.68                 2.63                  5.31        0.0054           10.85
   46       6           39.6774         157.9384             0.0063                  2.68                 3.02                  5.70        0.0054           10.85
   47       6           39.6774         157.9384             0.0063                  2.68                 3.02                  5.70        0.0054           10.85
   48       7           39.6895         157.9863             0.0063                  2.68                 3.17                  5.85        0.0054           10.85

Summary Statistics:
------------------------------------------------------------------------------------------------------------------------
        Comp     Groups  Wall Time/Evt (s)  CPU Time/Evt (s)  Throughput (evt/s)  Write Remote (MB/evt)  Read Remote (MB/evt)  Net Transfer (MB/evt)  CPU Cores/Evt  Memory/Evt (MB)
count  48.00  48.000000          48.000000         48.000000           48.000000              48.000000             48.000000              48.000000      48.000000        48.000000
mean   24.50   4.333333          39.580572        157.552624            0.006347               1.782451              1.763476               3.545927       0.005424        10.848267
std    14.00   1.117241           0.061606          0.245277            0.000010               0.668887              0.727646               1.369896       0.000002         0.004345
min     1.00   2.000000          39.456410        157.057766            0.006330               0.888672              0.538299               1.426971       0.005422        10.843200
25%    12.75   4.000000          39.538483        157.385948            0.006339               1.350435              1.224630               2.561196       0.005422        10.844800
50%    24.50   4.000000          39.583847        157.565145            0.006347               1.782451              1.843416               3.635983       0.005424        10.848000
75%    36.25   5.000000          39.631058        157.753301            0.006354               2.214468              2.403114               4.710913       0.005426        10.851200
max    48.00   7.000000          39.689468        157.986339            0.006367               2.676230              3.168988               5.845219       0.005430        10.859200
