Workflow Construction Summary Table
========================================================================================================================

 Comp  Groups Wall Time/Evt (s) CPU Time/Evt (s) Throughput (evt/s) Write Remote (MB/evt) Read Remote (MB/evt) Net Transfer (MB/evt) CPU Cores/Evt Memory/Evt (MB)
    1       1            7.0805          56.2936             0.0178                  0.45                 0.00                  0.45        0.0013            1.30
    2       2            7.0770          56.0366             0.0178                  0.45                 0.06                  0.51        0.0013            1.30
    3       2            7.0983          54.6522             0.0183                  0.45                 0.38                  0.83        0.0013            1.27
    4       2            7.4791          50.3092             0.0199                  2.54                 2.11                  4.65        0.0011            1.19
    5       2            7.2130          44.2954             0.0226                  1.23                 0.79                  2.02        0.0010            0.85
    6       3            7.1040          53.8862             0.0186                  0.45                 0.44                  0.89        0.0013            1.27
    7       3            7.4827          50.3236             0.0199                  2.54                 2.18                  4.72        0.0011            1.19
    8       3            7.2150          44.3035             0.0226                  1.23                 0.85                  2.08        0.0010            0.85
    9       3            7.5127          50.4417             0.0198                  2.54                 2.49                  5.03        0.0011            1.16
   10       3            7.2422          44.4123             0.0225                  1.23                 1.16                  2.39        0.0010            0.82
   11       3            7.6275          45.9459             0.0218                  3.32                 2.89                  6.21        0.0010            0.84
   12       4            7.5186          49.6762             0.0201                  2.54                 2.56                  5.10        0.0011            1.17
   13       4            7.2480          43.6463             0.0229                  1.23                 1.23                  2.46        0.0010            0.83
   14       4            7.6312          45.9604             0.0218                  3.32                 2.96                  6.28        0.0010            0.84
   15       4            7.6612          46.0785             0.0217                  3.32                 3.28                  6.60        0.0010            0.81
   16       5            7.6671          45.3130             0.0221                  3.32                 3.34                  6.66        0.0010            0.82

Summary Statistics:
------------------------------------------------------------------------------------------------------------------------
            Comp     Groups  Wall Time/Evt (s)  CPU Time/Evt (s)  Throughput (evt/s)  Write Remote (MB/evt)  Read Remote (MB/evt)  Net Transfer (MB/evt)  CPU Cores/Evt  Memory/Evt (MB)
count  16.000000  16.000000          16.000000         16.000000           16.000000              16.000000             16.000000              16.000000      16.000000        16.000000
mean    8.500000   3.000000           7.366129         48.848415            0.020627               1.884766              1.669509               3.554274       0.001103         1.031500
std     4.760952   1.032796           0.226340          4.462898            0.001823               1.152134              1.180391               2.324215       0.000114         0.209369
min     1.000000   1.000000           7.077036         43.646282            0.017764               0.449219              0.000000               0.449219       0.000998         0.808000
25%     4.750000   2.000000           7.185780         45.087826            0.019508               1.035156              0.699883               1.735040       0.001012         0.836750
50%     8.500000   3.000000           7.363524         47.877372            0.020916               1.884766              1.669683               3.554449       0.001063         1.006000
75%    12.250000   4.000000           7.545824         51.302857            0.022181               2.734375              2.641548               5.375923       0.001154         1.211750
max    16.000000   5.000000           7.667050         56.293577            0.022911               3.320312              3.338760               6.659072       0.001300         1.300000
