Workflow Construction Summary Table
========================================================================================================================

 Comp  Groups Wall Time/Evt (s) CPU Time/Evt (s) Throughput (evt/s) Write Remote (MB/evt) Read Remote (MB/evt) Net Transfer (MB/evt) CPU Cores/Evt Memory/Evt (MB)
    1       1           12.2115         684.2607             0.0015                  0.45                 0.00                  0.45        0.6529          652.92
    2       2           11.5865         645.5842             0.0015                  0.45                 0.07                  0.52        0.6484          648.68
    3       2           10.9524         582.2385             0.0017                  0.45                 0.43                  0.88        0.6177          621.21
    4       2           10.5836         296.4484             0.0034                  1.23                 0.91                  2.13        0.2980          303.66
    5       2           10.5551         229.9048             0.0043                  2.53                 2.42                  4.96        0.2465          304.50
    6       3           10.9162         581.9439             0.0017                  0.45                 0.51                  0.96        0.6174          620.83
    7       3           10.3012         276.7962             0.0036                  1.23                 0.98                  2.21        0.2934          299.33
    8       3           10.3753         216.0293             0.0046                  2.53                 2.50                  5.03        0.2422          300.52
    9       3           10.0358         234.0612             0.0043                  1.23                 1.34                  2.57        0.2626          271.75
   10       3           10.2397         180.6416             0.0055                  2.53                 2.87                  5.40        0.2114          272.98
   11       3           10.1139         193.6200             0.0052                  3.31                 3.33                  6.64        0.2065          225.12
   12       4           10.0071         234.5494             0.0043                  1.23                 1.42                  2.64        0.2635          272.52
   13       4           10.2005         180.4819             0.0055                  2.53                 2.94                  5.47        0.2114          272.76
   14       4            9.9372         179.8068             0.0056                  3.31                 3.41                  6.72        0.2023          221.31
   15       4            9.7994         144.7045             0.0069                  3.31                 3.77                  7.08        0.1724          194.47
   16       5            9.7713         144.6781             0.0069                  3.31                 3.85                  7.16        0.1724          194.44

Summary Statistics:
------------------------------------------------------------------------------------------------------------------------
            Comp     Groups  Wall Time/Evt (s)  CPU Time/Evt (s)  Throughput (evt/s)  Write Remote (MB/evt)  Read Remote (MB/evt)  Net Transfer (MB/evt)  CPU Cores/Evt  Memory/Evt (MB)
count  16.000000  16.000000          16.000000         16.000000           16.000000              16.000000             16.000000              16.000000      16.000000        16.000000
mean    8.500000   3.000000          10.474157        312.859343            0.004161               1.877864              1.922081               3.799945       0.332440       354.811650
std     4.760952   1.032796           0.665623        191.010084            0.001810               1.148038              1.357755               2.496815       0.183723       171.522593
min     1.000000   1.000000           9.771264        144.678076            0.001461               0.447455              0.000000               0.447455       0.172392       194.436800
25%     4.750000   2.000000          10.028589        180.601688            0.002960               1.030999              0.807654               1.838653       0.210151       260.089900
50%     8.500000   3.000000          10.270456        231.982997            0.004311               1.877723              1.920477               3.798716       0.254513       286.154800
75%    12.250000   4.000000          10.666740        367.822302            0.005537               2.724420              3.038131               5.761642       0.377889       383.581200
max    16.000000   5.000000          12.211531        684.260695            0.006912               3.310368              3.847940               7.158308       0.652915       652.915200
