Workflow Construction Summary Table
========================================================================================================================

 Comp  Groups Wall Time/Evt (s) CPU Time/Evt (s) Throughput (evt/s) Write Remote (MB/evt) Read Remote (MB/evt) Net Transfer (MB/evt) CPU Cores/Evt Memory/Evt (MB)
    1       1            9.2861         521.7594             0.0019                  0.45                 0.00                  0.45        0.0404           40.42
    2       2            9.2490         516.2458             0.0019                  0.45                 0.07                  0.52        0.0402           40.18
    3       2            9.2212         489.4509             0.0020                  0.45                 0.44                  0.89        0.0382           38.42
    4       2            9.2194         240.3026             0.0042                  1.23                 0.91                  2.14        0.0188           19.10
    5       2            9.2379         199.0028             0.0050                  2.53                 2.44                  4.97        0.0155           19.07
    6       3            9.2256         489.3759             0.0020                  0.45                 0.52                  0.97        0.0382           38.41
    7       3            9.1961         235.6741             0.0042                  1.23                 0.99                  2.21        0.0184           18.80
    8       3            9.2304         195.0129             0.0051                  2.53                 2.52                  5.05        0.0153           18.83
    9       3            9.1700         208.1310             0.0048                  1.22                 1.35                  2.58        0.0162           16.83
   10       3            9.2242         169.6249             0.0059                  2.53                 2.88                  5.41        0.0132           17.03
   11       3            9.2294         167.2629             0.0060                  3.29                 3.33                  6.63        0.0130           14.12
   12       4            9.1634         208.0427             0.0048                  1.22                 1.42                  2.65        0.0163           16.84
   13       4            9.2207         169.9564             0.0059                  2.53                 2.95                  5.48        0.0133           17.08
   14       4            9.2188         163.5623             0.0061                  3.29                 3.41                  6.70        0.0128           13.92
   15       4            9.2085         137.0453             0.0073                  3.30                 3.76                  7.06        0.0106           12.03
   16       5            9.2084         136.8908             0.0073                  3.31                 3.83                  7.14        0.0107           12.05

Summary Statistics:
------------------------------------------------------------------------------------------------------------------------
            Comp     Groups  Wall Time/Evt (s)  CPU Time/Evt (s)  Throughput (evt/s)  Write Remote (MB/evt)  Read Remote (MB/evt)  Net Transfer (MB/evt)  CPU Cores/Evt  Memory/Evt (MB)
count  16.000000  16.000000          16.000000         16.000000           16.000000              16.000000             16.000000              16.000000      16.000000        16.000000
mean    8.500000   3.000000           9.219311        265.458774            0.004661               1.875229              1.926597               3.801826       0.020686        22.071250
std     4.760952   1.032796           0.028646        145.539788            0.001831               1.144780              1.355393               2.491304       0.011314        10.564568
min     1.000000   1.000000           9.163389        136.890800            0.001917               0.447345              0.000000               0.447345       0.010635        12.029600
25%     4.750000   2.000000           9.208426        169.034353            0.003632               1.030008              0.812943               1.846153       0.013171        16.154800
50%     8.500000   3.000000           9.220960        203.522720            0.004916               1.877771              1.932580               3.808907       0.015877        17.938800
75%    12.250000   4.000000           9.229640        302.570897            0.005916               2.721015              3.047988               5.767194       0.023610        23.926300
max    16.000000   5.000000           9.286074        521.759377            0.007305               3.307905              3.829197               7.137102       0.040422        40.422400
