Workflow Construction Summary Table
========================================================================================================================

 Comp  Groups Wall Time/Evt (s) CPU Time/Evt (s) Throughput (evt/s) Write Remote (MB/evt) Read Remote (MB/evt) Net Transfer (MB/evt) CPU Cores/Evt Memory/Evt (MB)
    1       1            9.1261          64.2006             0.0156                  0.45                 0.00                  0.45        0.0008            0.84
    2       2            9.0852          64.0174             0.0156                  0.45                 0.06                  0.51        0.0008            0.84
    3       2            9.0779          63.9687             0.0156                  0.45                 0.43                  0.88        0.0008            0.84
    4       2            8.9590          63.4821             0.0158                  2.54                 2.31                  4.85        0.0008            0.83
    5       2            9.0670          63.9138             0.0156                  1.23                 0.90                  2.13        0.0008            0.84
    6       3            9.1039          64.0714             0.0156                  0.45                 0.49                  0.94        0.0009            0.86
    7       3            8.9724          63.5300             0.0157                  2.54                 2.39                  4.93        0.0008            0.84
    8       3            9.1132          64.0900             0.0156                  1.23                 0.97                  2.20        0.0009            0.85
    9       3            9.0385          63.7903             0.0157                  2.54                 2.86                  5.40        0.0008            0.84
   10       3            9.0552          63.8501             0.0157                  1.23                 1.33                  2.56        0.0008            0.85
   11       3            9.0242          63.7300             0.0157                  3.32                 3.27                  6.59        0.0008            0.84
   12       4            9.0214          63.7208             0.0157                  2.54                 2.93                  5.47        0.0009            0.85
   13       4            9.0351          63.7686             0.0157                  1.23                 1.36                  2.59        0.0009            0.85
   14       4            9.0315          63.7536             0.0157                  3.32                 3.34                  6.66        0.0009            0.85
   15       4            9.0408          63.7864             0.0157                  3.32                 3.71                  7.03        0.0008            0.84
   16       5            9.0426          63.7927             0.0157                  3.32                 3.79                  7.11        0.0008            0.85

Summary Statistics:
------------------------------------------------------------------------------------------------------------------------
            Comp     Groups  Wall Time/Evt (s)  CPU Time/Evt (s)  Throughput (evt/s)  Write Remote (MB/evt)  Read Remote (MB/evt)  Net Transfer (MB/evt)  CPU Cores/Evt  Memory/Evt (MB)
count  16.000000  16.000000          16.000000         16.000000           16.000000              16.000000             16.000000              16.000000      16.000000        16.000000
mean    8.500000   3.000000           9.049626         63.841653            0.015664               1.884766              1.883636               3.768402       0.000846         0.845900
std     4.760952   1.032796           0.045921          0.194991            0.000048               1.152134              1.335203               2.477219       0.000006         0.006419
min     1.000000   1.000000           8.959036         63.482106            0.015576               0.449219              0.000000               0.449219       0.000832         0.832000
25%     4.750000   2.000000           9.029667         63.747685            0.015630               1.035156              0.799187               1.834344       0.000842         0.842400
50%     8.500000   3.000000           9.041715         63.791510            0.015676               1.884766              1.836330               3.721095       0.000845         0.844800
75%    12.250000   4.000000           9.079752         63.980880            0.015687               2.734375              3.011330               5.745705       0.000851         0.851200
max    16.000000   5.000000           9.126110         64.200618            0.015752               3.320312              3.788216               7.108529       0.000858         0.857600
