Workflow Construction Summary Table
========================================================================================================================

 Comp  Groups Wall Time/Evt (s) CPU Time/Evt (s) Throughput (evt/s) Write Remote (MB/evt) Read Remote (MB/evt) Net Transfer (MB/evt) CPU Cores/Evt Memory/Evt (MB)
    1       1            6.9525          55.6199             0.0180                  0.45                 0.00                  0.45        0.0013            1.28
    2       2            6.9434          55.3438             0.0181                  0.45                 0.06                  0.51        0.0013            1.28
    3       2            6.9366          53.8703             0.0186                  0.45                 0.38                  0.83        0.0012            1.25
    4       2            6.9684          47.6120             0.0210                  2.54                 2.09                  4.63        0.0011            1.17
    5       2            6.9427          43.0231             0.0232                  1.23                 0.78                  2.01        0.0010            0.84
    6       3            6.9367          53.1608             0.0188                  0.45                 0.44                  0.89        0.0012            1.25
    7       3            6.9662          47.6033             0.0210                  2.54                 2.15                  4.69        0.0011            1.17
    8       3            6.9389          43.0081             0.0233                  1.23                 0.84                  2.08        0.0010            0.84
    9       3            6.9672          47.6071             0.0210                  2.54                 2.47                  5.00        0.0011            1.14
   10       3            6.9379          43.0040             0.0233                  1.23                 1.16                  2.39        0.0010            0.81
   11       3            6.9772          43.1612             0.0232                  3.32                 2.87                  6.19        0.0010            0.82
   12       4            6.9673          46.8977             0.0213                  2.54                 2.53                  5.07        0.0011            1.15
   13       4            6.9380          42.2945             0.0236                  1.23                 1.22                  2.45        0.0010            0.81
   14       4            6.9750          43.1525             0.0232                  3.32                 2.93                  6.25        0.0010            0.82
   15       4            6.9760          43.1563             0.0232                  3.32                 3.25                  6.57        0.0010            0.79
   16       5            6.9761          42.4469             0.0236                  3.32                 3.31                  6.63        0.0010            0.79

Summary Statistics:
------------------------------------------------------------------------------------------------------------------------
            Comp     Groups  Wall Time/Evt (s)  CPU Time/Evt (s)  Throughput (evt/s)  Write Remote (MB/evt)  Read Remote (MB/evt)  Net Transfer (MB/evt)  CPU Cores/Evt  Memory/Evt (MB)
count  16.000000  16.000000          16.000000         16.000000           16.000000              16.000000             16.000000              16.000000      16.000000        16.000000
mean    8.500000   3.000000           6.956269         46.935104            0.021514               1.884766              1.655273               3.540039       0.001087         1.014000
std     4.760952   1.032796           0.016661          4.933114            0.002116               1.152134              1.168838               2.312666       0.000113         0.208809
min     1.000000   1.000000           6.936632         42.294548            0.017979               0.449219              0.000000               0.449219       0.000982         0.790000
25%     4.750000   2.000000           6.938702         43.019334            0.020455               1.035156              0.695801               1.730957       0.000996         0.819500
50%     8.500000   3.000000           6.959368         45.029443            0.022246               1.884766              1.655273               3.540039       0.001045         0.991000
75%    12.250000   4.000000           6.970079         48.999222            0.023245               2.734375              2.614746               5.349121       0.001136         1.192500
max    16.000000   5.000000           6.977214         55.619937            0.023644               3.320312              3.310547               6.630859       0.001280         1.280000
