Workflow Construction Summary Table
========================================================================================================================

 Comp  Groups Wall Time/Evt (s) CPU Time/Evt (s) Throughput (evt/s) Write Remote (MB/evt) Read Remote (MB/evt) Net Transfer (MB/evt) CPU Cores/Evt Memory/Evt (MB)
    1       2           39.9615         312.5778             0.0032                  0.89                 0.54                  1.43        0.0214           21.72
    2       2           39.9615         312.5778             0.0032                  0.89                 0.54                  1.43        0.0214           21.17
    3       3           39.9678         312.6087             0.0032                  0.89                 0.69                  1.58        0.0214           21.72
    4       3           39.9678         312.6087             0.0032                  0.89                 0.69                  1.58        0.0214           21.17
    5       3           39.8183         310.1380             0.0032                  0.89                 0.69                  1.58        0.0213           21.60
    6       3           39.8183         310.1380             0.0032                  0.89                 0.69                  1.58        0.0213           21.18
    7       3           39.9270         159.3381             0.0063                  1.50                 1.16                  2.66        0.0109           21.67
    8       3           39.9270         159.3381             0.0063                  1.50                 1.16                  2.66        0.0109           21.12
    9       3           39.6926         304.8946             0.0033                  0.89                 1.08                  1.97        0.0210           21.16
   10       3           39.7505         280.4947             0.0036                  2.06                 1.72                  3.78        0.0193           21.69
   11       3           39.7505         280.4947             0.0036                  2.06                 1.72                  3.78        0.0193           21.14
   12       4           39.8276         310.1751             0.0032                  0.89                 0.84                  1.72        0.0213           21.60
   13       4           39.8276         310.1751             0.0032                  0.89                 0.84                  1.72        0.0213           21.18
   14       4           39.9332         159.3690             0.0063                  1.50                 1.31                  2.81        0.0109           21.67
   15       4           39.9332         159.3690             0.0063                  1.50                 1.31                  2.81        0.0109           21.12
   16       4           39.7019         304.9317             0.0033                  0.89                 1.23                  2.12        0.0210           21.16
   17       4           39.7019         304.9317             0.0033                  0.89                 1.23                  2.12        0.0210           21.16
   18       4           39.7824         158.7627             0.0063                  1.50                 1.31                  2.81        0.0109           21.55
   19       4           39.7824         158.7627             0.0063                  1.50                 1.31                  2.81        0.0109           21.13
   20       4           39.7599         280.5319             0.0036                  2.06                 1.86                  3.92        0.0193           21.70
   21       4           39.7479         158.6376             0.0063                  2.68                 2.33                  5.01        0.0109           21.67
   22       4           39.7599         280.5319             0.0036                  2.06                 1.86                  3.92        0.0193           21.15
   23       4           39.7479         158.6376             0.0063                  2.68                 2.33                  5.01        0.0109           21.12
   24       4           39.7333         280.4262             0.0036                  2.06                 1.86                  3.92        0.0193           21.57
   25       4           39.7333         280.4262             0.0036                  2.06                 1.86                  3.92        0.0193           21.15
   26       4           39.7489         280.4879             0.0036                  2.06                 2.26                  4.32        0.0193           21.15
   27       4           39.6644         158.2984             0.0063                  1.50                 1.70                  3.20        0.0109           21.12
   28       5           39.7112         304.9687             0.0033                  0.89                 1.37                  2.26        0.0210           21.17
   29       5           39.7887         158.7936             0.0063                  1.50                 1.45                  2.96        0.0109           21.55
   30       5           39.7887         158.7936             0.0063                  1.50                 1.45                  2.96        0.0109           21.13
   31       5           39.7572         158.6748             0.0063                  2.68                 2.48                  5.16        0.0109           21.67
   32       5           39.7572         158.6748             0.0063                  2.68                 2.48                  5.16        0.0109           21.12
   33       5           39.7426         280.4633             0.0036                  2.06                 2.01                  4.07        0.0193           21.57
   34       5           39.7426         280.4633             0.0036                  2.06                 2.01                  4.07        0.0193           21.15
   35       5           39.7582         280.5251             0.0036                  2.06                 2.40                  4.46        0.0193           21.15
   36       5           39.7582         280.5251             0.0036                  2.06                 2.40                  4.46        0.0193           21.15
   37       5           39.6737         158.3355             0.0063                  1.50                 1.85                  3.35        0.0109           21.12
   38       5           39.6737         158.3355             0.0063                  1.50                 1.85                  3.35        0.0109           21.12
   39       5           39.7307         158.5692             0.0063                  2.68                 2.48                  5.16        0.0109           21.54
   40       5           39.7307         158.5692             0.0063                  2.68                 2.48                  5.16        0.0109           21.12
   41       5           39.7462         158.6308             0.0063                  2.68                 2.87                  5.55        0.0109           21.12
   42       6           39.7675         280.5622             0.0036                  2.06                 2.55                  4.61        0.0193           21.15
   43       6           39.6830         158.3725             0.0063                  1.50                 1.99                  3.50        0.0109           21.12
   44       6           39.7400         158.6064             0.0063                  2.68                 2.63                  5.31        0.0109           21.55
   45       6           39.7400         158.6064             0.0063                  2.68                 2.63                  5.31        0.0109           21.12
   46       6           39.7556         158.6680             0.0063                  2.68                 3.02                  5.70        0.0109           21.12
   47       6           39.7556         158.6680             0.0063                  2.68                 3.02                  5.70        0.0109           21.12
   48       7           39.7649         158.7051             0.0063                  2.68                 3.17                  5.84        0.0109           21.12

Summary Statistics:
------------------------------------------------------------------------------------------------------------------------
        Comp     Groups  Wall Time/Evt (s)  CPU Time/Evt (s)  Throughput (evt/s)  Write Remote (MB/evt)  Read Remote (MB/evt)  Net Transfer (MB/evt)  CPU Cores/Evt  Memory/Evt (MB)
count  48.00  48.000000          48.000000         48.000000           48.000000              48.000000             48.000000              48.000000      48.000000        48.000000
mean   24.50   4.333333          39.781136        226.795312            0.004850               1.782451              1.764463               3.546914       0.015549        21.302850
std    14.00   1.117241           0.083750         69.566726            0.001470               0.668887              0.726527               1.368717       0.004794         0.235835
min     1.00   2.000000          39.664354        158.298425            0.003199               0.888672              0.540084               1.428756       0.010852        21.118000
25%    12.75   4.000000          39.738359        158.667997            0.003493               1.350435              1.226771               2.563026       0.010854        21.123800
50%    24.50   4.000000          39.756381        219.897589            0.004920               1.782451              1.845460               3.636858       0.015071        21.156600
75%    36.25   5.000000          39.796096        286.645303            0.006302               2.214468              2.402692               4.710574       0.019711        21.555300
max    48.00   7.000000          39.967787        312.608713            0.006317               2.676230              3.168666               5.844897       0.021351        21.718400
