Workflow Construction Summary Table
========================================================================================================================

 Comp  Groups Wall Time/Evt (s) CPU Time/Evt (s) Throughput (evt/s) Write Remote (MB/evt) Read Remote (MB/evt) Net Transfer (MB/evt) CPU Cores/Evt Memory/Evt (MB)
    1       1            9.6739          66.5713             0.0150                  0.45                 0.00                  0.45        0.0009            0.89
    2       2            9.6737          66.2289             0.0151                  0.44                 0.06                  0.51        0.0009            0.92
    3       2            9.7057          66.4632             0.0150                  0.44                 0.42                  0.86        0.0009            0.92
    4       2           10.2620          70.5457             0.0142                  2.54                 2.42                  4.96        0.0009            0.92
    5       2            9.7681          67.5231             0.0148                  1.23                 0.88                  2.11        0.0009            0.90
    6       3            9.7128          66.5154             0.0150                  0.44                 0.49                  0.93        0.0009            0.94
    7       3           10.3260          70.8211             0.0141                  2.54                 2.52                  5.06        0.0009            0.94
    8       3            9.8746          67.9669             0.0147                  1.23                 0.95                  2.18        0.0009            0.94
    9       3           10.0945          69.6541             0.0144                  2.50                 2.76                  5.26        0.0009            0.90
   10       3            9.7501          67.2313             0.0149                  1.21                 1.27                  2.49        0.0009            0.90
   11       3           10.2713          71.1933             0.0140                  3.32                 3.22                  6.54        0.0009            0.90
   12       4           10.2027          70.4724             0.0142                  2.54                 2.88                  5.42        0.0009            0.94
   13       4            9.9245          68.3075             0.0146                  1.23                 1.36                  2.59        0.0010            0.97
   14       4           10.3531          71.5413             0.0140                  3.32                 3.33                  6.65        0.0010            0.95
   15       4           10.1615          70.5417             0.0142                  3.30                 3.59                  6.89        0.0009            0.92
   16       5           10.0690          70.1959             0.0142                  3.30                 3.63                  6.93        0.0009            0.93

Summary Statistics:
------------------------------------------------------------------------------------------------------------------------
            Comp     Groups  Wall Time/Evt (s)  CPU Time/Evt (s)  Throughput (evt/s)  Write Remote (MB/evt)  Read Remote (MB/evt)  Net Transfer (MB/evt)  CPU Cores/Evt  Memory/Evt (MB)
count  16.000000  16.000000          16.000000         16.000000           16.000000              16.000000             16.000000              16.000000      16.000000        16.000000
mean    8.500000   3.000000           9.988971         68.860813            0.014533               1.878161              1.860679               3.738840       0.000924         0.923500
std     4.760952   1.032796           0.254513          1.934070            0.000409               1.149798              1.310793               2.452834       0.000022         0.022432
min     1.000000   1.000000           9.673703         66.228876            0.013978               0.443676              0.000000               0.449219       0.000888         0.888000
25%     4.750000   2.000000           9.740767         67.066313            0.014176               1.021834              0.780130               1.814037       0.000904         0.904000
50%     8.500000   3.000000           9.996791         68.980778            0.014498               1.866342              1.892644               3.777410       0.000920         0.920000
75%    12.250000   4.000000          10.217560         70.542677            0.014911               2.729934              2.962282               5.696657       0.000938         0.938000
max    16.000000   5.000000          10.353105         71.541255            0.015099               3.320312              3.629964               6.932514       0.000968         0.968000
