Workflow Construction Summary Table
========================================================================================================================

 Comp  Groups Wall Time/Evt (s) CPU Time/Evt (s) Throughput (evt/s) Write Remote (MB/evt) Read Remote (MB/evt) Net Transfer (MB/evt) CPU Cores/Evt Memory/Evt (MB)
    1       1            6.9764          55.8115             0.0179                  0.45                 0.00                  0.45        0.0019            1.92
    2       2            6.9624          55.6988             0.0180                  0.45                 0.06                  0.51        0.0019            1.92
    3       2            6.9506          55.6046             0.0180                  0.45                 0.38                  0.83        0.0019            1.92
    4       2            6.9792          55.8339             0.0179                  2.54                 2.09                  4.63        0.0019            1.92
    5       2            6.9539          55.6313             0.0180                  1.23                 0.78                  2.01        0.0019            1.92
    6       3            6.9504          55.6030             0.0180                  0.45                 0.44                  0.89        0.0019            1.92
    7       3            6.9756          55.8047             0.0179                  2.54                 2.15                  4.69        0.0019            1.92
    8       3            6.9479          55.5829             0.0180                  1.23                 0.84                  2.08        0.0019            1.92
    9       3            6.9755          55.8039             0.0179                  2.54                 2.47                  5.00        0.0019            1.92
   10       3            6.9447          55.5579             0.0180                  1.23                 1.16                  2.39        0.0019            1.92
   11       3            6.9847          55.8772             0.0179                  3.32                 2.87                  6.19        0.0019            1.92
   12       4            6.9753          55.8023             0.0179                  2.54                 2.53                  5.07        0.0019            1.92
   13       4            6.9445          55.5562             0.0180                  1.23                 1.22                  2.45        0.0019            1.92
   14       4            6.9810          55.8480             0.0179                  3.32                 2.93                  6.25        0.0019            1.92
   15       4            6.9809          55.8472             0.0179                  3.32                 3.25                  6.57        0.0019            1.92
   16       5            6.9807          55.8456             0.0179                  3.32                 3.31                  6.63        0.0019            1.92

Summary Statistics:
------------------------------------------------------------------------------------------------------------------------
            Comp     Groups  Wall Time/Evt (s)  CPU Time/Evt (s)  Throughput (evt/s)  Write Remote (MB/evt)  Read Remote (MB/evt)  Net Transfer (MB/evt)  CPU Cores/Evt  Memory/Evt (MB)
count  16.000000  16.000000          16.000000         16.000000           16.000000              16.000000             16.000000              16.000000      16.000000          16.0000
mean    8.500000   3.000000           6.966477         55.731813            0.017943               1.884766              1.655273               3.540039       0.001918           1.9184
std     4.760952   1.032796           0.015153          0.121220            0.000039               1.152134              1.168838               2.312666       0.000000           0.0000
min     1.000000   1.000000           6.944528         55.556222            0.017896               0.449219              0.000000               0.449219       0.001918           1.9184
25%     4.750000   2.000000           6.950525         55.604197            0.017909               1.035156              0.695801               1.730957       0.001918           1.9184
50%     8.500000   3.000000           6.975386         55.803090            0.017920               1.884766              1.655273               3.540039       0.001918           1.9184
75%    12.250000   4.000000           6.979605         55.836840            0.017984               2.734375              2.614746               5.349121       0.001918           1.9184
max    16.000000   5.000000           6.984654         55.877232            0.018000               3.320312              3.310547               6.630859       0.001918           1.9184
