Workflow Construction Summary Table
========================================================================================================================

 Comp  Groups Wall Time/Evt (s) CPU Time/Evt (s) Throughput (evt/s) Write Remote (MB/evt) Read Remote (MB/evt) Net Transfer (MB/evt) CPU Cores/Evt Memory/Evt (MB)
    1       1            7.7368         470.5827             0.0021                  0.45                 0.00                  0.45        0.0057            5.68
    2       2            7.7377         467.2153             0.0021                  0.45                 0.06                  0.51        0.0056            5.65
    3       2            7.7685         444.0216             0.0023                  0.45                 0.40                  0.85        0.0054            5.41
    4       2            7.8948         220.1816             0.0045                  1.23                 0.82                  2.05        0.0026            2.62
    5       2            8.1810         193.5927             0.0052                  2.54                 2.17                  4.71        0.0021            2.65
    6       3            7.7729         444.0427             0.0023                  0.45                 0.47                  0.92        0.0054            5.41
    7       3            7.8992         217.5670             0.0046                  1.23                 0.88                  2.11        0.0025            2.60
    8       3            8.1734         190.0651             0.0053                  2.54                 2.23                  4.77        0.0021            2.60
    9       3            7.9326         194.5492             0.0051                  1.23                 1.22                  2.45        0.0023            2.36
   10       3            8.2022         167.3669             0.0060                  2.54                 2.56                  5.10        0.0018            2.35
   11       3            8.3532         166.0582             0.0060                  3.32                 3.00                  6.32        0.0018            1.95
   12       4            7.9393         194.5749             0.0051                  1.23                 1.28                  2.51        0.0023            2.36
   13       4            8.2208         167.4164             0.0060                  2.54                 2.63                  5.17        0.0018            2.36
   14       4            8.3421         161.7353             0.0062                  3.32                 3.06                  6.38        0.0017            1.89
   15       4            8.3883         140.4526             0.0071                  3.32                 3.39                  6.71        0.0015            1.66
   16       5            8.3951         140.4782             0.0071                  3.32                 3.46                  6.78        0.0015            1.66

Summary Statistics:
------------------------------------------------------------------------------------------------------------------------
            Comp     Groups  Wall Time/Evt (s)  CPU Time/Evt (s)  Throughput (evt/s)  Write Remote (MB/evt)  Read Remote (MB/evt)  Net Transfer (MB/evt)  CPU Cores/Evt  Memory/Evt (MB)
count  16.000000  16.000000          16.000000         16.000000           16.000000              16.000000             16.000000              16.000000      16.000000        16.000000
mean    8.500000   3.000000           8.058626        248.743777            0.004813               1.884766              1.727315               3.612080       0.002877         3.076025
std     4.760952   1.032796           0.247503        126.082897            0.001728               1.152134              1.217817               2.361198       0.001611         1.503066
min     1.000000   1.000000           7.736787        140.452641            0.002125               0.449219              0.000000               0.449219       0.001466         1.663200
25%     4.750000   2.000000           7.864348        167.039726            0.003969               1.035156              0.728622               1.763778       0.001803         2.251500
50%     8.500000   3.000000           8.056386        194.070978            0.005153               1.884766              1.727321               3.612087       0.002205         2.481600
75%    12.250000   4.000000           8.251148        276.141634            0.005987               2.734375              2.724094               5.458469       0.003272         3.336400
max    16.000000   5.000000           8.395066        470.582674            0.007120               3.320312              3.460341               6.780653       0.005683         5.683200
