Workflow Construction Summary Table
========================================================================================================================

 Comp  Groups Wall Time/Evt (s) CPU Time/Evt (s) Throughput (evt/s) Write Remote (MB/evt) Read Remote (MB/evt) Net Transfer (MB/evt) CPU Cores/Evt Memory/Evt (MB)
    1       2           40.6358         318.1671             0.0031                  0.89                 0.54                  1.43        0.0428           43.54
    2       2           40.6358         318.1671             0.0031                  0.89                 0.54                  1.43        0.0428           42.45
    3       3           40.6264         318.1326             0.0031                  0.89                 0.69                  1.57        0.0428           43.54
    4       3           40.6264         318.1326             0.0031                  0.89                 0.69                  1.57        0.0428           42.45
    5       3           40.3122         314.3640             0.0032                  0.89                 0.69                  1.57        0.0426           43.20
    6       3           40.3122         314.3640             0.0032                  0.89                 0.69                  1.57        0.0426           42.36
    7       3           40.3281         160.7099             0.0062                  1.50                 1.16                  2.66        0.0217           43.34
    8       3           40.3281         160.7099             0.0062                  1.50                 1.16                  2.66        0.0217           42.25
    9       3           39.9988         307.7623             0.0032                  0.89                 1.08                  1.97        0.0421           42.43
   10       3           39.7751         281.1558             0.0036                  2.06                 1.72                  3.78        0.0386           43.46
   11       3           39.7751         281.1558             0.0036                  2.06                 1.72                  3.78        0.0386           42.38
   12       4           40.3027         314.3263             0.0032                  0.89                 0.83                  1.72        0.0426           43.20
   13       4           40.3027         314.3263             0.0032                  0.89                 0.83                  1.72        0.0426           42.36
   14       4           40.3187         160.6723             0.0062                  1.50                 1.31                  2.81        0.0217           43.34
   15       4           40.3187         160.6723             0.0062                  1.50                 1.31                  2.81        0.0217           42.25
   16       4           39.9893         307.7247             0.0032                  0.89                 1.22                  2.11        0.0421           42.43
   17       4           39.9893         307.7247             0.0032                  0.89                 1.22                  2.11        0.0421           42.43
   18       4           40.0122         159.4546             0.0063                  1.50                 1.31                  2.81        0.0218           43.21
   19       4           40.0122         159.4546             0.0063                  1.50                 1.31                  2.81        0.0218           42.37
   20       4           39.7657         281.1183             0.0036                  2.06                 1.86                  3.92        0.0386           43.47
   21       4           39.5327         157.5442             0.0063                  2.68                 2.33                  5.01        0.0217           43.34
   22       4           39.7657         281.1183             0.0036                  2.06                 1.86                  3.92        0.0386           42.38
   23       4           39.5327         157.5442             0.0063                  2.68                 2.33                  5.01        0.0217           42.25
   24       4           39.7111         280.9041             0.0036                  2.06                 1.86                  3.92        0.0386           43.21
   25       4           39.7111         280.9041             0.0036                  2.06                 1.86                  3.92        0.0386           42.38
   26       4           39.6670         280.7286             0.0036                  2.06                 2.26                  4.32        0.0386           42.37
   27       4           39.7055         158.2317             0.0063                  1.50                 1.70                  3.20        0.0217           42.24
   28       5           39.9799         307.6781             0.0033                  0.89                 1.37                  2.26        0.0421           42.43
   29       5           40.0028         159.4171             0.0063                  1.50                 1.45                  2.96        0.0218           43.21
   30       5           40.0028         159.4171             0.0063                  1.50                 1.45                  2.96        0.0218           42.37
   31       5           39.5234         157.5067             0.0063                  2.68                 2.48                  5.16        0.0217           43.34
   32       5           39.5234         157.5067             0.0063                  2.68                 2.48                  5.16        0.0217           42.25
   33       5           39.7017         280.8667             0.0036                  2.06                 2.01                  4.07        0.0386           43.22
   34       5           39.7017         280.8667             0.0036                  2.06                 2.01                  4.07        0.0386           42.38
   35       5           39.6576         280.6911             0.0036                  2.06                 2.40                  4.46        0.0386           42.37
   36       5           39.6576         280.6911             0.0036                  2.06                 2.40                  4.46        0.0386           42.37
   37       5           39.6961         158.1941             0.0063                  1.50                 1.84                  3.35        0.0217           42.25
   38       5           39.6961         158.1941             0.0063                  1.50                 1.84                  3.35        0.0217           42.24
   39       5           39.4702         157.2954             0.0064                  2.68                 2.48                  5.16        0.0217           43.09
   40       5           39.4702         157.2954             0.0064                  2.68                 2.48                  5.16        0.0217           42.25
   41       5           39.4262         157.1199             0.0064                  2.68                 2.87                  5.55        0.0217           42.24
   42       6           39.6482         280.6535             0.0036                  2.06                 2.55                  4.61        0.0386           42.37
   43       6           39.6867         158.1566             0.0063                  1.50                 1.99                  3.50        0.0217           42.24
   44       6           39.4608         157.2579             0.0064                  2.68                 2.63                  5.31        0.0217           43.09
   45       6           39.4608         157.2579             0.0064                  2.68                 2.63                  5.31        0.0217           42.25
   46       6           39.4168         157.0824             0.0064                  2.68                 3.02                  5.70        0.0217           42.25
   47       6           39.4168         157.0824             0.0064                  2.68                 3.02                  5.70        0.0217           42.25
   48       7           39.4073         157.0449             0.0064                  2.68                 3.17                  5.84        0.0217           42.25

Summary Statistics:
------------------------------------------------------------------------------------------------------------------------
        Comp     Groups  Wall Time/Evt (s)  CPU Time/Evt (s)  Throughput (evt/s)  Write Remote (MB/evt)  Read Remote (MB/evt)  Net Transfer (MB/evt)  CPU Cores/Evt  Memory/Evt (MB)
count  48.00  48.000000          48.000000         48.000000           48.000000              48.000000             48.000000              48.000000      48.000000        48.000000
mean   24.50   4.333333          39.874964        227.761381            0.004845               1.782451              1.763475               3.545926       0.031139        42.652825
std    14.00   1.117241           0.369868         71.122539            0.001492               0.668887              0.727065               1.369317       0.009619         0.474071
min     1.00   2.000000          39.407344        157.044858            0.003143               0.888672              0.538597               1.427269       0.021705        42.239800
25%    12.75   4.000000          39.619314        158.003498            0.003480               1.350435              1.224511               2.562246       0.021709        42.253400
50%    24.50   4.000000          39.738380        220.681730            0.004893               1.782451              1.843696               3.636120       0.030204        42.378400
75%    36.25   5.000000          40.084830        287.786413            0.006329               2.214468              2.401957               4.709908       0.039498        43.200450
max    48.00   7.000000          40.635801        318.167080            0.006368               2.676230              3.168130               5.844360       0.042815        43.544000
