Workflow Construction Summary Table
========================================================================================================================

 Comp  Groups Wall Time/Evt (s) CPU Time/Evt (s) Throughput (evt/s) Write Remote (MB/evt) Read Remote (MB/evt) Net Transfer (MB/evt) CPU Cores/Evt Memory/Evt (MB)
    1       1            7.2484         454.4261             0.0022                  0.45                 0.00                  0.45        0.0107           10.66
    2       2            7.2389         450.5178             0.0022                  0.45                 0.07                  0.52        0.0106           10.59
    3       2            7.2382         208.3754             0.0048                  1.23                 0.80                  2.03        0.0049            4.98
    4       2            7.2318         428.5222             0.0023                  0.45                 0.38                  0.83        0.0101           10.15
    5       2            7.2559         172.2646             0.0058                  2.54                 2.12                  4.66        0.0040            4.96
    6       3            7.2319         428.5226             0.0023                  0.45                 0.45                  0.90        0.0101           10.15
    7       3            7.2342         205.0764             0.0049                  1.23                 0.86                  2.09        0.0048            4.92
    8       3            7.2567         145.0324             0.0069                  3.32                 2.92                  6.24        0.0034            3.66
    9       3            7.2540         169.0722             0.0059                  2.54                 2.18                  4.72        0.0039            4.90
   10       3            7.2547         147.8470             0.0068                  2.54                 2.50                  5.04        0.0035            4.47
   11       3            7.2332         183.1953             0.0055                  1.23                 1.18                  2.41        0.0043            4.47
   12       4            7.2636         147.8649             0.0068                  2.54                 2.57                  5.11        0.0035            4.47
   13       4            7.2333         183.1957             0.0055                  1.23                 1.25                  2.48        0.0043            4.47
   14       4            7.2544         141.8416             0.0071                  3.32                 2.98                  6.30        0.0033            3.61
   15       4            7.2555         120.1078             0.0083                  3.32                 3.30                  6.62        0.0028            3.16
   16       5            7.2556         120.1081             0.0083                  3.32                 3.36                  6.68        0.0028            3.16

Summary Statistics:
------------------------------------------------------------------------------------------------------------------------
            Comp     Groups  Wall Time/Evt (s)  CPU Time/Evt (s)  Throughput (evt/s)  Write Remote (MB/evt)  Read Remote (MB/evt)  Net Transfer (MB/evt)  CPU Cores/Evt  Memory/Evt (MB)
count  16.000000  16.000000          16.000000         16.000000           16.000000              16.000000             16.000000              16.000000      16.000000        16.000000
mean    8.500000   3.000000           7.246268        231.623133            0.005345               1.884766              1.682443               3.567209       0.005430         5.798975
std     4.760952   1.032796           0.011239        127.260934            0.002097               1.152134              1.185690               2.329400       0.003002         2.800770
min     1.000000   1.000000           7.231796        120.107842            0.002201               0.449219              0.000000               0.449219       0.002793         3.160800
25%     4.750000   2.000000           7.234000        147.143319            0.004183               1.035156              0.710369               1.745525       0.003434         4.265900
50%     8.500000   3.000000           7.251189        177.729947            0.005632               1.884766              1.681581               3.566346       0.004164         4.686800
75%    12.250000   4.000000           7.255543        263.412121            0.006797               2.734375              2.656391               5.390766       0.006191         6.274200
max    16.000000   5.000000           7.263563        454.426074            0.008326               3.320312              3.362303               6.682615       0.010662        10.662400
