Workflow Construction Summary Table
========================================================================================================================

 Comp  Groups Wall Time/Evt (s) CPU Time/Evt (s) Throughput (evt/s) Write Remote (MB/evt) Read Remote (MB/evt) Net Transfer (MB/evt) CPU Cores/Evt Memory/Evt (MB)
    1       2           42.7772         320.6731             0.0031                  0.89                 0.57                  1.46        0.0039            3.95
    2       2           42.7772         320.6731             0.0031                  0.89                 0.57                  1.46        0.0039            3.85
    3       3           42.7812         320.7139             0.0031                  0.89                 0.72                  1.61        0.0039            3.96
    4       3           42.7812         320.7139             0.0031                  0.89                 0.72                  1.61        0.0039            3.85
    5       3           42.6948         319.0051             0.0031                  0.89                 0.72                  1.61        0.0039            3.93
    6       3           42.6948         319.0051             0.0031                  0.89                 0.72                  1.61        0.0039            3.85
    7       3           42.7509         163.1885             0.0061                  1.50                 1.21                  2.72        0.0020            3.95
    8       3           42.7509         163.1885             0.0061                  1.50                 1.21                  2.72        0.0020            3.85
    9       3           42.6664         314.5724             0.0032                  0.89                 1.13                  2.02        0.0038            3.85
   10       3           42.6303         289.1464             0.0035                  2.06                 1.79                  3.85        0.0035            3.95
   11       3           42.6303         289.1464             0.0035                  2.06                 1.79                  3.85        0.0035            3.85
   12       4           42.7101         319.0340             0.0031                  0.89                 0.88                  1.77        0.0039            3.93
   13       4           42.7101         319.0340             0.0031                  0.89                 0.88                  1.77        0.0039            3.85
   14       4           42.7642         163.2133             0.0061                  1.50                 1.37                  2.88        0.0020            3.96
   15       4           42.7642         163.2133             0.0061                  1.50                 1.37                  2.88        0.0020            3.85
   16       4           42.6735         314.6195             0.0032                  0.89                 1.28                  2.17        0.0038            3.85
   17       4           42.6735         314.6195             0.0032                  0.89                 1.28                  2.17        0.0038            3.85
   18       4           42.7200         163.0742             0.0061                  1.50                 1.36                  2.86        0.0020            3.93
   19       4           42.7200         163.0742             0.0061                  1.50                 1.36                  2.86        0.0020            3.85
   20       4           42.6434         289.1361             0.0035                  2.06                 1.95                  4.01        0.0035            3.95
   21       4           42.6915         162.9350             0.0061                  2.68                 2.45                  5.12        0.0020            3.95
   22       4           42.6434         289.1361             0.0035                  2.06                 1.95                  4.01        0.0035            3.85
   23       4           42.6915         162.9350             0.0061                  2.68                 2.45                  5.12        0.0020            3.85
   24       4           42.6218         289.1189             0.0035                  2.06                 1.94                  4.00        0.0035            3.93
   25       4           42.6218         289.1189             0.0035                  2.06                 1.94                  4.00        0.0035            3.86
   26       4           42.6340         289.4469             0.0035                  2.06                 2.33                  4.39        0.0035            3.86
   27       4           42.6692         162.9216             0.0061                  1.50                 1.76                  3.27        0.0020            3.85
   28       5           42.6645         314.6688             0.0032                  0.89                 1.43                  2.32        0.0038            3.85
   29       5           42.7356         163.1034             0.0061                  1.50                 1.52                  3.02        0.0020            3.93
   30       5           42.7356         163.1034             0.0061                  1.50                 1.52                  3.02        0.0020            3.85
   31       5           42.6559         162.8622             0.0061                  2.68                 2.59                  5.27        0.0020            3.96
   32       5           42.6559         162.8622             0.0061                  2.68                 2.59                  5.27        0.0020            3.85
   33       5           42.6381         289.1150             0.0035                  2.06                 2.10                  4.16        0.0035            3.93
   34       5           42.6381         289.1150             0.0035                  2.06                 2.10                  4.16        0.0035            3.85
   35       5           42.6339         289.3409             0.0035                  2.06                 2.50                  4.56        0.0035            3.85
   36       5           42.6339         289.3409             0.0035                  2.06                 2.50                  4.56        0.0035            3.85
   37       5           42.7251         163.0318             0.0061                  1.50                 1.91                  3.41        0.0020            3.86
   38       5           42.7251         163.0318             0.0061                  1.50                 1.91                  3.41        0.0020            3.86
   39       5           42.5818         162.7052             0.0061                  2.68                 2.58                  5.26        0.0020            3.92
   40       5           42.5818         162.7052             0.0061                  2.68                 2.58                  5.26        0.0020            3.85
   41       5           42.5602         162.6541             0.0061                  2.68                 3.00                  5.67        0.0020            3.84
   42       6           42.6455         289.3970             0.0035                  2.06                 2.65                  4.71        0.0035            3.86
   43       6           42.7149         163.0095             0.0061                  1.50                 2.07                  3.58        0.0020            3.86
   44       6           42.6155         162.7706             0.0061                  2.68                 2.75                  5.42        0.0020            3.93
   45       6           42.6155         162.7706             0.0061                  2.68                 2.75                  5.42        0.0020            3.85
   46       6           42.5736         162.6792             0.0061                  2.68                 3.15                  5.83        0.0020            3.85
   47       6           42.5736         162.6792             0.0061                  2.68                 3.15                  5.83        0.0020            3.85
   48       7           42.5774         162.6851             0.0061                  2.68                 3.30                  5.98        0.0020            3.86

Summary Statistics:
------------------------------------------------------------------------------------------------------------------------
        Comp     Groups  Wall Time/Evt (s)  CPU Time/Evt (s)  Throughput (evt/s)  Write Remote (MB/evt)  Read Remote (MB/evt)  Net Transfer (MB/evt)  CPU Cores/Evt  Memory/Evt (MB)
count  48.00  48.000000          48.000000         48.000000           48.000000              48.000000             48.000000              48.000000      48.000000        48.000000
mean   24.50   4.333333          42.674343        233.297666            0.004719               1.782451              1.840710               3.623161       0.002833         3.881983
std    14.00   1.117241           0.062157         71.866574            0.001438               0.668887              0.755088               1.397342       0.000869         0.043214
min     1.00   2.000000          42.560222        162.654084            0.003118               0.888672              0.569585               1.458257       0.001977         3.844800
25%    12.75   4.000000          42.632962        162.935015            0.003386               1.350435              1.284385               2.617534       0.001983         3.851200
50%    24.50   4.000000          42.667799        226.164145            0.004793               1.782451              1.908100               3.711750       0.002748         3.854000
75%    36.25   5.000000          42.721276        295.728252            0.006137               2.214468              2.495418               4.810459       0.003594         3.927500
max    48.00   7.000000          42.781164        320.713893            0.006148               2.676230              3.304121               5.980352       0.003886         3.957600
