Workflow Construction Summary Table
========================================================================================================================

 Comp  Groups Wall Time/Evt (s) CPU Time/Evt (s) Throughput (evt/s) Write Remote (MB/evt) Read Remote (MB/evt) Net Transfer (MB/evt) CPU Cores/Evt Memory/Evt (MB)
    1       2           39.3044         307.5842             0.0033                  0.89                 0.54                  1.43        0.0071            7.24
    2       2           39.3044         307.5842             0.0033                  0.89                 0.54                  1.43        0.0071            7.05
    3       3           39.3114         307.5949             0.0033                  0.89                 0.69                  1.58        0.0071            7.24
    4       3           39.3114         307.5949             0.0033                  0.89                 0.69                  1.58        0.0071            7.05
    5       3           39.2337         305.9211             0.0033                  0.89                 0.68                  1.57        0.0071            7.19
    6       3           39.2337         305.9211             0.0033                  0.89                 0.68                  1.57        0.0071            7.05
    7       3           39.2532         156.3763             0.0064                  1.50                 1.16                  2.66        0.0036            7.23
    8       3           39.2532         156.3763             0.0064                  1.50                 1.16                  2.66        0.0036            7.04
    9       3           39.1984         301.5048             0.0033                  0.89                 1.08                  1.97        0.0070            7.05
   10       3           39.1600         276.9652             0.0036                  2.06                 1.72                  3.78        0.0064            7.24
   11       3           39.1600         276.9652             0.0036                  2.06                 1.72                  3.78        0.0064            7.05
   12       4           39.2407         305.9318             0.0033                  0.89                 0.83                  1.72        0.0071            7.20
   13       4           39.2407         305.9318             0.0033                  0.89                 0.83                  1.72        0.0071            7.05
   14       4           39.2602         156.3869             0.0064                  1.50                 1.31                  2.81        0.0036            7.23
   15       4           39.2602         156.3869             0.0064                  1.50                 1.31                  2.81        0.0036            7.04
   16       4           39.1967         301.4982             0.0033                  0.89                 1.23                  2.12        0.0070            7.06
   17       4           39.1967         301.4982             0.0033                  0.89                 1.23                  2.12        0.0070            7.05
   18       4           39.1828         156.1307             0.0064                  1.50                 1.30                  2.81        0.0036            7.19
   19       4           39.1828         156.1307             0.0064                  1.50                 1.30                  2.81        0.0036            7.05
   20       4           39.1670         276.9759             0.0036                  2.06                 1.87                  3.93        0.0064            7.24
   21       4           39.1191         155.8427             0.0064                  2.68                 2.34                  5.01        0.0036            7.23
   22       4           39.1670         276.9759             0.0036                  2.06                 1.87                  3.93        0.0064            7.05
   23       4           39.1191         155.8427             0.0064                  2.68                 2.34                  5.01        0.0036            7.05
   24       4           39.1495         276.9233             0.0036                  2.06                 1.87                  3.93        0.0064            7.19
   25       4           39.1495         276.9233             0.0036                  2.06                 1.87                  3.93        0.0064            7.06
   26       4           39.1419         276.8757             0.0036                  2.06                 2.26                  4.32        0.0064            7.05
   27       4           39.1491         155.9621             0.0064                  1.50                 1.70                  3.20        0.0036            7.05
   28       5           39.1864         301.4743             0.0033                  0.89                 1.37                  2.26        0.0070            7.06
   29       5           39.1898         156.1415             0.0064                  1.50                 1.45                  2.96        0.0036            7.19
   30       5           39.1898         156.1415             0.0064                  1.50                 1.45                  2.96        0.0036            7.05
   31       5           39.1261         155.8534             0.0064                  2.68                 2.49                  5.16        0.0036            7.24
   32       5           39.1261         155.8534             0.0064                  2.68                 2.49                  5.16        0.0036            7.05
   33       5           39.1565         276.9341             0.0036                  2.06                 2.02                  4.08        0.0064            7.20
   34       5           39.1565         276.9341             0.0036                  2.06                 2.02                  4.08        0.0064            7.06
   35       5           39.1402         276.8691             0.0036                  2.06                 2.41                  4.47        0.0064            7.06
   36       5           39.1402         276.8691             0.0036                  2.06                 2.41                  4.47        0.0064            7.05
   37       5           39.1474         155.9553             0.0064                  1.50                 1.85                  3.35        0.0036            7.05
   38       5           39.1474         155.9553             0.0064                  1.50                 1.85                  3.35        0.0036            7.04
   39       5           39.1086         155.8008             0.0064                  2.68                 2.49                  5.16        0.0036            7.19
   40       5           39.1086         155.8008             0.0064                  2.68                 2.49                  5.16        0.0036            7.05
   41       5           39.1010         155.7705             0.0064                  2.68                 2.88                  5.55        0.0036            7.05
   42       6           39.1301         276.8455             0.0036                  2.06                 2.55                  4.61        0.0064            7.06
   43       6           39.1372         155.9316             0.0064                  1.50                 1.99                  3.49        0.0036            7.05
   44       6           39.1156         155.8116             0.0064                  2.68                 2.63                  5.31        0.0036            7.20
   45       6           39.1156         155.8116             0.0064                  2.68                 2.63                  5.31        0.0036            7.05
   46       6           39.0993         155.7640             0.0064                  2.68                 3.02                  5.70        0.0036            7.05
   47       6           39.0993         155.7640             0.0064                  2.68                 3.02                  5.70        0.0036            7.05
   48       7           39.0977         155.7573             0.0064                  2.68                 3.17                  5.85        0.0036            7.06

Summary Statistics:
------------------------------------------------------------------------------------------------------------------------
        Comp     Groups  Wall Time/Evt (s)  CPU Time/Evt (s)  Throughput (evt/s)  Write Remote (MB/evt)  Read Remote (MB/evt)  Net Transfer (MB/evt)  CPU Cores/Evt  Memory/Evt (MB)
count  48.00  48.000000          48.000000         48.000000           48.000000              48.000000             48.000000              48.000000      48.000000        48.000000
mean   24.50   4.333333          39.176392        223.471735            0.004928               1.782451              1.765872               3.548323       0.005186         7.106242
std    14.00   1.117241           0.061297         68.951280            0.001503               0.668887              0.727936               1.370284       0.001595         0.078503
min     1.00   2.000000          39.097684        155.757348            0.003251               0.888672              0.540679               1.429351       0.003620         7.043400
25%    12.75   4.000000          39.129105        155.912022            0.003537               1.350435              1.226918               2.562964       0.003624         7.051000
50%    24.50   4.000000          39.158274        216.616186            0.005003               1.782451              1.847489               3.636741       0.005028         7.054800
75%    36.25   5.000000          39.207225        283.100495            0.006414               2.214468              2.405007               4.711429       0.006574         7.193950
max    48.00   7.000000          39.311429        307.594861            0.006420               2.676230              3.170594               5.846825       0.007116         7.243200
