Workflow Construction Summary Table
========================================================================================================================

 Comp  Groups Wall Time/Evt (s) CPU Time/Evt (s) Throughput (evt/s) Write Remote (MB/evt) Read Remote (MB/evt) Net Transfer (MB/evt) CPU Cores/Evt Memory/Evt (MB)
    1       1            6.9929         447.5432             0.0022                  0.45                 0.00                  0.45        0.0102           10.23
    2       2            6.9894         443.8782             0.0023                  0.45                 0.06                  0.51        0.0102           10.16
    3       2            7.1237         211.2613             0.0047                  1.23                 0.78                  2.01        0.0047            4.77
    4       2            7.0108         421.9254             0.0024                  0.45                 0.38                  0.83        0.0097            9.73
    5       2            7.3849         185.7655             0.0054                  2.54                 2.09                  4.63        0.0039            4.79
    6       3            7.0165         421.9485             0.0024                  0.45                 0.44                  0.89        0.0097            9.73
    7       3            7.1256         207.9411             0.0048                  1.23                 0.84                  2.08        0.0046            4.72
    8       3            7.5343         159.7771             0.0063                  3.32                 2.87                  6.19        0.0033            3.56
    9       3            7.3884         182.5452             0.0055                  2.54                 2.15                  4.69        0.0038            4.72
   10       3            7.4175         161.0892             0.0062                  2.54                 2.47                  5.00        0.0033            4.29
   11       3            7.1527         186.3546             0.0054                  1.23                 1.16                  2.39        0.0041            4.28
   12       4            7.4233         161.1124             0.0062                  2.54                 2.53                  5.07        0.0033            4.29
   13       4            7.1585         186.3778             0.0054                  1.23                 1.22                  2.45        0.0041            4.27
   14       4            7.5378         156.5568             0.0064                  3.32                 2.93                  6.25        0.0032            3.49
   15       4            7.5669         135.1009             0.0074                  3.32                 3.25                  6.57        0.0027            3.06
   16       5            7.5727         135.1240             0.0074                  3.32                 3.31                  6.63        0.0027            3.06

Summary Statistics:
------------------------------------------------------------------------------------------------------------------------
            Comp     Groups  Wall Time/Evt (s)  CPU Time/Evt (s)  Throughput (evt/s)  Write Remote (MB/evt)  Read Remote (MB/evt)  Net Transfer (MB/evt)  CPU Cores/Evt  Memory/Evt (MB)
count  16.000000  16.000000          16.000000         16.000000           16.000000              16.000000             16.000000              16.000000      16.000000        16.000000
mean    8.500000   3.000000           7.274733        237.768806            0.005014               1.884766              1.655273               3.540039       0.005220         5.571200
std     4.760952   1.032796           0.223442        119.013635            0.001784               1.152134              1.168838               2.312666       0.002871         2.679753
min     1.000000   1.000000           6.989406        135.100865            0.002234               0.449219              0.000000               0.449219       0.002711         3.058000
25%     4.750000   2.000000           7.096898        160.761195            0.004143               1.035156              0.695801               1.730957       0.003311         4.094300
50%     8.500000   3.000000           7.271674        186.060041            0.005375               1.884766              1.655273               3.540039       0.004005         4.504600
75%    12.250000   4.000000           7.451025        263.927280            0.006220               2.734375              2.614746               5.349121       0.005931         6.022900
max    16.000000   5.000000           7.572698        447.543160            0.007402               3.320312              3.310547               6.630859       0.010227        10.227200
