Workflow Construction Summary Table
========================================================================================================================

 Comp  Groups Wall Time/Evt (s) CPU Time/Evt (s) Throughput (evt/s) Write Remote (MB/evt) Read Remote (MB/evt) Net Transfer (MB/evt) CPU Cores/Evt Memory/Evt (MB)
    1       1           10.2156         621.5610             0.0016                  0.45                 0.00                  0.45        0.5462          546.18
    2       2            9.6910         586.2894             0.0017                  0.45                 0.07                  0.52        0.5422          542.48
    3       2            8.8490         269.1114             0.0037                  1.23                 0.82                  2.05        0.2489          253.62
    4       2            9.1602         528.8348             0.0019                  0.45                 0.39                  0.84        0.5167          519.59
    5       2            8.8324         208.9705             0.0048                  2.54                 2.20                  4.74        0.2061          254.66
    6       3            9.1324         528.7388             0.0019                  0.45                 0.46                  0.91        0.5167          519.50
    7       3            8.6126         251.3617             0.0040                  1.23                 0.89                  2.12        0.2451          250.07
    8       3            8.4628         176.1721             0.0057                  3.32                 3.02                  6.34        0.1730          188.52
    9       3            8.6810         196.4089             0.0051                  2.54                 2.27                  4.81        0.2026          251.42
   10       3            8.5652         164.1447             0.0061                  2.54                 2.60                  5.14        0.1768          228.25
   11       3            8.3933         212.6121             0.0047                  1.23                 1.22                  2.45        0.2195          227.13
   12       4            8.5361         164.0401             0.0061                  2.54                 2.67                  5.21        0.1768          228.14
   13       4            8.3639         212.4899             0.0047                  1.23                 1.29                  2.52        0.2194          226.99
   14       4            8.3115         163.5666             0.0061                  3.32                 3.09                  6.41        0.1694          185.17
   15       4            8.1990         131.4352             0.0076                  3.32                 3.42                  6.74        0.1438          162.26
   16       5            8.1670         131.3090             0.0076                  3.32                 3.49                  6.81        0.1437          162.08

Summary Statistics:
------------------------------------------------------------------------------------------------------------------------
            Comp     Groups  Wall Time/Evt (s)  CPU Time/Evt (s)  Throughput (evt/s)  Write Remote (MB/evt)  Read Remote (MB/evt)  Net Transfer (MB/evt)  CPU Cores/Evt  Memory/Evt (MB)
count  16.000000  16.000000          16.000000         16.000000           16.000000              16.000000             16.000000              16.000000      16.000000        16.000000
mean    8.500000   3.000000           8.760819        284.190399            0.004580               1.884766              1.744051               3.628816       0.277933       296.626650
std     4.760952   1.032796           0.557428        173.482507            0.001992               1.152134              1.231893               2.375494       0.153761       143.582478
min     1.000000   1.000000           8.166979        131.309005            0.001609               0.449219              0.000000               0.449219       0.143749       162.078000
25%     4.750000   2.000000           8.385936        164.118542            0.003260               1.035156              0.732494               1.767650       0.175829       217.370000
50%     8.500000   3.000000           8.588934        210.730220            0.004746               1.884766              1.744493               3.629259       0.212781       239.155400
75%    12.250000   4.000000           8.919861        334.018259            0.006093               2.734375              2.756414               5.490789       0.315850       320.867800
max    16.000000   5.000000          10.215614        621.561049            0.007616               3.320312              3.487543               6.807855       0.546176       546.176000
