Workflow Construction Summary Table
========================================================================================================================

 Comp  Groups Wall Time/Evt (s) CPU Time/Evt (s) Throughput (evt/s) Write Remote (MB/evt) Read Remote (MB/evt) Net Transfer (MB/evt) CPU Cores/Evt Memory/Evt (MB)
    1       2           39.4200         308.5879             0.0032                  0.89                 0.54                  1.43        0.0107           10.85
    2       2           39.4200         308.5879             0.0032                  0.89                 0.54                  1.43        0.0107           10.57
    3       3           39.4174         308.5775             0.0032                  0.89                 0.69                  1.57        0.0107           10.85
    4       3           39.4174         308.5775             0.0032                  0.89                 0.69                  1.57        0.0107           10.57
    5       3           39.3396         306.7454             0.0033                  0.89                 0.68                  1.57        0.0106           10.79
    6       3           39.3396         306.7454             0.0033                  0.89                 0.68                  1.57        0.0106           10.58
    7       3           39.3423         156.7657             0.0064                  1.50                 1.16                  2.66        0.0054           10.84
    8       3           39.3423         156.7657             0.0064                  1.50                 1.16                  2.66        0.0054           10.56
    9       3           39.2606         302.0710             0.0033                  0.89                 1.08                  1.97        0.0105           10.57
   10       3           39.2018         277.3224             0.0036                  2.06                 1.72                  3.78        0.0096           10.85
   11       3           39.2018         277.3224             0.0036                  2.06                 1.72                  3.78        0.0096           10.57
   12       4           39.3371         306.7351             0.0033                  0.89                 0.83                  1.72        0.0106           10.79
   13       4           39.3371         306.7351             0.0033                  0.89                 0.83                  1.72        0.0106           10.58
   14       4           39.3398         156.7553             0.0064                  1.50                 1.30                  2.81        0.0054           10.84
   15       4           39.3398         156.7553             0.0064                  1.50                 1.30                  2.81        0.0054           10.56
   16       4           39.2580         302.0607             0.0033                  0.89                 1.22                  2.11        0.0105           10.57
   17       4           39.2580         302.0607             0.0033                  0.89                 1.22                  2.11        0.0105           10.57
   18       4           39.2627         156.4489             0.0064                  1.50                 1.30                  2.81        0.0054           10.78
   19       4           39.2627         156.4489             0.0064                  1.50                 1.30                  2.81        0.0054           10.57
   20       4           39.1992         277.3121             0.0036                  2.06                 1.86                  3.92        0.0096           10.85
   21       4           39.1400         155.9601             0.0064                  2.68                 2.34                  5.01        0.0054           10.84
   22       4           39.1992         277.3121             0.0036                  2.06                 1.86                  3.92        0.0096           10.58
   23       4           39.1400         155.9601             0.0064                  2.68                 2.34                  5.01        0.0054           10.56
   24       4           39.1860         277.2596             0.0036                  2.06                 1.86                  3.92        0.0096           10.79
   25       4           39.1860         277.2596             0.0036                  2.06                 1.86                  3.92        0.0096           10.58
   26       4           39.1744         277.2134             0.0036                  2.06                 2.26                  4.32        0.0096           10.58
   27       4           39.1859         156.1430             0.0064                  1.50                 1.70                  3.20        0.0054           10.56
   28       5           39.2554         302.0503             0.0033                  0.89                 1.37                  2.26        0.0105           10.57
   29       5           39.2601         156.4386             0.0064                  1.50                 1.45                  2.95        0.0054           10.78
   30       5           39.2601         156.4386             0.0064                  1.50                 1.45                  2.95        0.0054           10.57
   31       5           39.1374         155.9498             0.0064                  2.68                 2.48                  5.16        0.0054           10.84
   32       5           39.1374         155.9498             0.0064                  2.68                 2.48                  5.16        0.0054           10.56
   33       5           39.1835         277.2493             0.0036                  2.06                 2.01                  4.07        0.0096           10.79
   34       5           39.1835         277.2493             0.0036                  2.06                 2.01                  4.07        0.0096           10.58
   35       5           39.1719         277.2031             0.0036                  2.06                 2.40                  4.46        0.0096           10.58
   36       5           39.1719         277.2031             0.0036                  2.06                 2.40                  4.46        0.0096           10.58
   37       5           39.1834         156.1327             0.0064                  1.50                 1.84                  3.35        0.0054           10.56
   38       5           39.1834         156.1327             0.0064                  1.50                 1.84                  3.35        0.0054           10.56
   39       5           39.1242         155.8972             0.0064                  2.68                 2.48                  5.16        0.0054           10.77
   40       5           39.1242         155.8972             0.0064                  2.68                 2.48                  5.16        0.0054           10.56
   41       5           39.1126         155.8511             0.0064                  2.68                 2.87                  5.55        0.0054           10.56
   42       6           39.1693         277.1928             0.0036                  2.06                 2.55                  4.61        0.0096           10.58
   43       6           39.1808         156.1223             0.0064                  1.50                 1.99                  3.49        0.0054           10.56
   44       6           39.1216         155.8869             0.0064                  2.68                 2.63                  5.31        0.0054           10.78
   45       6           39.1216         155.8869             0.0064                  2.68                 2.63                  5.31        0.0054           10.56
   46       6           39.1100         155.8408             0.0064                  2.68                 3.02                  5.70        0.0054           10.57
   47       6           39.1100         155.8408             0.0064                  2.68                 3.02                  5.70        0.0054           10.56
   48       7           39.1074         155.8305             0.0064                  2.68                 3.17                  5.85        0.0054           10.57

Summary Statistics:
------------------------------------------------------------------------------------------------------------------------
        Comp     Groups  Wall Time/Evt (s)  CPU Time/Evt (s)  Throughput (evt/s)  Write Remote (MB/evt)  Read Remote (MB/evt)  Net Transfer (MB/evt)  CPU Cores/Evt  Memory/Evt (MB)
count  48.00  48.000000          48.000000         48.000000           48.000000              48.000000             48.000000              48.000000      48.000000        48.000000
mean   24.50   4.333333          39.227463        223.848589            0.004921               1.782451              1.763505               3.545957       0.007773        10.650842
std    14.00   1.117241           0.094119         69.164121            0.001503               0.668887              0.727660               1.369906       0.002394         0.117086
min     1.00   2.000000          39.107435        155.830539            0.003241               0.888672              0.538299               1.426971       0.005427        10.561400
25%    12.75   4.000000          39.161960        156.081781            0.003532               1.350435              1.224630               2.561196       0.005429        10.566800
50%    24.50   4.000000          39.192640        216.979254            0.004993               1.782451              1.843416               3.635983       0.007538        10.576400
75%    36.25   5.000000          39.281289        283.504392            0.006407               2.214468              2.403330               4.710913       0.009856        10.779950
max    48.00   7.000000          39.419987        308.587864            0.006417               2.676230              3.168988               5.845219       0.010664        10.851200
