Workflow Construction Summary Table
========================================================================================================================

 Comp  Groups Wall Time/Evt (s) CPU Time/Evt (s) Throughput (evt/s) Write Remote (MB/evt) Read Remote (MB/evt) Net Transfer (MB/evt) CPU Cores/Evt Memory/Evt (MB)
    1       2           39.0488         156.1954             0.0064                  0.89                 0.54                  1.43        0.0054           10.74
    2       2           39.0488         156.1954             0.0064                  0.89                 0.54                  1.43        0.0054           10.74
    3       3           39.0476         156.1904             0.0064                  0.89                 0.68                  1.57        0.0054           10.74
    4       3           39.0476         156.1904             0.0064                  0.89                 0.68                  1.57        0.0054           10.74
    5       3           38.9707         155.8828             0.0064                  0.89                 0.68                  1.57        0.0054           10.74
    6       3           38.9707         155.8828             0.0064                  0.89                 0.68                  1.57        0.0054           10.74
    7       3           38.9830         155.9319             0.0064                  1.50                 1.15                  2.66        0.0054           10.74
    8       3           38.9830         155.9319             0.0064                  1.50                 1.15                  2.66        0.0054           10.74
    9       3           38.8958         155.5831             0.0064                  0.89                 1.07                  1.96        0.0054           10.74
   10       3           38.8540         155.4162             0.0064                  2.06                 1.71                  3.77        0.0054           10.74
   11       3           38.8540         155.4162             0.0064                  2.06                 1.71                  3.77        0.0054           10.74
   12       4           38.9695         155.8779             0.0064                  0.89                 0.83                  1.72        0.0054           10.75
   13       4           38.9695         155.8779             0.0064                  0.89                 0.83                  1.72        0.0054           10.75
   14       4           38.9817         155.9270             0.0064                  1.50                 1.30                  2.80        0.0054           10.74
   15       4           38.9817         155.9270             0.0064                  1.50                 1.30                  2.80        0.0054           10.74
   16       4           38.8945         155.5781             0.0064                  0.89                 1.22                  2.11        0.0054           10.74
   17       4           38.8945         155.5781             0.0064                  0.89                 1.22                  2.11        0.0054           10.74
   18       4           38.9056         155.6222             0.0064                  1.50                 1.30                  2.80        0.0054           10.74
   19       4           38.9056         155.6222             0.0064                  1.50                 1.30                  2.80        0.0054           10.74
   20       4           38.8528         155.4112             0.0064                  2.06                 1.86                  3.92        0.0054           10.74
   21       4           38.8037         155.2147             0.0064                  2.68                 2.32                  5.00        0.0054           10.74
   22       4           38.8528         155.4112             0.0064                  2.06                 1.86                  3.92        0.0054           10.74
   23       4           38.8037         155.2147             0.0064                  2.68                 2.32                  5.00        0.0054           10.74
   24       4           38.8397         155.3587             0.0064                  2.06                 1.86                  3.92        0.0054           10.74
   25       4           38.8397         155.3587             0.0064                  2.06                 1.86                  3.92        0.0054           10.74
   26       4           38.8317         155.3268             0.0064                  2.06                 2.25                  4.31        0.0054           10.74
   27       4           38.8329         155.3315             0.0064                  1.50                 1.69                  3.19        0.0054           10.73
   28       5           38.8933         155.5732             0.0064                  0.89                 1.37                  2.26        0.0054           10.74
   29       5           38.9043         155.6173             0.0064                  1.50                 1.45                  2.95        0.0054           10.74
   30       5           38.9043         155.6173             0.0064                  1.50                 1.45                  2.95        0.0054           10.74
   31       5           38.8024         155.2098             0.0064                  2.68                 2.47                  5.15        0.0054           10.74
   32       5           38.8024         155.2098             0.0064                  2.68                 2.47                  5.15        0.0054           10.74
   33       5           38.8384         155.3538             0.0064                  2.06                 2.00                  4.06        0.0054           10.75
   34       5           38.8384         155.3538             0.0064                  2.06                 2.00                  4.06        0.0054           10.75
   35       5           38.8305         155.3219             0.0064                  2.06                 2.39                  4.45        0.0054           10.74
   36       5           38.8305         155.3219             0.0064                  2.06                 2.39                  4.45        0.0054           10.74
   37       5           38.8316         155.3266             0.0064                  1.50                 1.84                  3.34        0.0054           10.74
   38       5           38.8316         155.3266             0.0064                  1.50                 1.84                  3.34        0.0054           10.74
   39       5           38.7893         155.1572             0.0064                  2.68                 2.47                  5.15        0.0054           10.74
   40       5           38.7893         155.1572             0.0064                  2.68                 2.47                  5.15        0.0054           10.74
   41       5           38.7813         155.1253             0.0064                  2.68                 2.86                  5.54        0.0054           10.74
   42       6           38.8292         155.3169             0.0064                  2.06                 2.54                  4.60        0.0054           10.75
   43       6           38.8304         155.3216             0.0064                  1.50                 1.98                  3.49        0.0054           10.74
   44       6           38.7881         155.1523             0.0064                  2.68                 2.62                  5.29        0.0054           10.74
   45       6           38.7881         155.1523             0.0064                  2.68                 2.62                  5.29        0.0054           10.74
   46       6           38.7801         155.1204             0.0064                  2.68                 3.01                  5.68        0.0054           10.74
   47       6           38.7801         155.1204             0.0064                  2.68                 3.01                  5.68        0.0054           10.74
   48       7           38.7789         155.1154             0.0064                  2.68                 3.15                  5.83        0.0054           10.74

Summary Statistics:
------------------------------------------------------------------------------------------------------------------------
        Comp     Groups  Wall Time/Evt (s)  CPU Time/Evt (s)  Throughput (evt/s)  Write Remote (MB/evt)  Read Remote (MB/evt)  Net Transfer (MB/evt)  CPU Cores/Evt  Memory/Evt (MB)
count  48.00  48.000000          48.000000         48.000000           48.000000              48.000000             48.000000              48.000000      48.000000        48.000000
mean   24.50   4.333333          38.877215        155.508858            0.006431               1.782451              1.756410               3.538861       0.005370        10.740133
std    14.00   1.117241           0.082024          0.328096            0.000014               0.668887              0.723768               1.366042       0.000002         0.003395
min     1.00   2.000000          38.778854        155.115415            0.006402               0.888672              0.537109               1.425781       0.005367        10.734400
25%    12.75   4.000000          38.822839        155.291357            0.006423               1.350435              1.220703               2.556826       0.005369        10.737600
50%    24.50   4.000000          38.846248        155.384993            0.006436               1.782451              1.836387               3.628379       0.005370        10.739200
75%    36.25   5.000000          38.921533        155.686132            0.006440               2.214468              2.392578               4.699932       0.005372        10.744000
max    48.00   7.000000          39.048842        156.195367            0.006447               2.676230              3.154746               5.830977       0.005373        10.745600
