Workflow Construction Summary Table
========================================================================================================================

 Comp  Groups Wall Time/Evt (s) CPU Time/Evt (s) Throughput (evt/s) Write Remote (MB/evt) Read Remote (MB/evt) Net Transfer (MB/evt) CPU Cores/Evt Memory/Evt (MB)
    1       1            9.3106          74.0919             0.0135                  0.45                 0.00                  0.45        0.0622           62.20
    2       2            8.8339          70.0797             0.0143                  0.45                 0.06                  0.51        0.0620           61.95
    3       2            8.3543          64.6377             0.0155                  0.45                 0.38                  0.83        0.0604           60.39
    4       2            8.0874          54.6106             0.0183                  2.54                 2.10                  4.64        0.0532           56.63
    5       2            8.0874          48.5182             0.0206                  1.23                 0.79                  2.02        0.0482           40.73
    6       3            8.3279          63.7726             0.0157                  0.45                 0.44                  0.89        0.0596           60.40
    7       3            7.9506          54.0660             0.0185                  2.54                 2.16                  4.70        0.0532           56.45
    8       3            7.8718          47.6598             0.0210                  1.23                 0.85                  2.08        0.0482           40.49
    9       3            7.8494          53.6628             0.0186                  2.54                 2.48                  5.02        0.0532           54.86
   10       3            7.6731          46.8689             0.0213                  1.23                 1.16                  2.39        0.0482           38.93
   11       3            7.7715          47.2608             0.0212                  3.32                 2.89                  6.21        0.0482           39.47
   12       4            7.8229          52.7960             0.0189                  2.54                 2.54                  5.08        0.0524           54.86
   13       4            7.6467          46.0036             0.0217                  1.23                 1.23                  2.46        0.0474           38.94
   14       4            7.6346          46.7159             0.0214                  3.32                 2.95                  6.27        0.0482           39.27
   15       4            7.5334          46.3129             0.0216                  3.32                 3.26                  6.58        0.0482           37.70
   16       5            7.5070          45.4474             0.0220                  3.32                 3.33                  6.65        0.0474           37.70

Summary Statistics:
------------------------------------------------------------------------------------------------------------------------
            Comp     Groups  Wall Time/Evt (s)  CPU Time/Evt (s)  Throughput (evt/s)  Write Remote (MB/evt)  Read Remote (MB/evt)  Net Transfer (MB/evt)  CPU Cores/Evt  Memory/Evt (MB)
count  16.000000  16.000000          16.000000         16.000000           16.000000              16.000000             16.000000              16.000000      16.000000        16.000000
mean    8.500000   3.000000           8.016394         53.906543            0.019008               1.884766              1.663519               3.548285       0.052522        48.811000
std     4.760952   1.032796           0.490462          9.268098            0.002860               1.152134              1.174335               2.318133       0.005532        10.224521
min     1.000000   1.000000           7.506956         45.447366            0.013497               0.449219              0.000000               0.449219       0.047436        37.698000
25%     4.750000   2.000000           7.666470         46.830660            0.017654               1.035156              0.699521               1.734678       0.048219        39.189250
50%     8.500000   3.000000           7.860566         50.657085            0.019776               1.884766              1.663591               3.548356       0.050319        47.798500
75%    12.250000   4.000000           8.147569         56.901060            0.021354               2.734375              2.627103               5.361478       0.054808        57.573500
max    16.000000   5.000000           9.310594         74.091945            0.022003               3.320312              3.326817               6.647129       0.062200        62.200000
