Workflow Construction Summary Table
========================================================================================================================

 Comp  Groups Wall Time/Evt (s) CPU Time/Evt (s) Throughput (evt/s) Write Remote (MB/evt) Read Remote (MB/evt) Net Transfer (MB/evt) CPU Cores/Evt Memory/Evt (MB)
    1       1           10.2743          78.1050             0.0128                  0.45                 0.00                  0.45        0.0683           68.33
    2       2            9.7568          74.1713             0.0135                  0.45                 0.07                  0.52        0.0683           68.31
    3       2            9.2614          70.4032             0.0142                  0.45                 0.40                  0.85        0.0683           68.32
    4       2            9.3488          71.0690             0.0141                  2.54                 2.21                  4.74        0.0683           68.29
    5       2            9.0854          69.0687             0.0145                  1.23                 0.82                  2.05        0.0683           68.27
    6       3            9.2382          70.2273             0.0142                  0.45                 0.46                  0.91        0.0683           68.32
    7       3            9.2032          69.9625             0.0143                  2.54                 2.27                  4.81        0.0683           68.31
    8       3            8.8540          67.3090             0.0149                  1.23                 0.89                  2.12        0.0682           68.25
    9       3            9.1233          69.3553             0.0144                  2.54                 2.60                  5.14        0.0683           68.30
   10       3            8.6696          65.9040             0.0152                  1.23                 1.22                  2.45        0.0683           68.28
   11       3            9.1566          69.6083             0.0144                  3.32                 3.03                  6.35        0.0682           68.25
   12       4            9.1012          69.1874             0.0145                  2.54                 2.67                  5.21        0.0683           68.31
   13       4            8.6466          65.7309             0.0152                  1.23                 1.29                  2.52        0.0683           68.28
   14       4            9.0114          68.5069             0.0146                  3.32                 3.10                  6.42        0.0683           68.27
   15       4            8.9325          67.9065             0.0147                  3.32                 3.43                  6.75        0.0683           68.27
   16       5            8.9094          67.7331             0.0148                  3.32                 3.49                  6.81        0.0683           68.28

Summary Statistics:
------------------------------------------------------------------------------------------------------------------------
            Comp     Groups  Wall Time/Evt (s)  CPU Time/Evt (s)  Throughput (evt/s)  Write Remote (MB/evt)  Read Remote (MB/evt)  Net Transfer (MB/evt)  CPU Cores/Evt  Memory/Evt (MB)
count  16.000000  16.000000          16.000000         16.000000           16.000000              16.000000             16.000000              16.000000      16.000000        16.000000
mean    8.500000   3.000000           9.160796         69.640535            0.014384               1.884602              1.746928               3.631529       0.068291        68.291100
std     4.760952   1.032796           0.399708          3.038343            0.000596               1.152060              1.233115               2.376612       0.000026         0.026281
min     1.000000   1.000000           8.646635         65.730933            0.012803               0.449156              0.000000               0.449184       0.068248        68.248000
25%     4.750000   2.000000           8.926730         67.863145            0.014231               1.034912              0.733171               1.768170       0.068273        68.273200
50%     8.500000   3.000000           9.112232         69.271371            0.014436               1.884541              1.748073               3.632769       0.068287        68.287200
75%    12.250000   4.000000           9.243997         70.271267            0.014736               2.734183              2.759558               5.493710       0.068310        68.310400
max    16.000000   5.000000          10.274334         78.105017            0.015214               3.320233              3.493970               6.814203       0.068334        68.334400
