Workflow Construction Summary Table
========================================================================================================================

 Comp  Groups Wall Time/Evt (s) CPU Time/Evt (s) Throughput (evt/s) Write Remote (MB/evt) Read Remote (MB/evt) Net Transfer (MB/evt) CPU Cores/Evt Memory/Evt (MB)
    1       1            7.4805          59.8439             0.0167                  0.45                 0.00                  0.45        0.0154           15.36
    2       2            7.3632          58.9053             0.0170                  0.45                 0.06                  0.51        0.0154           15.35
    3       2            7.2473          57.9785             0.0172                  0.45                 0.38                  0.83        0.0154           15.37
    4       2            7.2099          57.6794             0.0173                  2.54                 2.09                  4.63        0.0154           15.35
    5       2            7.1904          57.5229             0.0174                  1.23                 0.78                  2.01        0.0153           15.34
    6       3            7.2412          57.9298             0.0173                  0.45                 0.44                  0.89        0.0154           15.37
    7       3            7.1764          57.4109             0.0174                  2.54                 2.15                  4.69        0.0154           15.35
    8       3            7.1376          57.1007             0.0175                  1.23                 0.84                  2.08        0.0153           15.34
    9       3            7.1537          57.2300             0.0175                  2.54                 2.47                  5.00        0.0154           15.36
   10       3            7.0908          56.7264             0.0176                  1.23                 1.16                  2.39        0.0154           15.35
   11       3            7.1437          57.1497             0.0175                  3.32                 2.87                  6.19        0.0153           15.34
   12       4            7.1477          57.1813             0.0175                  2.54                 2.53                  5.07        0.0154           15.36
   13       4            7.0847          56.6777             0.0176                  1.23                 1.22                  2.45        0.0154           15.35
   14       4            7.1101          56.8812             0.0176                  3.32                 2.93                  6.25        0.0153           15.34
   15       4            7.0875          56.7003             0.0176                  3.32                 3.25                  6.57        0.0154           15.35
   16       5            7.0814          56.6516             0.0177                  3.32                 3.31                  6.63        0.0154           15.35

Summary Statistics:
------------------------------------------------------------------------------------------------------------------------
            Comp     Groups  Wall Time/Evt (s)  CPU Time/Evt (s)  Throughput (evt/s)  Write Remote (MB/evt)  Read Remote (MB/evt)  Net Transfer (MB/evt)  CPU Cores/Evt  Memory/Evt (MB)
count  16.000000  16.000000          16.000000         16.000000           16.000000              16.000000             16.000000              16.000000      16.000000        16.000000
mean    8.500000   3.000000           7.184138         57.473103            0.017403               1.884766              1.655273               3.540039       0.015353        15.353500
std     4.760952   1.032796           0.108902          0.871219            0.000258               1.152134              1.168838               2.312666       0.000008         0.007849
min     1.000000   1.000000           7.081449         56.651589            0.016710               0.449219              0.000000               0.449219       0.015344        15.344000
25%     4.750000   2.000000           7.105311         56.842487            0.017318               1.035156              0.695801               1.730957       0.015350        15.350000
50%     8.500000   3.000000           7.150706         57.205650            0.017481               1.884766              1.655273               3.540039       0.015352        15.352000
75%    12.250000   4.000000           7.217753         57.742028            0.017592               2.734375              2.614746               5.349121       0.015360        15.360000
max    16.000000   5.000000           7.480492         59.843938            0.017652               3.320312              3.310547               6.630859       0.015368        15.368000
