Workflow Construction Summary Table
========================================================================================================================

 Comp  Groups Wall Time/Evt (s) CPU Time/Evt (s) Throughput (evt/s) Write Remote (MB/evt) Read Remote (MB/evt) Net Transfer (MB/evt) CPU Cores/Evt Memory/Evt (MB)
    1       2           40.5993         159.0268             0.0063                  0.89                 0.54                  1.43        0.0019            3.74
    2       2           40.5993         159.0268             0.0063                  0.89                 0.54                  1.43        0.0019            3.74
    3       3           40.6200         159.0957             0.0063                  0.89                 0.69                  1.57        0.0019            3.74
    4       3           40.6200         159.0957             0.0063                  0.89                 0.69                  1.57        0.0019            3.74
    5       3           40.6049         159.0144             0.0063                  0.89                 0.69                  1.58        0.0019            3.74
    6       3           40.6049         159.0144             0.0063                  0.89                 0.69                  1.58        0.0019            3.74
    7       3           40.7434         159.5093             0.0063                  1.50                 1.17                  2.68        0.0019            3.74
    8       3           40.7434         159.5093             0.0063                  1.50                 1.17                  2.68        0.0019            3.74
    9       3           40.6207         159.0716             0.0063                  0.89                 1.10                  1.99        0.0019            3.74
   10       3           40.8224         159.7965             0.0063                  2.06                 1.74                  3.80        0.0019            3.75
   11       3           40.8224         159.7965             0.0063                  2.06                 1.74                  3.80        0.0019            3.75
   12       4           40.6191         159.0702             0.0063                  0.89                 0.84                  1.73        0.0019            3.75
   13       4           40.6191         159.0702             0.0063                  0.89                 0.84                  1.73        0.0019            3.75
   14       4           40.7576         159.5653             0.0063                  1.50                 1.32                  2.83        0.0019            3.74
   15       4           40.7576         159.5653             0.0063                  1.50                 1.32                  2.83        0.0019            3.74
   16       4           40.6335         159.1247             0.0063                  0.89                 1.25                  2.14        0.0019            3.75
   17       4           40.6335         159.1247             0.0063                  0.89                 1.25                  2.14        0.0019            3.75
   18       4           40.7490         159.4972             0.0063                  1.50                 1.32                  2.83        0.0019            3.74
   19       4           40.7490         159.4972             0.0063                  1.50                 1.32                  2.83        0.0019            3.74
   20       4           40.8367         159.8525             0.0063                  2.06                 1.89                  3.95        0.0019            3.75
   21       4           40.9187         160.1936             0.0062                  2.68                 2.37                  5.05        0.0019            3.74
   22       4           40.8367         159.8525             0.0063                  2.06                 1.89                  3.95        0.0019            3.75
   23       4           40.9187         160.1936             0.0062                  2.68                 2.37                  5.05        0.0019            3.74
   24       4           40.8143         159.7990             0.0063                  2.06                 1.89                  3.95        0.0019            3.75
   25       4           40.8143         159.7990             0.0063                  2.06                 1.89                  3.95        0.0019            3.75
   26       4           40.8340         159.9086             0.0063                  2.06                 2.29                  4.35        0.0019            3.74
   27       4           40.7463         159.5191             0.0063                  1.50                 1.72                  3.23        0.0019            3.75
   28       5           40.6487         159.1827             0.0063                  0.89                 1.40                  2.28        0.0019            3.76
   29       5           40.7632         159.5531             0.0063                  1.50                 1.47                  2.98        0.0019            3.75
   30       5           40.7632         159.5531             0.0063                  1.50                 1.47                  2.98        0.0019            3.75
   31       5           40.9329         160.2495             0.0062                  2.68                 2.52                  5.20        0.0019            3.75
   32       5           40.9329         160.2495             0.0062                  2.68                 2.52                  5.20        0.0019            3.75
   33       5           40.8283         159.8544             0.0063                  2.06                 2.04                  4.10        0.0019            3.75
   34       5           40.8283         159.8544             0.0063                  2.06                 2.04                  4.10        0.0019            3.75
   35       5           40.8480         159.9640             0.0063                  2.06                 2.44                  4.50        0.0019            3.75
   36       5           40.8480         159.9640             0.0063                  2.06                 2.44                  4.50        0.0019            3.75
   37       5           40.7605         159.5749             0.0063                  1.50                 1.87                  3.38        0.0019            3.75
   38       5           40.7605         159.5749             0.0063                  1.50                 1.87                  3.38        0.0019            3.75
   39       5           40.9128         160.2007             0.0062                  2.68                 2.52                  5.19        0.0019            3.75
   40       5           40.9128         160.2007             0.0062                  2.68                 2.52                  5.19        0.0019            3.75
   41       5           40.9652         160.3756             0.0062                  2.68                 2.92                  5.60        0.0019            3.75
   42       6           40.8646         160.0248             0.0062                  2.06                 2.59                  4.65        0.0019            3.75
   43       6           40.7750         159.6313             0.0063                  1.50                 2.02                  3.53        0.0019            3.75
   44       6           40.9421         160.2867             0.0062                  2.68                 2.67                  5.35        0.0019            3.75
   45       6           40.9421         160.2867             0.0062                  2.68                 2.67                  5.35        0.0019            3.75
   46       6           40.9796         160.4319             0.0062                  2.68                 3.07                  5.75        0.0019            3.75
   47       6           40.9796         160.4319             0.0062                  2.68                 3.07                  5.75        0.0019            3.75
   48       7           40.9863         160.4729             0.0062                  2.68                 3.22                  5.90        0.0019            3.76

Summary Statistics:
------------------------------------------------------------------------------------------------------------------------
        Comp     Groups  Wall Time/Evt (s)  CPU Time/Evt (s)  Throughput (evt/s)  Write Remote (MB/evt)  Read Remote (MB/evt)  Net Transfer (MB/evt)  CPU Cores/Evt  Memory/Evt (MB)
count  48.00  48.000000          48.000000         48.000000           48.000000              48.000000             48.000000              48.000000      48.000000        48.000000
mean   24.50   4.333333          40.787784        159.698073            0.006262               1.782451              1.790376               3.572827       0.001873         3.746300
std    14.00   1.117241           0.120851          0.457203            0.000018               0.668887              0.741375               1.383190       0.000002         0.003959
min     1.00   2.000000          40.599269        159.014377            0.006232               0.888672              0.537217               1.425889       0.001870         3.739200
25%    12.75   4.000000          40.719726        159.418544            0.006247               1.350435              1.247552               2.579301       0.001872         3.744000
50%    24.50   4.000000          40.794638        159.713902            0.006261               1.782451              1.873393               3.666535       0.001873         3.745600
75%    36.25   5.000000          40.876681        160.066989            0.006273               2.214468              2.440185               4.751544       0.001874         3.748800
max    48.00   7.000000          40.986329        160.472853            0.006289               2.676230              3.220282               5.896512       0.001878         3.756800
