Workflow Construction Summary Table
========================================================================================================================

 Comp  Groups Wall Time/Evt (s) CPU Time/Evt (s) Throughput (evt/s) Write Remote (MB/evt) Read Remote (MB/evt) Net Transfer (MB/evt) CPU Cores/Evt Memory/Evt (MB)
    1       1            7.0499          55.9137             0.0179                  0.45                 0.00                  0.45        0.0007            0.65
    2       2            7.0456          55.8793             0.0179                  0.45                 0.06                  0.51        0.0007            0.65
    3       2            7.0439          55.8650             0.0179                  0.45                 0.38                  0.83        0.0007            0.65
    4       2            7.0796          56.1476             0.0178                  2.54                 2.13                  4.67        0.0007            0.65
    5       2            7.0530          55.9377             0.0179                  1.23                 0.79                  2.02        0.0007            0.65
    6       3            7.0442          55.8679             0.0179                  0.45                 0.45                  0.90        0.0007            0.65
    7       3            7.0788          56.1412             0.0178                  2.54                 2.19                  4.73        0.0007            0.65
    8       3            7.0514          55.9248             0.0179                  1.23                 0.86                  2.09        0.0007            0.65
    9       3            7.0809          56.1577             0.0178                  2.54                 2.51                  5.05        0.0007            0.65
   10       3            7.0525          55.9335             0.0179                  1.23                 1.18                  2.41        0.0007            0.65
   11       3            7.0920          56.2462             0.0178                  3.32                 2.91                  6.23        0.0007            0.65
   12       4            7.0812          56.1606             0.0178                  2.54                 2.57                  5.11        0.0007            0.65
   13       4            7.0529          55.9364             0.0179                  1.23                 1.24                  2.47        0.0007            0.65
   14       4            7.0913          56.2401             0.0178                  3.32                 2.98                  6.30        0.0007            0.66
   15       4            7.0934          56.2567             0.0178                  3.32                 3.30                  6.62        0.0007            0.66
   16       5            7.0937          56.2597             0.0178                  3.32                 3.36                  6.68        0.0007            0.66

Summary Statistics:
------------------------------------------------------------------------------------------------------------------------
            Comp     Groups  Wall Time/Evt (s)  CPU Time/Evt (s)  Throughput (evt/s)  Write Remote (MB/evt)  Read Remote (MB/evt)  Net Transfer (MB/evt)  CPU Cores/Evt  Memory/Evt (MB)
count  16.000000  16.000000          16.000000         16.000000           16.000000              16.000000             16.000000              16.000000      16.000000        16.000000
mean    8.500000   3.000000           7.067771         56.054261            0.017840               1.884766              1.681388               3.566153       0.000654         0.653800
std     4.760952   1.032796           0.019933          0.157582            0.000050               1.152134              1.186696               2.330402       0.000002         0.002013
min     1.000000   1.000000           7.043852         55.865006            0.017775               0.449219              0.000000               0.449219       0.000651         0.651200
25%     4.750000   2.000000           7.051028         55.922038            0.017800               1.035156              0.706286               1.741442       0.000653         0.652800
50%     8.500000   3.000000           7.065899         56.039437            0.017845               1.884766              1.682970               3.567736       0.000653         0.652800
75%    12.250000   4.000000           7.083738         56.180452            0.017882               2.734375              2.657661               5.392036       0.000654         0.654400
max    16.000000   5.000000           7.093749         56.259671            0.017900               3.320312              3.359820               6.680132       0.000659         0.659200
