Workflow Construction Summary Table
========================================================================================================================

 Comp  Groups Wall Time/Evt (s) CPU Time/Evt (s) Throughput (evt/s) Write Remote (MB/evt) Read Remote (MB/evt) Net Transfer (MB/evt) CPU Cores/Evt Memory/Evt (MB)
    1       2           39.0488         307.1405             0.0033                  0.89                 0.54                  1.43        0.0106           10.74
    2       2           39.0488         307.1405             0.0033                  0.89                 0.54                  1.43        0.0106           10.47
    3       3           39.0476         307.1356             0.0033                  0.89                 0.68                  1.57        0.0106           10.74
    4       3           39.0476         307.1356             0.0033                  0.89                 0.68                  1.57        0.0106           10.47
    5       3           38.9707         305.3059             0.0033                  0.89                 0.68                  1.57        0.0105           10.68
    6       3           38.9707         305.3059             0.0033                  0.89                 0.68                  1.57        0.0105           10.47
    7       3           38.9830         156.1169             0.0064                  1.50                 1.15                  2.66        0.0054           10.73
    8       3           38.9830         156.1169             0.0064                  1.50                 1.15                  2.66        0.0054           10.46
    9       3           38.8958         300.6657             0.0033                  0.89                 1.07                  1.96        0.0104           10.46
   10       3           38.8540         276.1242             0.0036                  2.06                 1.71                  3.77        0.0095           10.74
   11       3           38.8540         276.1242             0.0036                  2.06                 1.71                  3.77        0.0095           10.47
   12       4           38.9695         305.3010             0.0033                  0.89                 0.83                  1.72        0.0105           10.68
   13       4           38.9695         305.3010             0.0033                  0.89                 0.83                  1.72        0.0105           10.47
   14       4           38.9817         156.1119             0.0064                  1.50                 1.30                  2.80        0.0054           10.73
   15       4           38.9817         156.1119             0.0064                  1.50                 1.30                  2.80        0.0054           10.46
   16       4           38.8945         300.6608             0.0033                  0.89                 1.22                  2.11        0.0104           10.47
   17       4           38.8945         300.6608             0.0033                  0.89                 1.22                  2.11        0.0104           10.47
   18       4           38.9056         155.8072             0.0064                  1.50                 1.30                  2.80        0.0054           10.67
   19       4           38.9056         155.8072             0.0064                  1.50                 1.30                  2.80        0.0054           10.46
   20       4           38.8528         276.1192             0.0036                  2.06                 1.86                  3.92        0.0095           10.74
   21       4           38.8037         155.3997             0.0064                  2.68                 2.32                  5.00        0.0054           10.73
   22       4           38.8528         276.1192             0.0036                  2.06                 1.86                  3.92        0.0095           10.47
   23       4           38.8037         155.3997             0.0064                  2.68                 2.32                  5.00        0.0054           10.46
   24       4           38.8397         276.0667             0.0036                  2.06                 1.86                  3.92        0.0095           10.68
   25       4           38.8397         276.0667             0.0036                  2.06                 1.86                  3.92        0.0095           10.47
   26       4           38.8317         276.0348             0.0036                  2.06                 2.25                  4.31        0.0095           10.47
   27       4           38.8329         155.5165             0.0064                  1.50                 1.69                  3.19        0.0054           10.46
   28       5           38.8933         300.6558             0.0033                  0.89                 1.37                  2.26        0.0104           10.47
   29       5           38.9043         155.8022             0.0064                  1.50                 1.45                  2.95        0.0054           10.67
   30       5           38.9043         155.8022             0.0064                  1.50                 1.45                  2.95        0.0054           10.46
   31       5           38.8024         155.3947             0.0064                  2.68                 2.47                  5.15        0.0054           10.73
   32       5           38.8024         155.3947             0.0064                  2.68                 2.47                  5.15        0.0054           10.46
   33       5           38.8384         276.0618             0.0036                  2.06                 2.00                  4.06        0.0095           10.68
   34       5           38.8384         276.0618             0.0036                  2.06                 2.00                  4.06        0.0095           10.47
   35       5           38.8305         276.0298             0.0036                  2.06                 2.39                  4.45        0.0095           10.47
   36       5           38.8305         276.0298             0.0036                  2.06                 2.39                  4.45        0.0095           10.47
   37       5           38.8316         155.5115             0.0064                  1.50                 1.84                  3.34        0.0054           10.46
   38       5           38.8316         155.5115             0.0064                  1.50                 1.84                  3.34        0.0054           10.46
   39       5           38.7893         155.3422             0.0064                  2.68                 2.47                  5.15        0.0054           10.67
   40       5           38.7893         155.3422             0.0064                  2.68                 2.47                  5.15        0.0054           10.46
   41       5           38.7813         155.3103             0.0064                  2.68                 2.86                  5.54        0.0054           10.46
   42       6           38.8292         276.0249             0.0036                  2.06                 2.54                  4.60        0.0095           10.47
   43       6           38.8304         155.5066             0.0064                  1.50                 1.98                  3.49        0.0054           10.46
   44       6           38.7881         155.3373             0.0064                  2.68                 2.62                  5.29        0.0054           10.67
   45       6           38.7881         155.3373             0.0064                  2.68                 2.62                  5.29        0.0054           10.46
   46       6           38.7801         155.3053             0.0064                  2.68                 3.01                  5.68        0.0054           10.46
   47       6           38.7801         155.3053             0.0064                  2.68                 3.01                  5.68        0.0054           10.46
   48       7           38.7789         155.3004             0.0064                  2.68                 3.15                  5.83        0.0054           10.46

Summary Statistics:
------------------------------------------------------------------------------------------------------------------------
        Comp     Groups  Wall Time/Evt (s)  CPU Time/Evt (s)  Throughput (evt/s)  Write Remote (MB/evt)  Read Remote (MB/evt)  Net Transfer (MB/evt)  CPU Cores/Evt  Memory/Evt (MB)
count  48.00  48.000000          48.000000         48.000000           48.000000              48.000000             48.000000              48.000000      48.000000        48.000000
mean   24.50   4.333333          38.877215        222.899243            0.004941               1.782451              1.756410               3.538861       0.007696        10.544833
std    14.00   1.117241           0.082024         68.794015            0.001507               0.668887              0.723768               1.366042       0.002370         0.116322
min     1.00   2.000000          38.778854        155.300378            0.003256               0.888672              0.537109               1.425781       0.005373        10.456200
25%    12.75   4.000000          38.822839        155.479849            0.003548               1.350435              1.220703               2.556826       0.005374        10.459700
50%    24.50   4.000000          38.846248        216.070886            0.005014               1.782451              1.836387               3.628379       0.007462        10.471400
75%    36.25   5.000000          38.921533        282.257092            0.006432               2.214468              2.392578               4.699932       0.009755        10.673950
max    48.00   7.000000          39.048842        307.140523            0.006439               2.676230              3.154746               5.830977       0.010559        10.744000
