Workflow Construction Summary Table
========================================================================================================================

 Comp  Groups Wall Time/Evt (s) CPU Time/Evt (s) Throughput (evt/s) Write Remote (MB/evt) Read Remote (MB/evt) Net Transfer (MB/evt) CPU Cores/Evt Memory/Evt (MB)
    1       2           50.9648        2779.7513             0.0004                  0.89                 0.63                  1.52        0.0364           36.55
    2       2           50.9648        2779.7513             0.0004                  0.89                 0.63                  1.52        0.0364           36.55
    3       3           50.9927        2780.3096             0.0004                  0.89                 0.80                  1.69        0.0364           36.55
    4       3           50.9927        2780.3096             0.0004                  0.89                 0.80                  1.69        0.0364           36.55
    5       3           50.9419        2756.1414             0.0004                  0.89                 0.80                  1.69        0.0361           36.28
    6       3           50.9419        2756.1414             0.0004                  0.89                 0.80                  1.69        0.0361           36.28
    7       3           50.8861        2776.1772             0.0004                  1.50                 1.33                  2.83        0.0364           36.53
    8       3           50.8861        2776.1772             0.0004                  1.50                 1.33                  2.83        0.0364           36.53
    9       3           50.8833        2685.3242             0.0004                  0.89                 1.25                  2.14        0.0352           35.47
   10       3           50.8571         824.4089             0.0012                  2.06                 1.99                  4.05        0.0109           14.64
   11       3           50.8571         824.4089             0.0012                  2.06                 1.99                  4.05        0.0109           14.64
   12       4           50.9028        2755.6153             0.0004                  0.89                 0.96                  1.85        0.0361           36.25
   13       4           50.9028        2755.6153             0.0004                  0.89                 0.96                  1.85        0.0361           36.25
   14       4           50.9269        2777.8002             0.0004                  1.50                 1.48                  2.99        0.0365           36.55
   15       4           50.9269        2777.8002             0.0004                  1.50                 1.48                  2.99        0.0365           36.55
   16       4           50.8333        2685.2504             0.0004                  0.89                 1.40                  2.29        0.0352           35.46
   17       4           50.8333        2685.2504             0.0004                  0.89                 1.40                  2.29        0.0352           35.46
   18       4           51.0312        2759.3444             0.0004                  1.50                 1.48                  2.98        0.0363           36.41
   19       4           51.0312        2759.3444             0.0004                  1.50                 1.48                  2.98        0.0363           36.41
   20       4           50.8364         824.5226             0.0012                  2.06                 2.15                  4.21        0.0109           14.61
   21       4           50.7232         682.7960             0.0015                  2.68                 2.68                  5.35        0.0090           14.57
   22       4           50.8364         824.5226             0.0012                  2.06                 2.15                  4.21        0.0109           14.61
   23       4           50.7232         682.7960             0.0015                  2.68                 2.68                  5.35        0.0090           14.57
   24       4           50.8898         806.7925             0.0012                  2.06                 2.15                  4.21        0.0107           14.45
   25       4           50.8898         806.7925             0.0012                  2.06                 2.15                  4.21        0.0107           14.45
   26       4           50.7056         736.7408             0.0014                  2.06                 2.60                  4.66        0.0097           13.62
   27       4           50.8862        2681.9497             0.0004                  1.50                 1.96                  3.47        0.0352           35.47
   28       5           50.8877        2683.8177             0.0004                  0.89                 1.59                  2.48        0.0352           35.42
   29       5           50.9655        2756.5673             0.0004                  1.50                 1.64                  3.15        0.0363           36.35
   30       5           50.9655        2756.5673             0.0004                  1.50                 1.64                  3.15        0.0363           36.35
   31       5           50.6254         680.3124             0.0015                  2.68                 2.82                  5.50        0.0089           14.52
   32       5           50.6254         680.3124             0.0015                  2.68                 2.82                  5.50        0.0089           14.52
   33       5           50.8800         802.3649             0.0012                  2.06                 2.33                  4.39        0.0106           14.34
   34       5           50.8800         802.3649             0.0012                  2.06                 2.33                  4.39        0.0106           14.34
   35       5           50.7177         736.0592             0.0014                  2.06                 2.78                  4.84        0.0097           13.58
   36       5           50.7177         736.0592             0.0014                  2.06                 2.78                  4.84        0.0097           13.58
   37       5           50.8241        2678.2047             0.0004                  1.50                 2.14                  3.64        0.0351           35.37
   38       5           50.8241        2678.2047             0.0004                  1.50                 2.14                  3.64        0.0351           35.37
   39       5           50.7068         665.5263             0.0015                  2.68                 2.85                  5.53        0.0088           14.38
   40       5           50.7068         665.5263             0.0015                  2.68                 2.85                  5.53        0.0088           14.38
   41       5           50.7089         597.8879             0.0017                  2.68                 3.31                  5.99        0.0079           13.64
   42       6           50.6635         734.5602             0.0014                  2.06                 2.94                  5.00        0.0097           13.55
   43       6           50.9293        2683.6094             0.0004                  1.50                 2.29                  3.79        0.0353           35.48
   44       6           50.6993         663.8773             0.0015                  2.68                 3.02                  5.70        0.0088           14.33
   45       6           50.6993         663.8773             0.0015                  2.68                 3.02                  5.70        0.0088           14.33
   46       6           50.7196         596.3673             0.0017                  2.68                 3.51                  6.19        0.0079           13.56
   47       6           50.7196         596.3673             0.0017                  2.68                 3.51                  6.19        0.0079           13.56
   48       7           50.6771         595.7241             0.0017                  2.68                 3.66                  6.34        0.0079           13.53

Summary Statistics:
------------------------------------------------------------------------------------------------------------------------
        Comp     Groups  Wall Time/Evt (s)  CPU Time/Evt (s)  Throughput (evt/s)  Write Remote (MB/evt)  Read Remote (MB/evt)  Net Transfer (MB/evt)  CPU Cores/Evt  Memory/Evt (MB)
count  48.00  48.000000          48.000000         48.000000           48.000000              48.000000             48.000000              48.000000      48.000000        48.000000
mean   24.50   4.333333          50.837311       1728.666506            0.000888               1.782451              2.030736               3.813188       0.022714        25.141108
std    14.00   1.117241           0.112982       1023.411092            0.000540               0.668887              0.838780               1.478226       0.013405        11.086568
min     1.00   2.000000          50.625404        595.724055            0.000360               0.888672              0.631273               1.519945       0.007889        13.529800
25%    12.75   4.000000          50.719143        721.619188            0.000363               1.350435              1.401670               2.742778       0.009528        14.369250
50%    24.50   4.000000          50.868547       1751.363669            0.000793               1.782451              2.137101               3.917601       0.023000        25.002800
75%    36.25   5.000000          50.926937       2756.247913            0.001387               2.214468              2.777979               5.087665       0.036174        36.296300
max    48.00   7.000000          51.031193       2780.309648            0.001679               2.676230              3.662977               6.339208       0.036462        36.554000
