Workflow Construction Summary Table
========================================================================================================================

 Comp  Groups Wall Time/Evt (s) CPU Time/Evt (s) Throughput (evt/s) Write Remote (MB/evt) Read Remote (MB/evt) Net Transfer (MB/evt) CPU Cores/Evt Memory/Evt (MB)
    1       1            8.0541          64.4332             0.0155                  0.45                 0.00                  0.45        0.0308           30.78
    2       2            7.8178          62.5425             0.0160                  0.45                 0.06                  0.51        0.0308           30.76
    3       2            7.5792          60.6333             0.0165                  0.45                 0.38                  0.83        0.0308           30.78
    4       2            7.4276          59.4210             0.0168                  2.54                 2.09                  4.63        0.0307           30.70
    5       2            7.4411          59.5288             0.0168                  1.23                 0.78                  2.01        0.0307           30.72
    6       3            7.5658          60.5263             0.0165                  0.45                 0.44                  0.89        0.0308           30.78
    7       3            7.3592          58.8738             0.0170                  2.54                 2.15                  4.69        0.0307           30.70
    8       3            7.3339          58.6711             0.0170                  1.23                 0.84                  2.08        0.0307           30.70
    9       3            7.3076          58.4608             0.0171                  2.54                 2.47                  5.00        0.0307           30.70
   10       3            7.2341          57.8731             0.0173                  1.23                 1.16                  2.39        0.0307           30.72
   11       3            7.2644          58.1152             0.0172                  3.32                 2.87                  6.19        0.0307           30.71
   12       4            7.2942          58.3538             0.0171                  2.54                 2.53                  5.07        0.0307           30.70
   13       4            7.2208          57.7661             0.0173                  1.23                 1.22                  2.45        0.0307           30.72
   14       4            7.1960          57.5680             0.0174                  3.32                 2.93                  6.25        0.0307           30.71
   15       4            7.1444          57.1550             0.0175                  3.32                 3.25                  6.57        0.0307           30.71
   16       5            7.1310          57.0480             0.0175                  3.32                 3.31                  6.63        0.0307           30.71

Summary Statistics:
------------------------------------------------------------------------------------------------------------------------
            Comp     Groups  Wall Time/Evt (s)  CPU Time/Evt (s)  Throughput (evt/s)  Write Remote (MB/evt)  Read Remote (MB/evt)  Net Transfer (MB/evt)  CPU Cores/Evt  Memory/Evt (MB)
count  16.000000  16.000000          16.000000         16.000000           16.000000              16.000000             16.000000              16.000000      16.000000        16.000000
mean    8.500000   3.000000           7.398204         59.185632            0.016914               1.884766              1.655273               3.540039       0.030724        30.724000
std     4.760952   1.032796           0.251337          2.010697            0.000551               1.152134              1.168838               2.312666       0.000030         0.030075
min     1.000000   1.000000           7.131003         57.048025            0.015520               0.449219              0.000000               0.449219       0.030696        30.696000
25%     4.750000   2.000000           7.230795         57.846363            0.016729               1.035156              0.695801               1.730957       0.030702        30.702000
50%     8.500000   3.000000           7.320744         58.565952            0.017075               1.884766              1.655273               3.540039       0.030712        30.712000
75%    12.250000   4.000000           7.472273         59.778185            0.017287               2.734375              2.614746               5.349121       0.030730        30.730000
max    16.000000   5.000000           8.054145         64.433159            0.017529               3.320312              3.310547               6.630859       0.030776        30.776000
