Workflow Construction Summary Table
========================================================================================================================

 Comp  Groups Wall Time/Evt (s) CPU Time/Evt (s) Throughput (evt/s) Write Remote (MB/evt) Read Remote (MB/evt) Net Transfer (MB/evt) CPU Cores/Evt Memory/Evt (MB)
    1       1            7.1568          56.9820             0.0175                  0.45                 0.00                  0.45        0.0039            3.87
    2       2            7.1335          56.7966             0.0176                  0.45                 0.06                  0.51        0.0039            3.87
    3       2            7.2374          57.6244             0.0174                  1.23                 0.78                  2.01        0.0039            3.87
    4       2            7.1346          56.8071             0.0176                  0.45                 0.38                  0.83        0.0039            3.87
    5       2            7.5001          59.7156             0.0167                  2.54                 2.10                  4.64        0.0039            3.87
    6       3            7.1393          56.8446             0.0176                  0.45                 0.44                  0.89        0.0039            3.88
    7       3            7.2303          57.5681             0.0174                  1.23                 0.85                  2.08        0.0039            3.88
    8       3            7.6355          60.8006             0.0164                  3.32                 2.88                  6.20        0.0039            3.88
    9       3            7.4979          59.6981             0.0168                  2.54                 2.16                  4.70        0.0039            3.88
   10       3            7.5230          59.8977             0.0167                  2.54                 2.48                  5.02        0.0039            3.88
   11       3            7.2464          57.7075             0.0173                  1.23                 1.16                  2.39        0.0039            3.87
   12       4            7.5277          59.9352             0.0167                  2.54                 2.54                  5.08        0.0039            3.88
   13       4            7.2511          57.7452             0.0173                  1.23                 1.23                  2.46        0.0039            3.88
   14       4            7.6333          60.7830             0.0165                  3.32                 2.95                  6.27        0.0039            3.88
   15       4            7.6516          60.9554             0.0164                  3.32                 3.26                  6.58        0.0039            3.88
   16       5            7.6567          60.9943             0.0164                  3.32                 3.32                  6.64        0.0039            3.88

Summary Statistics:
------------------------------------------------------------------------------------------------------------------------
            Comp     Groups  Wall Time/Evt (s)  CPU Time/Evt (s)  Throughput (evt/s)  Write Remote (MB/evt)  Read Remote (MB/evt)  Net Transfer (MB/evt)  CPU Cores/Evt  Memory/Evt (MB)
count  16.000000  16.000000          16.000000         16.000000           16.000000              16.000000             16.000000              16.000000      16.000000        16.000000
mean    8.500000   3.000000           7.384697         58.803465            0.017019               1.884766              1.661853               3.546619       0.003875         3.875300
std     4.760952   1.032796           0.209133          1.670394            0.000483               1.152134              1.173536               2.317389       0.000002         0.002222
min     1.000000   1.000000           7.133452         56.796568            0.016395               0.449219              0.000000               0.449219       0.003872         3.872000
25%     4.750000   2.000000           7.211894         57.421595            0.016627               1.035156              0.697978               1.733134       0.003874         3.873600
50%     8.500000   3.000000           7.374524         58.721661            0.017034               1.884766              1.663128               3.547894       0.003875         3.875200
75%    12.250000   4.000000           7.554133         60.147159            0.017415               2.734375              2.627259               5.361634       0.003877         3.876800
max    16.000000   5.000000           7.656653         60.994301            0.017607               3.320312              3.320448               6.640761       0.003880         3.880000
