Workflow Construction Summary Table
========================================================================================================================

 Comp  Groups Wall Time/Evt (s) CPU Time/Evt (s) Throughput (evt/s) Write Remote (MB/evt) Read Remote (MB/evt) Net Transfer (MB/evt) CPU Cores/Evt Memory/Evt (MB)
    1       1            7.9100          59.4499             0.0168                  0.45                 0.00                  0.45        0.0015            1.46
    2       2            7.9433          59.3432             0.0169                  0.45                 0.06                  0.51        0.0015            1.48
    3       2            7.9360          57.6924             0.0173                  0.45                 0.42                  0.87        0.0014            1.43
    4       2            7.9280          50.9233             0.0196                  2.54                 2.23                  4.76        0.0013            1.33
    5       2            7.8820          45.9425             0.0218                  1.23                 0.83                  2.06        0.0011            0.96
    6       3            7.8969          56.8557             0.0176                  0.45                 0.47                  0.91        0.0014            1.44
    7       3            7.9696          51.0022             0.0196                  2.54                 2.32                  4.85        0.0013            1.35
    8       3            7.9202          46.0116             0.0217                  1.23                 0.90                  2.13        0.0011            0.98
    9       3            7.9709          51.0070             0.0196                  2.54                 2.66                  5.19        0.0013            1.31
   10       3            7.9114          45.9917             0.0217                  1.23                 1.25                  2.48        0.0011            0.94
   11       3            7.9627          46.2600             0.0216                  3.32                 3.07                  6.39        0.0012            0.96
   12       4            7.9709          50.2535             0.0199                  2.54                 2.72                  5.26        0.0013            1.33
   13       4            7.8435          45.1327             0.0222                  1.23                 1.28                  2.51        0.0011            0.94
   14       4            7.8857          46.1013             0.0217                  3.32                 3.10                  6.42        0.0012            0.95
   15       4            7.9453          46.2225             0.0216                  3.32                 3.48                  6.80        0.0012            0.92
   16       5            7.8814          45.3017             0.0221                  3.32                 3.50                  6.82        0.0011            0.93

Summary Statistics:
------------------------------------------------------------------------------------------------------------------------
            Comp     Groups  Wall Time/Evt (s)  CPU Time/Evt (s)  Throughput (evt/s)  Write Remote (MB/evt)  Read Remote (MB/evt)  Net Transfer (MB/evt)  CPU Cores/Evt  Memory/Evt (MB)
count  16.000000  16.000000          16.000000         16.000000           16.000000              16.000000             16.000000              16.000000      16.000000        16.000000
mean    8.500000   3.000000           7.922361         50.218213            0.020110               1.884766              1.767533               3.652299       0.001248         1.168375
std     4.760952   1.032796           0.037892          5.307858            0.001991               1.152134              1.245527               2.388867       0.000128         0.234178
min     1.000000   1.000000           7.843533         45.132676            0.016821               0.449219              0.000000               0.449219       0.001124         0.922000
25%     4.750000   2.000000           7.894109         46.006657            0.019101               1.035156              0.741434               1.776590       0.001147         0.943500
50%     8.500000   3.000000           7.924137         48.256754            0.020758               1.884766              1.754748               3.639513       0.001204         1.147000
75%    12.250000   4.000000           7.949679         52.469164            0.021736               2.734375              2.808456               5.542831       0.001304         1.370500
max    16.000000   5.000000           7.970943         59.449884            0.022157               3.320312              3.495963               6.816276       0.001476         1.476000
