Workflow Construction Summary Table
========================================================================================================================

 Comp  Groups Wall Time/Evt (s) CPU Time/Evt (s) Throughput (evt/s) Write Remote (MB/evt) Read Remote (MB/evt) Net Transfer (MB/evt) CPU Cores/Evt Memory/Evt (MB)
    1       1           10.2040         621.3243             0.0016                  0.45                 0.00                  0.45        0.5453          545.34
    2       2            9.6825         586.2034             0.0017                  0.45                 0.07                  0.51        0.5416          541.86
    3       2            9.1550         528.2263             0.0019                  0.45                 0.40                  0.85        0.5151          518.13
    4       2            8.8666         270.4582             0.0037                  1.23                 0.82                  2.06        0.2500          254.68
    5       2            8.8648         210.7455             0.0047                  2.54                 2.20                  4.74        0.2064          254.75
    6       3            9.1259         528.2132             0.0019                  0.45                 0.47                  0.92        0.5153          518.20
    7       3            8.6283         252.5115             0.0040                  1.23                 0.89                  2.12        0.2460          250.90
    8       3            8.7139         198.1715             0.0050                  2.54                 2.27                  4.81        0.2028          251.49
    9       3            8.4100         214.0321             0.0047                  1.23                 1.22                  2.45        0.2209          228.49
   10       3            8.6014         166.0047             0.0060                  2.54                 2.60                  5.14        0.1773          228.62
   11       3            8.5197         178.2083             0.0056                  3.32                 3.03                  6.35        0.1736          189.16
   12       4            8.3810         213.5227             0.0047                  1.23                 1.29                  2.52        0.2201          227.67
   13       4            8.5731         165.5227             0.0060                  2.54                 2.66                  5.20        0.1766          227.88
   14       4            8.3690         165.6711             0.0060                  3.32                 3.10                  6.42        0.1702          186.03
   15       4            8.2563         133.2194             0.0075                  3.32                 3.42                  6.74        0.1440          162.60
   16       5            8.2287         133.0162             0.0075                  3.32                 3.49                  6.81        0.1438          162.33

Summary Statistics:
------------------------------------------------------------------------------------------------------------------------
            Comp     Groups  Wall Time/Evt (s)  CPU Time/Evt (s)  Throughput (evt/s)  Write Remote (MB/evt)  Read Remote (MB/evt)  Net Transfer (MB/evt)  CPU Cores/Evt  Memory/Evt (MB)
count  16.000000  16.000000          16.000000         16.000000           16.000000              16.000000             16.000000              16.000000      16.000000        16.000000
mean    8.500000   3.000000           8.786257        285.315700            0.004540               1.884718              1.745463               3.630181       0.278064       296.758625
std     4.760952   1.032796           0.537254        172.593533            0.001958               1.152147              1.232246               2.375876       0.153103       142.905377
min     1.000000   1.000000           8.228698        133.016200            0.001609               0.449219              0.000000               0.449219       0.143834       162.326000
25%     4.750000   2.000000           8.402761        165.921308            0.003246               1.035018              0.734930               1.770086       0.175833       218.043500
50%     8.500000   3.000000           8.614841        212.134119            0.004714               1.884660              1.746258               3.630932       0.213236       239.762000
75%    12.250000   4.000000           8.931415        334.896945            0.006027               2.734375              2.753967               5.488184       0.316272       320.596000
max    16.000000   5.000000          10.203992        621.324285            0.007518               3.320312              3.490809               6.811121       0.545344       545.344000
