Workflow Construction Summary Table
========================================================================================================================

 Comp  Groups Wall Time/Evt (s) CPU Time/Evt (s) Throughput (evt/s) Write Remote (MB/evt) Read Remote (MB/evt) Net Transfer (MB/evt) CPU Cores/Evt Memory/Evt (MB)
    1       1            9.5186          66.1506             0.0151                  0.45                 0.00                  0.45        0.0052            5.18
    2       2            9.4829          65.7428             0.0152                  0.45                 0.06                  0.51        0.0052            5.18
    3       2            9.3901          63.4243             0.0158                  0.45                 0.42                  0.86        0.0050            5.02
    4       2            9.5113          56.4221             0.0177                  2.54                 2.45                  4.99        0.0045            4.75
    5       2            9.4215          50.8659             0.0197                  1.22                 0.90                  2.12        0.0040            3.36
    6       3            9.3938          62.5770             0.0160                  0.45                 0.50                  0.94        0.0050            5.03
    7       3            9.4708          56.3254             0.0178                  2.54                 2.51                  5.04        0.0045            4.73
    8       3            9.3827          50.7634             0.0197                  1.22                 0.97                  2.19        0.0041            3.34
    9       3            9.4367          56.1634             0.0178                  2.52                 2.85                  5.37        0.0045            4.58
   10       3            9.3829          50.6293             0.0198                  1.22                 1.33                  2.55        0.0041            3.25
   11       3            9.4440          50.9217             0.0196                  3.29                 3.33                  6.62        0.0041            3.33
   12       4            9.4450          55.3455             0.0181                  2.52                 2.92                  5.45        0.0044            4.60
   13       4            9.3899          49.8990             0.0200                  1.22                 1.39                  2.61        0.0040            3.27
   14       4            9.4840          51.0437             0.0196                  3.32                 3.45                  6.77        0.0041            3.31
   15       4            9.4394          50.8612             0.0197                  3.31                 3.80                  7.12        0.0041            3.17
   16       5            9.4662          50.0320             0.0200                  3.31                 3.89                  7.20        0.0040            3.21

Summary Statistics:
------------------------------------------------------------------------------------------------------------------------
            Comp     Groups  Wall Time/Evt (s)  CPU Time/Evt (s)  Throughput (evt/s)  Write Remote (MB/evt)  Read Remote (MB/evt)  Net Transfer (MB/evt)  CPU Cores/Evt  Memory/Evt (MB)
count  16.000000  16.000000          16.000000         16.000000           16.000000              16.000000             16.000000              16.000000      16.000000        16.000000
mean    8.500000   3.000000           9.441234         55.447947            0.018216               1.876671              1.923295               3.799966       0.004406         4.083000
std     4.760952   1.032796           0.045247          5.912836            0.001815               1.149248              1.370933               2.511637       0.000442         0.845988
min     1.000000   1.000000           9.382746         49.898955            0.015117               0.445055              0.000000               0.447345       0.003998         3.166000
25%     4.750000   2.000000           9.392885         50.836736            0.017288               1.027477              0.800369               1.828479       0.004059         3.301750
50%     8.500000   3.000000           9.441693         53.194591            0.018830               1.872930              1.919763               3.798424       0.004233         3.972000
75%    12.250000   4.000000           9.473858         57.960804            0.019671               2.724370              3.024813               5.739861       0.004589         4.820750
max    16.000000   5.000000           9.518558         66.150577            0.020040               3.320312              3.888253               7.199261       0.005184         5.184000
