Workflow Construction Summary Table
========================================================================================================================

 Comp  Groups Wall Time/Evt (s) CPU Time/Evt (s) Throughput (evt/s) Write Remote (MB/evt) Read Remote (MB/evt) Net Transfer (MB/evt) CPU Cores/Evt Memory/Evt (MB)
    1       2           41.0573         160.4691             0.0062                  0.89                 0.55                  1.44        0.0056           11.26
    2       2           41.0573         160.4691             0.0062                  0.89                 0.55                  1.44        0.0056           11.26
    3       3           41.0702         160.5187             0.0062                  0.89                 0.70                  1.59        0.0056           11.26
    4       3           41.0702         160.5187             0.0062                  0.89                 0.70                  1.59        0.0056           11.26
    5       3           40.9711         160.1668             0.0062                  0.89                 0.70                  1.59        0.0056           11.26
    6       3           40.9711         160.1668             0.0062                  0.89                 0.70                  1.59        0.0056           11.26
    7       3           41.0936         160.6316             0.0062                  1.50                 1.18                  2.69        0.0056           11.25
    8       3           41.0936         160.6316             0.0062                  1.50                 1.18                  2.69        0.0056           11.25
    9       3           40.9336         160.0121             0.0062                  0.89                 1.10                  1.99        0.0056           11.25
   10       3           41.0682         160.5232             0.0062                  2.06                 1.75                  3.81        0.0056           11.26
   11       3           41.0682         160.5232             0.0062                  2.06                 1.75                  3.81        0.0056           11.26
   12       4           40.9977         160.2437             0.0062                  0.89                 0.85                  1.74        0.0056           11.26
   13       4           40.9977         160.2437             0.0062                  0.89                 0.85                  1.74        0.0056           11.26
   14       4           41.1138         160.6959             0.0062                  1.50                 1.33                  2.84        0.0056           11.26
   15       4           41.1138         160.6959             0.0062                  1.50                 1.33                  2.84        0.0056           11.26
   16       4           40.9436         160.0561             0.0062                  0.89                 1.25                  2.14        0.0056           11.25
   17       4           40.9436         160.0561             0.0062                  0.89                 1.25                  2.14        0.0056           11.25
   18       4           41.0320         160.3800             0.0062                  1.50                 1.33                  2.84        0.0056           11.26
   19       4           41.0320         160.3800             0.0062                  1.50                 1.33                  2.84        0.0056           11.26
   20       4           41.0770         160.5646             0.0062                  2.06                 1.90                  3.96        0.0056           11.26
   21       4           41.1443         160.7962             0.0062                  2.68                 2.38                  5.06        0.0056           11.26
   22       4           41.0770         160.5646             0.0062                  2.06                 1.90                  3.96        0.0056           11.26
   23       4           41.1443         160.7962             0.0062                  2.68                 2.38                  5.06        0.0056           11.26
   24       4           41.0584         160.5010             0.0062                  2.06                 1.90                  3.96        0.0056           11.26
   25       4           41.0584         160.5010             0.0062                  2.06                 1.90                  3.96        0.0056           11.26
   26       4           41.0922         160.6231             0.0062                  2.06                 2.30                  4.36        0.0056           11.26
   27       4           41.0051         160.2511             0.0062                  1.50                 1.73                  3.24        0.0056           11.26
   28       5           40.9718         160.1363             0.0062                  0.89                 1.41                  2.29        0.0056           11.27
   29       5           41.0502         160.4402             0.0062                  1.50                 1.48                  2.99        0.0056           11.27
   30       5           41.0502         160.4402             0.0062                  1.50                 1.48                  2.99        0.0056           11.27
   31       5           41.1511         160.8338             0.0062                  2.68                 2.53                  5.21        0.0056           11.26
   32       5           41.1511         160.8338             0.0062                  2.68                 2.53                  5.21        0.0056           11.26
   33       5           41.0770         160.5623             0.0062                  2.06                 2.05                  4.11        0.0056           11.27
   34       5           41.0770         160.5623             0.0062                  2.06                 2.05                  4.11        0.0056           11.27
   35       5           41.1034         160.6693             0.0062                  2.06                 2.45                  4.51        0.0056           11.26
   36       5           41.1034         160.6693             0.0062                  2.06                 2.45                  4.51        0.0056           11.26
   37       5           40.9938         160.2524             0.0062                  1.50                 1.88                  3.39        0.0056           11.25
   38       5           40.9938         160.2524             0.0062                  1.50                 1.88                  3.39        0.0056           11.25
   39       5           41.1313         160.7680             0.0062                  2.68                 2.53                  5.21        0.0056           11.26
   40       5           41.1313         160.7680             0.0062                  2.68                 2.53                  5.21        0.0056           11.26
   41       5           41.1660         160.8917             0.0062                  2.68                 2.93                  5.61        0.0056           11.25
   42       6           41.1179         160.7224             0.0062                  2.06                 2.60                  4.66        0.0056           11.27
   43       6           41.0244         160.3376             0.0062                  1.50                 2.04                  3.54        0.0056           11.26
   44       6           41.1498         160.8290             0.0062                  2.68                 2.68                  5.36        0.0056           11.27
   45       6           41.1498         160.8290             0.0062                  2.68                 2.68                  5.36        0.0056           11.27
   46       6           41.1666         160.9168             0.0062                  2.68                 3.08                  5.76        0.0056           11.26
   47       6           41.1666         160.9168             0.0062                  2.68                 3.08                  5.76        0.0056           11.26
   48       7           41.1869         160.9813             0.0062                  2.68                 3.23                  5.91        0.0056           11.27

Summary Statistics:
------------------------------------------------------------------------------------------------------------------------
        Comp     Groups  Wall Time/Evt (s)  CPU Time/Evt (s)  Throughput (evt/s)  Write Remote (MB/evt)  Read Remote (MB/evt)  Net Transfer (MB/evt)  CPU Cores/Evt  Memory/Evt (MB)
count  48.00  48.000000          48.000000         48.000000           48.000000              48.000000             48.000000              48.000000      48.000000        48.000000
mean   24.50   4.333333          41.070810        160.533191            0.006229               1.782451              1.801079               3.583531       0.005630        11.259767
std    14.00   1.117241           0.066611          0.254993            0.000010               0.668887              0.740848               1.382715       0.000002         0.004989
min     1.00   2.000000          40.933566        160.012126            0.006212               0.888672              0.551388               1.440060       0.005626        11.251200
25%    12.75   4.000000          41.030112        160.369375            0.006221               1.350435              1.253263               2.588966       0.005629        11.257600
50%    24.50   4.000000          41.073608        160.542772            0.006229               1.782451              1.882136               3.676091       0.005630        11.259200
75%    36.25   5.000000          41.121293        160.733795            0.006236               2.214468              2.453231               4.762532       0.005632        11.264000
max    48.00   7.000000          41.186889        160.981252            0.006250               2.676230              3.233034               5.909265       0.005635        11.270400
