Workflow Construction Summary Table
========================================================================================================================

 Comp  Groups Wall Time/Evt (s) CPU Time/Evt (s) Throughput (evt/s) Write Remote (MB/evt) Read Remote (MB/evt) Net Transfer (MB/evt) CPU Cores/Evt Memory/Evt (MB)
    1       1            6.9864          55.5456             0.0180                  0.45                 0.00                  0.45        0.0013            1.30
    2       2            6.9864          55.5456             0.0180                  0.45                 0.06                  0.51        0.0013            1.31
    3       2            6.9864          55.5456             0.0180                  0.45                 0.38                  0.83        0.0013            1.31
    4       2            6.9864          55.5456             0.0180                  2.54                 2.11                  4.65        0.0013            1.30
    5       2            6.9864          55.5456             0.0180                  1.23                 0.79                  2.02        0.0013            1.30
    6       3            6.9864          55.5456             0.0180                  0.45                 0.44                  0.89        0.0013            1.32
    7       3            6.9864          55.5456             0.0180                  2.54                 2.18                  4.72        0.0013            1.32
    8       3            6.9864          55.5456             0.0180                  1.23                 0.85                  2.08        0.0013            1.31
    9       3            6.9864          55.5456             0.0180                  2.54                 2.49                  5.03        0.0013            1.31
   10       3            6.9864          55.5456             0.0180                  1.23                 1.16                  2.39        0.0013            1.31
   11       3            6.9864          55.5456             0.0180                  3.32                 2.89                  6.21        0.0013            1.31
   12       4            6.9864          55.5456             0.0180                  2.54                 2.56                  5.10        0.0013            1.33
   13       4            6.9864          55.5456             0.0180                  1.23                 1.23                  2.46        0.0013            1.32
   14       4            6.9864          55.5456             0.0180                  3.32                 2.96                  6.28        0.0013            1.33
   15       4            6.9864          55.5456             0.0180                  3.32                 3.28                  6.60        0.0013            1.32
   16       5            6.9864          55.5456             0.0180                  3.32                 3.34                  6.66        0.0013            1.34

Summary Statistics:
------------------------------------------------------------------------------------------------------------------------
            Comp     Groups  Wall Time/Evt (s)  CPU Time/Evt (s)  Throughput (evt/s)  Write Remote (MB/evt)  Read Remote (MB/evt)  Net Transfer (MB/evt)  CPU Cores/Evt  Memory/Evt (MB)
count  16.000000  16.000000          16.000000         16.000000        1.600000e+01              16.000000             16.000000              16.000000      16.000000        16.000000
mean    8.500000   3.000000           6.986396         55.545586        1.800323e-02               1.884766              1.669509               3.554274       0.001315         1.315000
std     4.760952   1.032796           0.000003          0.000011        3.657280e-09               1.152134              1.180391               2.324215       0.000011         0.010881
min     1.000000   1.000000           6.986388         55.545552        1.800323e-02               0.449219              0.000000               0.449219       0.001296         1.296000
25%     4.750000   2.000000           6.986396         55.545583        1.800323e-02               1.035156              0.699883               1.735040       0.001312         1.312000
50%     8.500000   3.000000           6.986397         55.545590        1.800323e-02               1.884766              1.669683               3.554449       0.001312         1.312000
75%    12.250000   4.000000           6.986398         55.545594        1.800323e-02               2.734375              2.641548               5.375923       0.001320         1.320000
max    16.000000   5.000000           6.986398         55.545594        1.800324e-02               3.320312              3.338760               6.659072       0.001336         1.336000
