Workflow Construction Summary Table
========================================================================================================================

 Comp  Groups Wall Time/Evt (s) CPU Time/Evt (s) Throughput (evt/s) Write Remote (MB/evt) Read Remote (MB/evt) Net Transfer (MB/evt) CPU Cores/Evt Memory/Evt (MB)
    1       1            7.0395          55.9681             0.0179                  0.45                 0.00                  0.45        0.0013            1.30
    2       2            7.0304          55.8954             0.0179                  0.45                 0.06                  0.51        0.0013            1.31
    3       2            7.0236          55.8412             0.0179                  0.45                 0.38                  0.83        0.0013            1.31
    4       2            7.0559          56.0972             0.0178                  2.54                 2.11                  4.65        0.0013            1.30
    5       2            7.0296          55.8892             0.0179                  1.23                 0.79                  2.02        0.0013            1.30
    6       3            7.0236          55.8415             0.0179                  0.45                 0.44                  0.89        0.0013            1.32
    7       3            7.0537          56.0800             0.0178                  2.54                 2.18                  4.72        0.0013            1.32
    8       3            7.0259          55.8595             0.0179                  1.23                 0.85                  2.08        0.0013            1.31
    9       3            7.0546          56.0874             0.0178                  2.54                 2.49                  5.03        0.0013            1.31
   10       3            7.0249          55.8517             0.0179                  1.23                 1.16                  2.39        0.0013            1.31
   11       3            7.0645          56.1673             0.0178                  3.32                 2.89                  6.21        0.0013            1.31
   12       4            7.0548          56.0886             0.0178                  2.54                 2.56                  5.10        0.0013            1.33
   13       4            7.0249          55.8520             0.0179                  1.23                 1.23                  2.46        0.0013            1.32
   14       4            7.0624          56.1501             0.0178                  3.32                 2.96                  6.28        0.0013            1.33
   15       4            7.0633          56.1575             0.0178                  3.32                 3.28                  6.60        0.0013            1.32
   16       5            7.0635          56.1588             0.0178                  3.32                 3.34                  6.66        0.0013            1.34

Summary Statistics:
------------------------------------------------------------------------------------------------------------------------
            Comp     Groups  Wall Time/Evt (s)  CPU Time/Evt (s)  Throughput (evt/s)  Write Remote (MB/evt)  Read Remote (MB/evt)  Net Transfer (MB/evt)  CPU Cores/Evt  Memory/Evt (MB)
count  16.000000  16.000000          16.000000         16.000000           16.000000              16.000000             16.000000              16.000000      16.000000        16.000000
mean    8.500000   3.000000           7.043445         55.999098            0.017858               1.884766              1.669509               3.554274       0.001315         1.315000
std     4.760952   1.032796           0.016882          0.134168            0.000043               1.152134              1.180391               2.324215       0.000011         0.010881
min     1.000000   1.000000           7.023560         55.841248            0.017804               0.449219              0.000000               0.449219       0.001296         1.296000
25%     4.750000   2.000000           7.025647         55.857637            0.017822               1.035156              0.699883               1.735040       0.001312         1.312000
50%     8.500000   3.000000           7.046611         56.024035            0.017849               1.884766              1.669683               3.554449       0.001312         1.312000
75%    12.250000   4.000000           7.057489         56.110391            0.017903               2.734375              2.641548               5.375923       0.001320         1.320000
max    16.000000   5.000000           7.064550         56.167295            0.017908               3.320312              3.338760               6.659072       0.001336         1.336000
