Workflow Construction Summary Table
========================================================================================================================

 Comp  Groups Wall Time/Evt (s) CPU Time/Evt (s) Throughput (evt/s) Write Remote (MB/evt) Read Remote (MB/evt) Net Transfer (MB/evt) CPU Cores/Evt Memory/Evt (MB)
    1       1            9.3689          64.9635             0.0154                  0.45                 0.00                  0.45        0.0009            0.87
    2       2            9.3637          64.6514             0.0155                  0.44                 0.06                  0.51        0.0009            0.87
    3       2            9.3586          63.0676             0.0159                  0.44                 0.43                  0.87        0.0008            0.84
    4       2            9.4212          55.8236             0.0179                  2.54                 2.46                  5.00        0.0007            0.80
    5       2            9.3370          50.5437             0.0198                  1.22                 0.89                  2.11        0.0007            0.56
    6       3            9.3680          62.2626             0.0161                  0.45                 0.52                  0.97        0.0008            0.84
    7       3            9.4473          55.9076             0.0179                  2.54                 2.56                  5.10        0.0008            0.80
    8       3            9.3205          50.4718             0.0198                  1.22                 0.96                  2.18        0.0007            0.56
    9       3            9.3605          55.6280             0.0180                  2.53                 2.86                  5.40        0.0007            0.77
   10       3            9.4205          50.7715             0.0197                  1.23                 1.34                  2.57        0.0007            0.55
   11       3            9.3719          50.6070             0.0198                  3.31                 3.33                  6.65        0.0007            0.55
   12       4            9.3742          54.8792             0.0182                  2.53                 2.92                  5.46        0.0007            0.77
   13       4            9.3823          49.7703             0.0201                  1.23                 1.44                  2.66        0.0007            0.55
   14       4            9.3274          50.4115             0.0198                  3.28                 3.37                  6.65        0.0007            0.55
   15       4            9.3377          50.3954             0.0198                  3.27                 3.69                  6.96        0.0007            0.52
   16       5            9.3564          49.6797             0.0201                  3.28                 3.81                  7.09        0.0007            0.53

Summary Statistics:
------------------------------------------------------------------------------------------------------------------------
            Comp     Groups  Wall Time/Evt (s)  CPU Time/Evt (s)  Throughput (evt/s)  Write Remote (MB/evt)  Read Remote (MB/evt)  Net Transfer (MB/evt)  CPU Cores/Evt  Memory/Evt (MB)
count  16.000000  16.000000          16.000000         16.000000           16.000000              16.000000             16.000000              16.000000      16.000000        16.000000
mean    8.500000   3.000000           9.369764         54.989650            0.018358               1.872158              1.916258               3.788416       0.000739         0.682663
std     4.760952   1.032796           0.034801          5.701556            0.001783               1.142469              1.348527               2.482318       0.000073         0.144921
min     1.000000   1.000000           9.320544         49.679738            0.015393               0.444056              0.000000               0.445844       0.000672         0.519800
25%     4.750000   2.000000           9.351722         50.456721            0.017430               1.024796              0.801936               1.828599       0.000681         0.549650
50%     8.500000   3.000000           9.365866         52.825349            0.018959               1.879950              1.948315               3.828734       0.000711         0.664200
75%    12.250000   4.000000           9.376215         57.496377            0.019819               2.722585              3.026768               5.754584       0.000773         0.812750
max    16.000000   5.000000           9.447315         64.963538            0.020129               3.312879              3.812495               7.092873       0.000866         0.866400
