Workflow Construction Summary Table
========================================================================================================================

 Comp  Groups Wall Time/Evt (s) CPU Time/Evt (s) Throughput (evt/s) Write Remote (MB/evt) Read Remote (MB/evt) Net Transfer (MB/evt) CPU Cores/Evt Memory/Evt (MB)
    1       1            7.9483         484.4929             0.0021                  0.45                 0.00                  0.45        0.0678           67.81
    2       2            7.8843         477.4245             0.0021                  0.45                 0.07                  0.51        0.0674           67.39
    3       2            7.8206         450.9436             0.0022                  0.45                 0.39                  0.84        0.0642           64.55
    4       2            7.7873         220.4728             0.0045                  1.23                 0.82                  2.05        0.0310           31.59
    5       2            7.8225         182.1463             0.0055                  2.54                 2.20                  4.74        0.0257           31.76
    6       3            7.8114         450.6983             0.0022                  0.45                 0.46                  0.91        0.0641           64.48
    7       3            7.7580         215.5417             0.0046                  1.23                 0.89                  2.12        0.0306           31.19
    8       3            7.8040         177.6613             0.0056                  2.54                 2.27                  4.81        0.0253           31.32
    9       3            7.7292         191.3377             0.0052                  1.23                 1.21                  2.44        0.0273           28.29
   10       3            7.7845         154.2686             0.0065                  2.54                 2.59                  5.13        0.0220           28.39
   11       3            7.7776         153.2914             0.0065                  3.32                 3.02                  6.34        0.0216           23.50
   12       4            7.7262         191.2382             0.0052                  1.23                 1.28                  2.51        0.0273           28.26
   13       4            7.7794         154.2096             0.0065                  2.54                 2.66                  5.20        0.0220           28.37
   14       4            7.7585         148.5355             0.0067                  3.32                 3.08                  6.40        0.0210           22.98
   15       4            7.7479         125.5426             0.0080                  3.32                 3.41                  6.73        0.0179           20.18
   16       5            7.7458         125.2264             0.0080                  3.32                 3.47                  6.80        0.0178           20.10

Summary Statistics:
------------------------------------------------------------------------------------------------------------------------
            Comp     Groups  Wall Time/Evt (s)  CPU Time/Evt (s)  Throughput (evt/s)  Write Remote (MB/evt)  Read Remote (MB/evt)  Net Transfer (MB/evt)  CPU Cores/Evt  Memory/Evt (MB)
count  16.000000  16.000000          16.000000         16.000000           16.000000              16.000000             16.000000              16.000000      16.000000        16.000000
mean    8.500000   3.000000           7.792838        243.939461            0.005095               1.884766              1.738742               3.623507       0.034564        36.884700
std     4.760952   1.032796           0.057891        135.306008            0.002015               1.152134              1.228568               2.372300       0.019072        17.810308
min     1.000000   1.000000           7.726232        125.226422            0.002064               0.449219              0.000000               0.449219       0.017802        20.096800
25%     4.750000   2.000000           7.755484        153.980044            0.003956               1.035156              0.731137               1.766293       0.021895        27.067800
50%     8.500000   3.000000           7.781936        186.692234            0.005360               1.884766              1.741055               3.625820       0.026536        29.792200
75%    12.250000   4.000000           7.813679        278.029140            0.006494               2.734375              2.748336               5.482711       0.039286        39.939100
max    16.000000   5.000000           7.948272        484.492929            0.007986               3.320312              3.474973               6.795286       0.067814        67.814400
