Workflow Construction Summary Table
========================================================================================================================

 Comp  Groups Wall Time/Evt (s) CPU Time/Evt (s) Throughput (evt/s) Write Remote (MB/evt) Read Remote (MB/evt) Net Transfer (MB/evt) CPU Cores/Evt Memory/Evt (MB)
    1       2           43.2345         164.5385             0.0061                  0.89                 0.56                  1.45        0.0059           11.90
    2       2           43.2345         164.5385             0.0061                  0.89                 0.56                  1.45        0.0059           11.90
    3       3           43.2258         164.5158             0.0061                  0.89                 0.72                  1.60        0.0060           11.90
    4       3           43.2258         164.5158             0.0061                  0.89                 0.72                  1.60        0.0060           11.90
    5       3           43.1609         164.2322             0.0061                  0.89                 0.72                  1.61        0.0060           11.91
    6       3           43.1609         164.2322             0.0061                  0.89                 0.72                  1.61        0.0060           11.91
    7       3           43.1489         164.2113             0.0061                  1.50                 1.22                  2.72        0.0059           11.90
    8       3           43.1489         164.2113             0.0061                  1.50                 1.22                  2.72        0.0059           11.90
    9       3           43.0658         163.8844             0.0061                  0.89                 1.13                  2.01        0.0059           11.90
   10       3           42.9386         163.5108             0.0061                  2.06                 1.80                  3.86        0.0059           11.89
   11       3           42.9386         163.5108             0.0061                  2.06                 1.80                  3.86        0.0059           11.89
   12       4           43.1365         164.1780             0.0061                  0.89                 0.87                  1.76        0.0060           11.91
   13       4           43.1365         164.1780             0.0061                  0.89                 0.87                  1.76        0.0060           11.91
   14       4           43.1369         164.1820             0.0061                  1.50                 1.37                  2.88        0.0060           11.90
   15       4           43.1369         164.1820             0.0061                  1.50                 1.37                  2.88        0.0060           11.90
   16       4           43.0529         163.8533             0.0061                  0.89                 1.27                  2.16        0.0060           11.90
   17       4           43.0529         163.8533             0.0061                  0.89                 1.27                  2.16        0.0060           11.90
   18       4           43.0319         163.8197             0.0061                  1.50                 1.37                  2.88        0.0060           11.90
   19       4           43.0319         163.8197             0.0061                  1.50                 1.37                  2.88        0.0060           11.90
   20       4           42.9356         163.4994             0.0061                  2.06                 1.96                  4.02        0.0059           11.89
   21       4           42.8982         163.3050             0.0061                  2.68                 2.45                  5.13        0.0059           11.89
   22       4           42.9356         163.4994             0.0061                  2.06                 1.96                  4.02        0.0059           11.89
   23       4           42.8982         163.3050             0.0061                  2.68                 2.45                  5.13        0.0059           11.89
   24       4           42.9363         163.4746             0.0061                  2.06                 1.96                  4.02        0.0059           11.90
   25       4           42.9363         163.4746             0.0061                  2.06                 1.96                  4.02        0.0059           11.90
   26       4           42.8747         163.3278             0.0061                  2.06                 2.37                  4.43        0.0059           11.88
   27       4           42.9545         163.5117             0.0061                  1.50                 1.78                  3.28        0.0059           11.89
   28       5           43.0473         163.8367             0.0061                  0.89                 1.43                  2.32        0.0060           11.90
   29       5           43.0218         163.7940             0.0061                  1.50                 1.53                  3.03        0.0060           11.90
   30       5           43.0218         163.7940             0.0061                  1.50                 1.53                  3.03        0.0060           11.90
   31       5           42.9077         163.3187             0.0061                  2.68                 2.60                  5.28        0.0060           11.91
   32       5           42.9077         163.3187             0.0061                  2.68                 2.60                  5.28        0.0060           11.91
   33       5           42.9235         163.4437             0.0061                  2.06                 2.11                  4.17        0.0060           11.91
   34       5           42.9235         163.4437             0.0061                  2.06                 2.11                  4.17        0.0060           11.91
   35       5           42.8583         163.2896             0.0061                  2.06                 2.52                  4.58        0.0059           11.88
   36       5           42.8583         163.2896             0.0061                  2.06                 2.52                  4.58        0.0059           11.88
   37       5           42.9455         163.4883             0.0061                  1.50                 1.93                  3.44        0.0059           11.89
   38       5           42.9455         163.4883             0.0061                  1.50                 1.93                  3.44        0.0059           11.89
   39       5           42.8709         163.2188             0.0061                  2.68                 2.60                  5.28        0.0059           11.90
   40       5           42.8709         163.2188             0.0061                  2.68                 2.60                  5.28        0.0059           11.90
   41       5           42.8856         163.2244             0.0061                  2.68                 3.02                  5.70        0.0060           11.90
   42       6           42.8573         163.2823             0.0061                  2.06                 2.67                  4.73        0.0059           11.89
   43       6           42.9495         163.4909             0.0061                  1.50                 2.09                  3.59        0.0060           11.90
   44       6           42.8763         163.2241             0.0061                  2.68                 2.76                  5.44        0.0060           11.90
   45       6           42.8763         163.2241             0.0061                  2.68                 2.76                  5.44        0.0060           11.90
   46       6           42.8767         163.2014             0.0061                  2.68                 3.17                  5.85        0.0060           11.90
   47       6           42.8767         163.2014             0.0061                  2.68                 3.17                  5.85        0.0060           11.90
   48       7           42.8718         163.1862             0.0061                  2.68                 3.33                  6.00        0.0060           11.91

Summary Statistics:
------------------------------------------------------------------------------------------------------------------------
        Comp     Groups  Wall Time/Evt (s)  CPU Time/Evt (s)  Throughput (evt/s)  Write Remote (MB/evt)  Read Remote (MB/evt)  Net Transfer (MB/evt)  CPU Cores/Evt  Memory/Evt (MB)
count  48.00  48.000000          48.000000         48.000000           48.000000              48.000000             48.000000              48.000000      48.000000        48.000000
mean   24.50   4.333333          42.994629        163.673818            0.006110               1.782451              1.850228               3.632679       0.005950        11.899300
std    14.00   1.117241           0.120333          0.427050            0.000016               0.668887              0.764601               1.406644       0.000004         0.007573
min     1.00   2.000000          42.857326        163.186152            0.006078               0.888672              0.564476               1.453148       0.005941        11.881600
25%    12.75   4.000000          42.895054        163.304991            0.006099               1.350435              1.273307               2.620587       0.005947        11.894000
50%    24.50   4.000000          42.942053        163.499449            0.006116               1.782451              1.931198               3.727966       0.005950        11.900800
75%    36.25   5.000000          43.083492        163.957831            0.006124               2.214468              2.519007               4.832087       0.005952        11.904000
max    48.00   7.000000          43.234478        164.538506            0.006128               2.676230              3.328720               6.004950       0.005956        11.912000
