Workflow Construction Summary Table
========================================================================================================================

 Comp  Groups Wall Time/Evt (s) CPU Time/Evt (s) Throughput (evt/s) Write Remote (MB/evt) Read Remote (MB/evt) Net Transfer (MB/evt) CPU Cores/Evt Memory/Evt (MB)
    1       1            9.3749          65.0053             0.0154                  0.45                 0.00                  0.45        0.0009            0.87
    2       2            9.3705          64.6609             0.0155                  0.44                 0.08                  0.52        0.0009            0.87
    3       2            9.3118          62.7998             0.0159                  0.44                 0.42                  0.86        0.0008            0.84
    4       2            9.4837          56.1375             0.0178                  2.54                 2.46                  5.00        0.0007            0.80
    5       2            9.3635          50.6733             0.0197                  1.22                 0.89                  2.11        0.0007            0.56
    6       3            9.3335          62.0632             0.0161                  0.45                 0.51                  0.95        0.0008            0.84
    7       3            9.5110          56.2257             0.0178                  2.54                 2.56                  5.10        0.0008            0.80
    8       3            9.3479          50.6042             0.0198                  1.22                 0.97                  2.19        0.0007            0.56
    9       3            9.4265          55.8516             0.0179                  2.52                 2.87                  5.39        0.0007            0.77
   10       3            9.4523          50.9192             0.0196                  1.23                 1.34                  2.57        0.0007            0.55
   11       3            9.4986          51.0545             0.0196                  3.32                 3.35                  6.67        0.0007            0.55
   12       4            9.4835          55.1372             0.0181                  2.53                 3.00                  5.53        0.0007            0.77
   13       4            9.4430          50.1172             0.0200                  1.23                 1.41                  2.63        0.0007            0.55
   14       4            9.4430          50.8368             0.0197                  3.28                 3.39                  6.67        0.0007            0.55
   15       4            9.4507          50.8918             0.0196                  3.31                 3.75                  7.06        0.0007            0.53
   16       5            9.4438          50.0113             0.0200                  3.28                 3.81                  7.09        0.0007            0.53

Summary Statistics:
------------------------------------------------------------------------------------------------------------------------
            Comp     Groups  Wall Time/Evt (s)  CPU Time/Evt (s)  Throughput (evt/s)  Write Remote (MB/evt)  Read Remote (MB/evt)  Net Transfer (MB/evt)  CPU Cores/Evt  Memory/Evt (MB)
count  16.000000  16.000000          16.000000         16.000000           16.000000              16.000000             16.000000              16.000000      16.000000        16.000000
mean    8.500000   3.000000           9.421133         55.186836            0.018282               1.874654              1.925066               3.799719       0.000739         0.683175
std     4.760952   1.032796           0.062309          5.539829            0.001724               1.146165              1.361723               2.499281       0.000072         0.143342
min     1.000000   1.000000           9.311775         50.011321            0.015383               0.444221              0.000000               0.445844       0.000674         0.526400
25%     4.750000   2.000000           9.368788         50.795925            0.017367               1.024452              0.797782               1.823945       0.000682         0.552600
50%     8.500000   3.000000           9.442971         53.095852            0.018862               1.876265              1.933464               3.815086       0.000710         0.662300
75%    12.250000   4.000000           9.460112         57.685035            0.019687               2.724391              3.088231               5.816191       0.000773         0.811150
max    16.000000   5.000000           9.510980         65.005264            0.019995               3.316760              3.812495               7.092873       0.000866         0.865600
