Workflow Construction Summary Table
========================================================================================================================

 Comp  Groups Wall Time/Evt (s) CPU Time/Evt (s) Throughput (evt/s) Write Remote (MB/evt) Read Remote (MB/evt) Net Transfer (MB/evt) CPU Cores/Evt Memory/Evt (MB)
    1       2           39.1703         306.5259             0.0033                  0.89                 0.54                  1.43        0.0036            3.62
    2       2           39.1703         306.5259             0.0033                  0.89                 0.54                  1.43        0.0036            3.53
    3       3           39.1695         306.5572             0.0033                  0.89                 0.68                  1.57        0.0036            3.62
    4       3           39.1695         306.5572             0.0033                  0.89                 0.68                  1.57        0.0036            3.53
    5       3           39.1436         305.0772             0.0033                  0.89                 0.69                  1.58        0.0035            3.60
    6       3           39.1436         305.0772             0.0033                  0.89                 0.69                  1.58        0.0035            3.53
    7       3           39.1442         155.9403             0.0064                  1.50                 1.16                  2.66        0.0018            3.61
    8       3           39.1442         155.9403             0.0064                  1.50                 1.16                  2.66        0.0018            3.52
    9       3           39.0825         300.7214             0.0033                  0.89                 1.08                  1.97        0.0035            3.52
   10       3           39.0799         276.4392             0.0036                  2.06                 1.72                  3.78        0.0032            3.62
   11       3           39.0799         276.4392             0.0036                  2.06                 1.72                  3.78        0.0032            3.52
   12       4           39.1427         305.1085             0.0033                  0.89                 0.83                  1.72        0.0035            3.60
   13       4           39.1427         305.1085             0.0033                  0.89                 0.83                  1.72        0.0035            3.53
   14       4           39.1434         155.9370             0.0064                  1.50                 1.30                  2.81        0.0018            3.62
   15       4           39.1434         155.9370             0.0064                  1.50                 1.30                  2.81        0.0018            3.52
   16       4           39.0989         300.7524             0.0033                  0.89                 1.23                  2.12        0.0035            3.53
   17       4           39.0989         300.7524             0.0033                  0.89                 1.23                  2.12        0.0035            3.52
   18       4           39.1177         155.8347             0.0064                  1.50                 1.31                  2.81        0.0018            3.59
   19       4           39.1177         155.8347             0.0064                  1.50                 1.31                  2.81        0.0018            3.53
   20       4           39.0790         276.4357             0.0036                  2.06                 1.87                  3.93        0.0032            3.62
   21       4           39.0590         155.6352             0.0064                  2.68                 2.34                  5.01        0.0018            3.61
   22       4           39.0790         276.4357             0.0036                  2.06                 1.87                  3.93        0.0032            3.52
   23       4           39.0590         155.6352             0.0064                  2.68                 2.34                  5.01        0.0018            3.52
   24       4           39.0746         276.4181             0.0036                  2.06                 1.87                  3.93        0.0032            3.60
   25       4           39.0746         276.4181             0.0036                  2.06                 1.87                  3.93        0.0032            3.53
   26       4           39.0533         276.3678             0.0036                  2.06                 2.26                  4.32        0.0032            3.52
   27       4           39.0574         155.6632             0.0064                  1.50                 1.70                  3.20        0.0018            3.52
   28       5           39.0980         300.7489             0.0033                  0.89                 1.38                  2.27        0.0035            3.52
   29       5           39.1169         155.8314             0.0064                  1.50                 1.45                  2.96        0.0018            3.60
   30       5           39.1169         155.8314             0.0064                  1.50                 1.45                  2.96        0.0018            3.53
   31       5           39.0581         155.6317             0.0064                  2.68                 2.49                  5.16        0.0018            3.62
   32       5           39.0581         155.6317             0.0064                  2.68                 2.49                  5.16        0.0018            3.52
   33       5           39.0737         276.4145             0.0036                  2.06                 2.01                  4.07        0.0032            3.60
   34       5           39.0737         276.4145             0.0036                  2.06                 2.01                  4.07        0.0032            3.53
   35       5           39.0524         276.3642             0.0036                  2.06                 2.41                  4.47        0.0032            3.53
   36       5           39.0524         276.3642             0.0036                  2.06                 2.41                  4.47        0.0032            3.53
   37       5           39.0739         155.6945             0.0064                  1.50                 1.85                  3.35        0.0018            3.53
   38       5           39.0739         155.6945             0.0064                  1.50                 1.85                  3.35        0.0018            3.52
   39       5           39.0537         155.6141             0.0064                  2.68                 2.48                  5.16        0.0018            3.59
   40       5           39.0537         155.6141             0.0064                  2.68                 2.48                  5.16        0.0018            3.52
   41       5           39.0324         155.5638             0.0064                  2.68                 2.88                  5.55        0.0018            3.52
   42       6           39.0689         276.3953             0.0036                  2.06                 2.56                  4.62        0.0032            3.53
   43       6           39.0729         155.6907             0.0064                  1.50                 2.00                  3.50        0.0018            3.52
   44       6           39.0528         155.6105             0.0064                  2.68                 2.63                  5.31        0.0018            3.60
   45       6           39.0528         155.6105             0.0064                  2.68                 2.63                  5.31        0.0018            3.52
   46       6           39.0315         155.5602             0.0064                  2.68                 3.02                  5.70        0.0018            3.53
   47       6           39.0315         155.5602             0.0064                  2.68                 3.02                  5.70        0.0018            3.52
   48       7           39.0479         155.5913             0.0064                  2.68                 3.18                  5.85        0.0018            3.53

Summary Statistics:
------------------------------------------------------------------------------------------------------------------------
        Comp     Groups  Wall Time/Evt (s)  CPU Time/Evt (s)  Throughput (evt/s)  Write Remote (MB/evt)  Read Remote (MB/evt)  Net Transfer (MB/evt)  CPU Cores/Evt  Memory/Evt (MB)
count  48.00  48.000000          48.000000         48.000000           48.000000              48.000000             48.000000              48.000000      48.000000        48.000000
mean   24.50   4.333333          39.091352        222.989745            0.004938               1.782451              1.767019               3.549470       0.002593         3.552567
std    14.00   1.117241           0.041471         68.718472            0.001505               0.668887              0.727791               1.369806       0.000796         0.039836
min     1.00   2.000000          39.031534        155.560226            0.003262               0.888672              0.540679               1.429351       0.001810         3.519400
25%    12.75   4.000000          39.057920        155.656239            0.003544               1.350435              1.233132               2.565231       0.001813         3.524150
50%    24.50   4.000000          39.076791        216.152290            0.005016               1.782451              1.847552               3.641785       0.002514         3.526200
75%    36.25   5.000000          39.123956        282.509779            0.006424               2.214468              2.405851               4.717189       0.003285         3.596350
max    48.00   7.000000          39.170329        306.557198            0.006428               2.676230              3.176146               5.852376       0.003560         3.624000
