Workflow Construction Summary Table
========================================================================================================================

 Comp  Groups Wall Time/Evt (s) CPU Time/Evt (s) Throughput (evt/s) Write Remote (MB/evt) Read Remote (MB/evt) Net Transfer (MB/evt) CPU Cores/Evt Memory/Evt (MB)
    1       2           40.9033         314.4053             0.0032                  0.89                 0.55                  1.44        0.0111           11.26
    2       2           40.9033         314.4053             0.0032                  0.89                 0.55                  1.44        0.0111           10.97
    3       3           40.9033         314.4002             0.0032                  0.89                 0.70                  1.59        0.0111           11.26
    4       3           40.9033         314.4002             0.0032                  0.89                 0.70                  1.59        0.0111           10.97
    5       3           40.8195         312.5377             0.0032                  0.89                 0.70                  1.59        0.0110           11.20
    6       3           40.8195         312.5377             0.0032                  0.89                 0.70                  1.59        0.0110           10.98
    7       3           40.7941         159.6810             0.0063                  1.50                 1.18                  2.69        0.0056           11.24
    8       3           40.7941         159.6810             0.0063                  1.50                 1.18                  2.69        0.0056           10.95
    9       3           40.7325         307.7967             0.0032                  0.89                 1.09                  1.98        0.0109           10.97
   10       3           40.6824         282.5379             0.0035                  2.06                 1.75                  3.81        0.0100           11.26
   11       3           40.6824         282.5379             0.0035                  2.06                 1.75                  3.81        0.0100           10.97
   12       4           40.8187         312.5308             0.0032                  0.89                 0.85                  1.74        0.0110           11.20
   13       4           40.8187         312.5308             0.0032                  0.89                 0.85                  1.74        0.0110           10.98
   14       4           40.8029         159.6936             0.0063                  1.50                 1.33                  2.84        0.0056           11.24
   15       4           40.8029         159.6936             0.0063                  1.50                 1.33                  2.84        0.0056           10.95
   16       4           40.7265         307.7678             0.0032                  0.89                 1.24                  2.13        0.0109           10.97
   17       4           40.7265         307.7678             0.0032                  0.89                 1.24                  2.13        0.0109           10.97
   18       4           40.7111         159.3575             0.0063                  1.50                 1.33                  2.84        0.0056           11.18
   19       4           40.7111         159.3575             0.0063                  1.50                 1.33                  2.84        0.0056           10.96
   20       4           40.6703         282.5086             0.0035                  2.06                 1.90                  3.96        0.0100           11.26
   21       4           40.6077         158.9075             0.0063                  2.68                 2.38                  5.06        0.0056           11.25
   22       4           40.6703         282.5086             0.0035                  2.06                 1.90                  3.96        0.0100           10.97
   23       4           40.6077         158.9075             0.0063                  2.68                 2.38                  5.06        0.0056           10.96
   24       4           40.6635         282.4686             0.0035                  2.06                 1.90                  3.96        0.0100           11.20
   25       4           40.6635         282.4686             0.0035                  2.06                 1.90                  3.96        0.0100           10.98
   26       4           40.6412         282.4242             0.0035                  2.06                 2.30                  4.36        0.0100           10.97
   27       4           40.6669         159.1167             0.0063                  1.50                 1.73                  3.24        0.0056           10.96
   28       5           40.7330         307.7874             0.0032                  0.89                 1.39                  2.28        0.0109           10.98
   29       5           40.7199         159.3701             0.0063                  1.50                 1.49                  2.99        0.0056           11.18
   30       5           40.7199         159.3701             0.0063                  1.50                 1.49                  2.99        0.0056           10.96
   31       5           40.6050         158.8969             0.0063                  2.68                 2.53                  5.21        0.0056           11.25
   32       5           40.6050         158.8969             0.0063                  2.68                 2.53                  5.21        0.0056           10.96
   33       5           40.6548         282.4461             0.0035                  2.06                 2.05                  4.11        0.0100           11.20
   34       5           40.6548         282.4461             0.0035                  2.06                 2.05                  4.11        0.0100           10.98
   35       5           40.6359         282.3967             0.0035                  2.06                 2.45                  4.51        0.0100           10.97
   36       5           40.6359         282.3967             0.0035                  2.06                 2.45                  4.51        0.0100           10.97
   37       5           40.6642         159.1062             0.0063                  1.50                 1.88                  3.39        0.0056           10.96
   38       5           40.6642         159.1062             0.0063                  1.50                 1.88                  3.39        0.0056           10.96
   39       5           40.5855         158.8316             0.0063                  2.68                 2.53                  5.20        0.0056           11.18
   40       5           40.5855         158.8316             0.0063                  2.68                 2.53                  5.20        0.0056           10.96
   41       5           40.5850         158.8076             0.0063                  2.68                 2.93                  5.61        0.0056           10.96
   42       6           40.6274         282.3747             0.0035                  2.06                 2.60                  4.66        0.0100           10.97
   43       6           40.6384         159.0495             0.0063                  1.50                 2.04                  3.54        0.0056           10.96
   44       6           40.5843         158.8240             0.0063                  2.68                 2.68                  5.35        0.0056           11.19
   45       6           40.5843         158.8240             0.0063                  2.68                 2.68                  5.35        0.0056           10.96
   46       6           40.5709         158.7743             0.0063                  2.68                 3.08                  5.76        0.0056           10.96
   47       6           40.5709         158.7743             0.0063                  2.68                 3.08                  5.76        0.0056           10.96
   48       7           40.5755         158.7785             0.0063                  2.68                 3.23                  5.91        0.0056           10.97

Summary Statistics:
------------------------------------------------------------------------------------------------------------------------
        Comp     Groups  Wall Time/Evt (s)  CPU Time/Evt (s)  Throughput (evt/s)  Write Remote (MB/evt)  Read Remote (MB/evt)  Net Transfer (MB/evt)  CPU Cores/Evt  Memory/Evt (MB)
count  48.00  48.000000          48.000000         48.000000           48.000000              48.000000             48.000000              48.000000      48.000000        48.000000
mean   24.50   4.333333          40.696815        228.062922            0.004830               1.782451              1.799412               3.581863       0.008067        11.051517
std    14.00   1.117241           0.097715         70.469253            0.001475               0.668887              0.741526               1.383598       0.002483         0.123121
min     1.00   2.000000          40.570884        158.774337            0.003181               0.888672              0.550198               1.438870       0.005630        10.949200
25%    12.75   4.000000          40.622476        159.013970            0.003467               1.350435              1.243792               2.585943       0.005634        10.962400
50%    24.50   4.000000          40.668600        221.034142            0.004902               1.782451              1.882937               3.676682       0.007822        10.972400
75%    36.25   5.000000          40.748271        288.845357            0.006289               2.214468              2.452363               4.760398       0.010226        11.190200
max    48.00   7.000000          40.903303        314.405278            0.006298               2.676230              3.233034               5.909265       0.011067        11.264000
