Workflow Construction Summary Table
========================================================================================================================

 Comp  Groups Wall Time/Evt (s) CPU Time/Evt (s) Throughput (evt/s) Write Remote (MB/evt) Read Remote (MB/evt) Net Transfer (MB/evt) CPU Cores/Evt Memory/Evt (MB)
    1       1            7.0439          56.3509             0.0177                  0.45                 0.00                  0.45        0.0038            3.84
    2       2            7.0145          56.1157             0.0178                  0.45                 0.06                  0.51        0.0038            3.84
    3       2            6.9677          55.7419             0.0179                  1.23                 0.78                  2.01        0.0038            3.84
    4       2            6.9847          55.8777             0.0179                  0.45                 0.38                  0.83        0.0038            3.84
    5       2            6.9663          55.7306             0.0179                  2.54                 2.09                  4.63        0.0038            3.84
    6       3            6.9831          55.8645             0.0179                  0.45                 0.44                  0.89        0.0038            3.84
    7       3            6.9544          55.6354             0.0180                  1.23                 0.84                  2.08        0.0038            3.84
    8       3            6.9461          55.5685             0.0180                  3.32                 2.87                  6.19        0.0038            3.84
    9       3            6.9578          55.6624             0.0180                  2.54                 2.15                  4.69        0.0038            3.84
   10       3            6.9514          55.6109             0.0180                  2.54                 2.47                  5.00        0.0038            3.84
   11       3            6.9419          55.5354             0.0180                  1.23                 1.16                  2.39        0.0038            3.84
   12       4            6.9497          55.5977             0.0180                  2.54                 2.53                  5.07        0.0038            3.84
   13       4            6.9403          55.5222             0.0180                  1.23                 1.22                  2.45        0.0038            3.84
   14       4            6.9375          55.5003             0.0180                  3.32                 2.93                  6.25        0.0038            3.84
   15       4            6.9311          55.4487             0.0180                  3.32                 3.25                  6.57        0.0038            3.84
   16       5            6.9294          55.4355             0.0180                  3.32                 3.31                  6.63        0.0038            3.84

Summary Statistics:
------------------------------------------------------------------------------------------------------------------------
            Comp     Groups  Wall Time/Evt (s)  CPU Time/Evt (s)  Throughput (evt/s)  Write Remote (MB/evt)  Read Remote (MB/evt)  Net Transfer (MB/evt)  CPU Cores/Evt  Memory/Evt (MB)
count  16.000000  16.000000          16.000000         16.000000           16.000000              16.000000             16.000000              16.000000   1.600000e+01         16.00000
mean    8.500000   3.000000           6.962486         55.699890            0.017954               1.884766              1.655273               3.540039   3.835900e-03          3.83590
std     4.760952   1.032796           0.031137          0.249099            0.000080               1.152134              1.168838               2.312666   8.197561e-07          0.00082
min     1.000000   1.000000           6.929439         55.435513            0.017746               0.449219              0.000000               0.449219   3.835200e-03          3.83520
25%     4.750000   2.000000           6.941514         55.532115            0.017930               1.035156              0.695801               1.730957   3.835200e-03          3.83520
50%     8.500000   3.000000           6.952890         55.623120            0.017978               1.884766              1.655273               3.540039   3.835200e-03          3.83520
75%    12.250000   4.000000           6.971567         55.772537            0.018008               2.734375              2.614746               5.349121   3.836800e-03          3.83680
max    16.000000   5.000000           7.043865         56.350919            0.018039               3.320312              3.310547               6.630859   3.836800e-03          3.83680
