Workflow Construction Summary Table
========================================================================================================================

 Comp  Groups Wall Time/Evt (s) CPU Time/Evt (s) Throughput (evt/s) Write Remote (MB/evt) Read Remote (MB/evt) Net Transfer (MB/evt) CPU Cores/Evt Memory/Evt (MB)
    1       1            7.9434          60.5242             0.0165                  0.45                 0.00                  0.45        0.0085            8.48
    2       2            7.8787          60.0304             0.0167                  0.45                 0.07                  0.51        0.0085            8.48
    3       2            7.7653          59.2024             0.0169                  1.23                 0.82                  2.05        0.0085            8.47
    4       2            7.8027          59.4885             0.0168                  0.45                 0.39                  0.84        0.0085            8.47
    5       2            7.7718          59.2162             0.0169                  2.54                 2.20                  4.74        0.0085            8.48
    6       3            7.8017          59.4712             0.0168                  0.45                 0.46                  0.91        0.0085            8.48
    7       3            7.7354          58.9762             0.0170                  1.23                 0.89                  2.12        0.0085            8.47
    8       3            7.7102          58.8069             0.0170                  3.32                 3.02                  6.34        0.0085            8.46
    9       3            7.7520          59.0686             0.0169                  2.54                 2.27                  4.81        0.0085            8.48
   10       3            7.7296          58.9274             0.0170                  2.54                 2.59                  5.13        0.0085            8.47
   11       3            7.7032          58.7476             0.0170                  1.23                 1.21                  2.44        0.0085            8.47
   12       4            7.7226          58.8860             0.0170                  2.54                 2.65                  5.19        0.0085            8.47
   13       4            7.6995          58.7197             0.0170                  1.23                 1.28                  2.51        0.0085            8.47
   14       4            7.6913          58.6633             0.0170                  3.32                 3.08                  6.40        0.0085            8.47
   15       4            7.6762          58.5512             0.0171                  3.32                 3.41                  6.73        0.0085            8.46
   16       5            7.6734          58.5267             0.0171                  3.32                 3.47                  6.80        0.0085            8.47

Summary Statistics:
------------------------------------------------------------------------------------------------------------------------
            Comp     Groups  Wall Time/Evt (s)  CPU Time/Evt (s)  Throughput (evt/s)  Write Remote (MB/evt)  Read Remote (MB/evt)  Net Transfer (MB/evt)  CPU Cores/Evt  Memory/Evt (MB)
count  16.000000  16.000000          16.000000         16.000000           16.000000              16.000000             16.000000              16.000000      16.000000        16.000000
mean    8.500000   3.000000           7.753565         59.112904            0.016918               1.884766              1.738465               3.623231       0.008472         8.472100
std     4.760952   1.032796           0.074106          0.545962            0.000154               1.152134              1.228087               2.371894       0.000006         0.006028
min     1.000000   1.000000           7.673423         58.526742            0.016522               0.449219              0.000000               0.449219       0.008462         8.462400
25%     4.750000   2.000000           7.702277         58.740621            0.016869               1.035156              0.731137               1.766293       0.008468         8.468400
50%     8.500000   3.000000           7.732493         58.951822            0.016963               1.884766              1.742009               3.626775       0.008471         8.471200
75%    12.250000   4.000000           7.779291         59.279965            0.017024               2.734375              2.742541               5.476916       0.008477         8.477200
max    16.000000   5.000000           7.943357         60.524168            0.017086               3.320312              3.474973               6.795286       0.008483         8.483200
