Workflow Construction Summary Table
========================================================================================================================

 Comp  Groups Wall Time/Evt (s) CPU Time/Evt (s) Throughput (evt/s) Write Remote (MB/evt) Read Remote (MB/evt) Net Transfer (MB/evt) CPU Cores/Evt Memory/Evt (MB)
    1       1            7.9649          59.5572             0.0168                  0.45                 0.00                  0.45        0.0007            0.74
    2       2            7.9610          59.5234             0.0168                  0.45                 0.06                  0.51        0.0008            0.77
    3       2            7.9543          59.4781             0.0168                  0.45                 0.46                  0.91        0.0008            0.75
    4       2            7.9548          59.4825             0.0168                  2.54                 2.23                  4.76        0.0007            0.74
    5       2            7.8960          59.2371             0.0169                  1.23                 0.82                  2.05        0.0007            0.74
    6       3            7.9594          59.4979             0.0168                  0.45                 0.44                  0.89        0.0008            0.78
    7       3            7.9578          59.4893             0.0168                  2.54                 2.30                  4.83        0.0008            0.77
    8       3            7.9422          59.4144             0.0168                  1.23                 0.89                  2.12        0.0008            0.77
    9       3            7.9524          59.4639             0.0168                  2.54                 2.60                  5.14        0.0007            0.74
   10       3            7.9103          59.2795             0.0169                  1.23                 1.26                  2.49        0.0008            0.75
   11       3            7.9019          59.2632             0.0169                  3.32                 3.02                  6.34        0.0007            0.74
   12       4            7.9576          59.4845             0.0168                  2.54                 2.70                  5.24        0.0008            0.78
   13       4            7.9463          59.4228             0.0168                  1.23                 1.36                  2.59        0.0008            0.77
   14       4            7.9049          59.2700             0.0169                  3.32                 3.09                  6.41        0.0008            0.77
   15       4            7.8996          59.2456             0.0169                  3.32                 3.40                  6.72        0.0008            0.75
   16       5            7.8521          59.0549             0.0169                  3.32                 3.46                  6.78        0.0008            0.77

Summary Statistics:
------------------------------------------------------------------------------------------------------------------------
            Comp     Groups  Wall Time/Evt (s)  CPU Time/Evt (s)  Throughput (evt/s)  Write Remote (MB/evt)  Read Remote (MB/evt)  Net Transfer (MB/evt)  CPU Cores/Evt  Memory/Evt (MB)
count  16.000000  16.000000          16.000000         16.000000           16.000000              16.000000             16.000000              16.000000      16.000000        16.000000
mean    8.500000   3.000000           7.932218         59.385273            0.016839               1.884766              1.754887               3.639653       0.000758         0.757500
std     4.760952   1.032796           0.033248          0.141053            0.000040               1.152134              1.224582               2.367397       0.000014         0.013924
min     1.000000   1.000000           7.852126         59.054946            0.016791               0.449219              0.000000               0.449219       0.000736         0.736000
25%     4.750000   2.000000           7.904132         59.268303            0.016811               1.035156              0.727625               1.762781       0.000744         0.744000
50%     8.500000   3.000000           7.949372         59.443362            0.016823               1.884766              1.790700               3.675465       0.000760         0.760000
75%    12.250000   4.000000           7.957656         59.485680            0.016872               2.734375              2.781241               5.515616       0.000768         0.768000
max    16.000000   5.000000           7.964856         59.557219            0.016933               3.320312              3.461086               6.781398       0.000776         0.776000
