Workflow Construction Summary Table
========================================================================================================================

 Comp  Groups Wall Time/Evt (s) CPU Time/Evt (s) Throughput (evt/s) Write Remote (MB/evt) Read Remote (MB/evt) Net Transfer (MB/evt) CPU Cores/Evt Memory/Evt (MB)
    1       1           10.2743          78.1050             0.0128                  0.45                 0.00                  0.45        0.0683           68.33
    2       2            9.7568          73.9124             0.0135                  0.45                 0.07                  0.52        0.0681           68.06
    3       2            9.2614          68.2845             0.0146                  0.45                 0.40                  0.85        0.0663           66.32
    4       2            9.3488          59.8653             0.0167                  2.54                 2.21                  4.74        0.0584           62.22
    5       2            9.0854          51.9810             0.0192                  1.23                 0.82                  2.05        0.0530           44.73
    6       3            9.2382          67.3466             0.0148                  0.45                 0.46                  0.91        0.0655           66.37
    7       3            9.2032          59.3066             0.0169                  2.54                 2.27                  4.81        0.0584           61.99
    8       3            8.8540          51.1003             0.0196                  1.23                 0.89                  2.12        0.0530           44.45
    9       3            9.1233          59.0047             0.0169                  2.54                 2.60                  5.14        0.0584           60.23
   10       3            8.6696          50.3951             0.0198                  1.23                 1.22                  2.45        0.0530           42.74
   11       3            9.1566          52.2504             0.0191                  3.32                 3.03                  6.35        0.0530           43.35
   12       4            9.1012          58.0419             0.0172                  2.54                 2.67                  5.21        0.0576           60.26
   13       4            8.6466          49.4213             0.0202                  1.23                 1.29                  2.52        0.0521           42.75
   14       4            9.0114          51.6985             0.0193                  3.32                 3.10                  6.42        0.0530           43.13
   15       4            8.9325          51.3998             0.0195                  3.32                 3.43                  6.75        0.0530           41.39
   16       5            8.9094          50.4293             0.0198                  3.32                 3.49                  6.81        0.0521           41.40

Summary Statistics:
------------------------------------------------------------------------------------------------------------------------
            Comp     Groups  Wall Time/Evt (s)  CPU Time/Evt (s)  Throughput (evt/s)  Write Remote (MB/evt)  Read Remote (MB/evt)  Net Transfer (MB/evt)  CPU Cores/Evt  Memory/Evt (MB)
count  16.000000  16.000000          16.000000         16.000000           16.000000              16.000000             16.000000              16.000000      16.000000        16.000000
mean    8.500000   3.000000           9.160796         58.283907            0.017514               1.884602              1.746928               3.631529       0.057687        53.607825
std     4.760952   1.032796           0.399708          9.108098            0.002450               1.152060              1.233115               2.376612       0.006081        11.239004
min     1.000000   1.000000           8.646635         49.421333            0.012803               0.449156              0.000000               0.449184       0.052088        41.386600
25%     4.750000   2.000000           8.926730         51.324959            0.016240               1.034912              0.733171               1.768170       0.052962        43.032950
50%     8.500000   3.000000           9.112232         55.146104            0.018184               1.884541              1.748073               3.632769       0.055263        52.479600
75%    12.250000   4.000000           9.243997         61.735627            0.019484               2.734183              2.759558               5.493710       0.060192        63.247700
max    16.000000   5.000000          10.274334         78.105017            0.020234               3.320233              3.493970               6.814203       0.068334        68.334400
