Workflow Construction Summary Table
========================================================================================================================

 Comp  Groups Wall Time/Evt (s) CPU Time/Evt (s) Throughput (evt/s) Write Remote (MB/evt) Read Remote (MB/evt) Net Transfer (MB/evt) CPU Cores/Evt Memory/Evt (MB)
    1       1            9.6815          66.7937             0.0150                  0.45                 0.00                  0.45        0.0026            2.65
    2       2            9.6692          66.7114             0.0150                  0.45                 0.06                  0.51        0.0027            2.68
    3       2            9.6807          66.8232             0.0150                  0.45                 0.43                  0.88        0.0027            2.66
    4       2           10.1971          70.3730             0.0142                  2.54                 2.46                  5.00        0.0027            2.66
    5       2            9.8128          67.6713             0.0148                  1.23                 0.91                  2.14        0.0026            2.65
    6       3            9.6493          66.6032             0.0150                  0.45                 0.49                  0.94        0.0027            2.68
    7       3           10.1878          70.3440             0.0142                  2.54                 2.53                  5.07        0.0027            2.68
    8       3            9.8180          67.8125             0.0147                  1.23                 1.00                  2.23        0.0027            2.69
    9       3           10.2494          70.7030             0.0141                  2.54                 2.94                  5.48        0.0027            2.69
   10       3            9.8333          67.8558             0.0147                  1.22                 1.35                  2.58        0.0027            2.68
   11       3           10.4011          71.7732             0.0139                  3.32                 3.39                  6.71        0.0027            2.68
   12       4           10.2483          70.7205             0.0141                  2.54                 3.01                  5.55        0.0027            2.70
   13       4            9.8395          67.7829             0.0148                  1.22                 1.41                  2.63        0.0027            2.72
   14       4           10.3976          71.7685             0.0139                  3.32                 3.45                  6.77        0.0027            2.73
   15       4           10.4128          71.9406             0.0139                  3.32                 3.83                  7.15        0.0027            2.69
   16       5           10.4129          71.8182             0.0139                  3.27                 3.86                  7.13        0.0027            2.73

Summary Statistics:
------------------------------------------------------------------------------------------------------------------------
            Comp     Groups  Wall Time/Evt (s)  CPU Time/Evt (s)  Throughput (evt/s)  Write Remote (MB/evt)  Read Remote (MB/evt)  Net Transfer (MB/evt)  CPU Cores/Evt  Memory/Evt (MB)
count  16.000000  16.000000          16.000000         16.000000           16.000000              16.000000             16.000000              16.000000      16.000000        16.000000
mean    8.500000   3.000000          10.030697         69.218449            0.014460               1.879990              1.945645               3.825635       0.002685         2.685500
std     4.760952   1.032796           0.305534          2.117980            0.000442               1.148561              1.382091               2.521530       0.000025         0.024566
min     1.000000   1.000000           9.649320         66.603221            0.013900               0.447553              0.000000               0.449219       0.002648         2.648000
25%     4.750000   2.000000           9.779944         67.459269            0.014089               1.027708              0.807193               1.838803       0.002676         2.676000
50%     8.500000   3.000000          10.013655         69.099908            0.014476               1.884766              1.936322               3.816122       0.002680         2.680000
75%    12.250000   4.000000          10.286452         70.982507            0.014824               2.720696              3.102468               5.836843       0.002692         2.692000
max    16.000000   5.000000          10.412888         71.940614            0.015014               3.320312              3.862176               7.148655       0.002728         2.728000
