Workflow Construction Summary Table
========================================================================================================================

 Comp  Groups Wall Time/Evt (s) CPU Time/Evt (s) Throughput (evt/s) Write Remote (MB/evt) Read Remote (MB/evt) Net Transfer (MB/evt) CPU Cores/Evt Memory/Evt (MB)
    1       1            7.8118          61.1690             0.0163                  0.45                 0.00                  0.45        0.0160           16.04
    2       2            7.6896          60.2114             0.0166                  0.45                 0.06                  0.51        0.0160           16.05
    3       2            7.5684          59.2634             0.0169                  0.45                 0.38                  0.83        0.0161           16.06
    4       2            7.5296          58.9587             0.0170                  2.54                 2.13                  4.67        0.0160           16.04
    5       2            7.5093          58.7985             0.0170                  1.23                 0.80                  2.03        0.0160           16.02
    6       3            7.5621          59.2141             0.0169                  0.45                 0.45                  0.90        0.0161           16.07
    7       3            7.4920          58.6740             0.0170                  2.54                 2.20                  4.74        0.0160           16.05
    8       3            7.4543          58.3680             0.0171                  1.23                 0.86                  2.09        0.0160           16.04
    9       3            7.4709          58.4988             0.0171                  2.54                 2.52                  5.06        0.0160           16.05
   10       3            7.4053          57.9842             0.0172                  1.23                 1.19                  2.42        0.0160           16.03
   11       3            7.4606          58.4183             0.0171                  3.32                 2.93                  6.26        0.0160           16.04
   12       4            7.4646          58.4496             0.0171                  2.54                 2.59                  5.13        0.0161           16.06
   13       4            7.3990          57.9357             0.0173                  1.23                 1.25                  2.48        0.0161           16.06
   14       4            7.4259          58.1463             0.0172                  3.32                 3.00                  6.32        0.0161           16.07
   15       4            7.4001          57.9514             0.0173                  3.32                 3.32                  6.64        0.0161           16.06
   16       5            7.3957          57.9096             0.0173                  3.32                 3.39                  6.71        0.0161           16.06

Summary Statistics:
------------------------------------------------------------------------------------------------------------------------
            Comp     Groups  Wall Time/Evt (s)  CPU Time/Evt (s)  Throughput (evt/s)  Write Remote (MB/evt)  Read Remote (MB/evt)  Net Transfer (MB/evt)  CPU Cores/Evt  Memory/Evt (MB)
count  16.000000  16.000000          16.000000         16.000000           16.000000              16.000000             16.000000              16.000000      16.000000        16.000000
mean    8.500000   3.000000           7.502441         58.746946            0.017026               1.884766              1.692077               3.576843       0.016050        16.050000
std     4.760952   1.032796           0.113683          0.890133            0.000253               1.152134              1.195791               2.339466       0.000014         0.013856
min     1.000000   1.000000           7.395711         57.909597            0.016348               0.449219              0.000000               0.449219       0.016024        16.024000
25%     4.750000   2.000000           7.420772         58.105770            0.016943               1.035156              0.711000               1.746156       0.016040        16.040000
50%     8.500000   3.000000           7.467728         58.474216            0.017102               1.884766              1.691705               3.576471       0.016048        16.048000
75%    12.250000   4.000000           7.537713         59.022586            0.017210               2.734375              2.676717               5.411092       0.016058        16.058000
max    16.000000   5.000000           7.811758         61.168999            0.017268               3.320312              3.385481               6.705794       0.016072        16.072000
