Workflow Construction Summary Table
========================================================================================================================

 Comp  Groups Wall Time/Evt (s) CPU Time/Evt (s) Throughput (evt/s) Write Remote (MB/evt) Read Remote (MB/evt) Net Transfer (MB/evt) CPU Cores/Evt Memory/Evt (MB)
    1       2           41.0573        2482.7041             0.0004                  0.89                 0.55                  1.44        0.0872           87.47
    2       2           41.0573        2482.7041             0.0004                  0.89                 0.55                  1.44        0.0872           87.47
    3       3           41.0702        2481.5967             0.0004                  0.89                 0.70                  1.59        0.0871           87.37
    4       3           41.0702        2481.5967             0.0004                  0.89                 0.70                  1.59        0.0871           87.37
    5       3           40.9711        2457.4349             0.0004                  0.89                 0.70                  1.59        0.0865           86.79
    6       3           40.9711        2457.4349             0.0004                  0.89                 0.70                  1.59        0.0865           86.79
    7       3           41.0936        2479.0184             0.0004                  1.50                 1.18                  2.69        0.0870           87.31
    8       3           41.0936        2479.0184             0.0004                  1.50                 1.18                  2.69        0.0870           87.31
    9       3           40.9336        2390.5155             0.0004                  0.89                 1.10                  1.99        0.0843           84.84
   10       3           41.0682         747.2805             0.0013                  2.06                 1.75                  3.81        0.0260           34.99
   11       3           41.0682         747.2805             0.0013                  2.06                 1.75                  3.81        0.0260           34.99
   12       4           40.9977        2456.5180             0.0004                  0.89                 0.85                  1.74        0.0865           86.70
   13       4           40.9977        2456.5180             0.0004                  0.89                 0.85                  1.74        0.0865           86.70
   14       4           41.1138        2478.4502             0.0004                  1.50                 1.33                  2.84        0.0870           87.25
   15       4           41.1138        2478.4502             0.0004                  1.50                 1.33                  2.84        0.0870           87.25
   16       4           40.9436        2389.5865             0.0004                  0.89                 1.25                  2.14        0.0842           84.75
   17       4           40.9436        2389.5865             0.0004                  0.89                 1.25                  2.14        0.0842           84.75
   18       4           41.0320        2454.1834             0.0004                  1.50                 1.33                  2.84        0.0864           86.66
   19       4           41.0320        2454.1834             0.0004                  1.50                 1.33                  2.84        0.0864           86.66
   20       4           41.0770         746.3364             0.0013                  2.06                 1.90                  3.96        0.0259           34.90
   21       4           41.1443         624.5079             0.0016                  2.68                 2.38                  5.06        0.0216           34.99
   22       4           41.0770         746.3364             0.0013                  2.06                 1.90                  3.96        0.0259           34.90
   23       4           41.1443         624.5079             0.0016                  2.68                 2.38                  5.06        0.0216           34.99
   24       4           41.0584         726.4923             0.0014                  2.06                 1.90                  3.96        0.0252           34.29
   25       4           41.0584         726.4923             0.0014                  2.06                 1.90                  3.96        0.0252           34.29
   26       4           41.0922         664.1467             0.0015                  2.06                 2.30                  4.36        0.0231           32.41
   27       4           41.0051        2388.1295             0.0004                  1.50                 1.73                  3.24        0.0842           84.76
   28       5           40.9718        2388.8440             0.0004                  0.89                 1.41                  2.29        0.0842           84.68
   29       5           41.0502        2453.6102             0.0004                  1.50                 1.48                  2.99        0.0864           86.59
   30       5           41.0502        2453.6102             0.0004                  1.50                 1.48                  2.99        0.0864           86.59
   31       5           41.1511         623.3938             0.0016                  2.68                 2.53                  5.21        0.0216           34.89
   32       5           41.1511         623.3938             0.0016                  2.68                 2.53                  5.21        0.0216           34.89
   33       5           41.0770         725.4684             0.0014                  2.06                 2.05                  4.11        0.0252           34.21
   34       5           41.0770         725.4684             0.0014                  2.06                 2.05                  4.11        0.0252           34.21
   35       5           41.1034         663.0689             0.0015                  2.06                 2.45                  4.51        0.0230           32.31
   36       5           41.1034         663.0689             0.0015                  2.06                 2.45                  4.51        0.0230           32.31
   37       5           40.9938        2386.8041             0.0004                  1.50                 1.88                  3.39        0.0841           84.64
   38       5           40.9938        2386.8041             0.0004                  1.50                 1.88                  3.39        0.0841           84.64
   39       5           41.1313         603.2672             0.0017                  2.68                 2.53                  5.21        0.0209           34.28
   40       5           41.1313         603.2672             0.0017                  2.68                 2.53                  5.21        0.0209           34.28
   41       5           41.1660         540.8803             0.0018                  2.68                 2.93                  5.61        0.0187           32.39
   42       6           41.1179         662.3238             0.0015                  2.06                 2.60                  4.66        0.0230           32.24
   43       6           41.0244        2386.0683             0.0004                  1.50                 2.04                  3.54        0.0841           84.57
   44       6           41.1498         602.5254             0.0017                  2.68                 2.68                  5.36        0.0209           34.22
   45       6           41.1498         602.5254             0.0017                  2.68                 2.68                  5.36        0.0209           34.22
   46       6           41.1666         539.7452             0.0019                  2.68                 3.08                  5.76        0.0187           32.29
   47       6           41.1666         539.7452             0.0019                  2.68                 3.08                  5.76        0.0187           32.29
   48       7           41.1869         539.0029             0.0019                  2.68                 3.23                  5.91        0.0187           32.22

Summary Statistics:
------------------------------------------------------------------------------------------------------------------------
        Comp     Groups  Wall Time/Evt (s)  CPU Time/Evt (s)  Throughput (evt/s)  Write Remote (MB/evt)  Read Remote (MB/evt)  Net Transfer (MB/evt)  CPU Cores/Evt  Memory/Evt (MB)
count  48.00  48.000000          48.000000         48.000000           48.000000              48.000000             48.000000              48.000000      48.000000        48.000000
mean   24.50   4.333333          41.070810       1545.914493            0.000983               1.782451              1.801079               3.583531       0.054230        60.038925
std    14.00   1.117241           0.066611        906.805246            0.000593               0.668887              0.740848               1.382715       0.032064        26.507479
min     1.00   2.000000          40.933566        539.002885            0.000403               0.888672              0.551388               1.440060       0.018662        32.215200
25%    12.75   4.000000          41.030112        652.869838            0.000407               1.350435              1.253263               2.588966       0.022670        34.261800
50%    24.50   4.000000          41.073608       1566.674413            0.000879               1.782451              1.882136               3.676091       0.055030        59.779800
75%    36.25   5.000000          41.121293       2454.767023            0.001533               2.214468              2.453231               4.762532       0.086385        86.667100
max    48.00   7.000000          41.186889       2482.704078            0.001855               2.676230              3.233034               5.909265       0.087181        87.468800
