Workflow Construction Summary Table
========================================================================================================================

 Comp  Groups Wall Time/Evt (s) CPU Time/Evt (s) Throughput (evt/s) Write Remote (MB/evt) Read Remote (MB/evt) Net Transfer (MB/evt) CPU Cores/Evt Memory/Evt (MB)
    1       1            8.4530          66.0294             0.0151                  0.45                 0.00                  0.45        0.0323           32.29
    2       2            8.2043          63.8769             0.0157                  0.45                 0.07                  0.51        0.0322           32.16
    3       2            7.8117          46.5977             0.0215                  1.23                 0.80                  2.03        0.0250           21.15
    4       2            7.9523          60.3802             0.0166                  0.45                 0.38                  0.83        0.0313           31.35
    5       2            7.7992          51.8801             0.0193                  2.54                 2.15                  4.68        0.0275           29.35
    6       3            7.9392          59.5850             0.0168                  0.45                 0.45                  0.90        0.0309           31.35
    7       3            7.6966          46.1526             0.0217                  1.23                 0.87                  2.10        0.0250           21.01
    8       3            7.6295          45.8881             0.0218                  3.32                 2.94                  6.27        0.0250           20.49
    9       3            7.7274          51.5998             0.0194                  2.54                 2.21                  4.75        0.0275           29.24
   10       3            7.6703          51.3816             0.0195                  2.54                 2.53                  5.07        0.0275           28.41
   11       3            7.5919          45.7442             0.0219                  1.23                 1.19                  2.42        0.0250           20.20
   12       4            7.6589          50.5882             0.0198                  2.54                 2.60                  5.14        0.0271           28.42
   13       4            7.5797          44.9506             0.0222                  1.23                 1.25                  2.48        0.0246           20.21
   14       4            7.5554          45.6033             0.0219                  3.32                 3.01                  6.33        0.0250           20.37
   15       4            7.5014          45.3936             0.0220                  3.32                 3.33                  6.65        0.0250           19.55
   16       5            7.4874          44.5980             0.0224                  3.32                 3.39                  6.71        0.0246           19.56

Summary Statistics:
------------------------------------------------------------------------------------------------------------------------
            Comp     Groups  Wall Time/Evt (s)  CPU Time/Evt (s)  Throughput (evt/s)  Write Remote (MB/evt)  Read Remote (MB/evt)  Net Transfer (MB/evt)  CPU Cores/Evt  Memory/Evt (MB)
count  16.000000  16.000000          16.000000         16.000000           16.000000              16.000000             16.000000              16.000000      16.000000        16.000000
mean    8.500000   3.000000           7.766145         51.265581            0.019840               1.884766              1.697725               3.582491       0.027213        25.319975
std     4.760952   1.032796           0.262624          7.250177            0.002527               1.152134              1.198873               2.342619       0.002895         5.299634
min     1.000000   1.000000           7.487443         44.598028            0.015145               0.449219              0.000000               0.449219       0.024567        19.553200
25%     4.750000   2.000000           7.588848         45.708964            0.018652               1.035156              0.713394               1.748550       0.024971        20.330850
50%     8.500000   3.000000           7.683453         48.592970            0.020614               1.884766              1.698372               3.583137       0.026048        24.778400
75%    12.250000   4.000000           7.843586         53.806299            0.021878               2.734375              2.683484               5.417859       0.028382        29.850100
max    16.000000   5.000000           8.453029         66.029353            0.022423               3.320312              3.394293               6.714606       0.032293        32.292800
