Workflow Construction Summary Table
========================================================================================================================

 Comp  Groups Wall Time/Evt (s) CPU Time/Evt (s) Throughput (evt/s) Write Remote (MB/evt) Read Remote (MB/evt) Net Transfer (MB/evt) CPU Cores/Evt Memory/Evt (MB)
    1       1            9.1715          64.5918             0.0155                  0.45                 0.00                  0.45        0.0025            2.52
    2       2            9.1533          64.4629             0.0155                  0.45                 0.07                  0.52        0.0025            2.53
    3       2            9.0984          64.2095             0.0156                  1.23                 0.90                  2.13        0.0025            2.51
    4       2            9.1253          64.3037             0.0156                  0.45                 0.43                  0.88        0.0025            2.52
    5       2            9.1738          64.6123             0.0155                  2.54                 2.41                  4.94        0.0025            2.52
    6       3            9.1311          64.3263             0.0155                  0.45                 0.51                  0.96        0.0025            2.53
    7       3            9.0827          64.1223             0.0156                  1.23                 0.96                  2.19        0.0025            2.52
    8       3            9.0792          64.2558             0.0156                  3.32                 3.28                  6.60        0.0025            2.50
    9       3            9.1633          64.5559             0.0155                  2.54                 2.47                  5.01        0.0025            2.53
   10       3            9.1396          64.4607             0.0155                  2.54                 2.83                  5.37        0.0025            2.52
   11       3            9.0719          64.0670             0.0156                  1.23                 1.32                  2.55        0.0025            2.51
   12       4            9.1365          64.4475             0.0155                  2.54                 2.89                  5.43        0.0025            2.53
   13       4            9.0693          64.0556             0.0156                  1.23                 1.39                  2.62        0.0025            2.52
   14       4            9.0701          64.2048             0.0156                  3.32                 3.34                  6.66        0.0025            2.51
   15       4            9.0815          64.2502             0.0156                  3.32                 3.71                  7.03        0.0025            2.51
   16       5            9.0781          64.2356             0.0156                  3.32                 3.78                  7.11        0.0025            2.51

Summary Statistics:
------------------------------------------------------------------------------------------------------------------------
            Comp     Groups  Wall Time/Evt (s)  CPU Time/Evt (s)  Throughput (evt/s)  Write Remote (MB/evt)  Read Remote (MB/evt)  Net Transfer (MB/evt)  CPU Cores/Evt  Memory/Evt (MB)
count  16.000000  16.000000          16.000000         16.000000           16.000000              16.000000             16.000000              16.000000      16.000000        16.000000
mean    8.500000   3.000000           9.114110         64.322613            0.015547               1.884766              1.892549               3.777315       0.002519         2.518900
std     4.760952   1.032796           0.039095          0.180053            0.000043               1.152134              1.337046               2.480369       0.000009         0.009102
min     1.000000   1.000000           9.069284         64.055581            0.015477               0.449219              0.000000               0.449219       0.002502         2.502400
25%     4.750000   2.000000           9.078914         64.208312            0.015513               1.035156              0.798264               1.833420       0.002512         2.512000
50%     8.500000   3.000000           9.111875         64.279750            0.015557               1.884766              1.897169               3.781934       0.002519         2.519200
75%    12.250000   4.000000           9.143055         64.461257            0.015574               2.734375              2.986289               5.720664       0.002526         2.525600
max    16.000000   5.000000           9.173802         64.612314            0.015611               3.320312              3.784848               7.105161       0.002534         2.534400
