Workflow Construction Summary Table
========================================================================================================================

 Comp  Groups Wall Time/Evt (s) CPU Time/Evt (s) Throughput (evt/s) Write Remote (MB/evt) Read Remote (MB/evt) Net Transfer (MB/evt) CPU Cores/Evt Memory/Evt (MB)
    1       1            8.9376         543.7274             0.0018                  0.45                 0.00                  0.45        0.2732          273.16
    2       2            8.6734         524.4379             0.0019                  0.45                 0.07                  0.52        0.2711          271.26
    3       2            8.2559         241.5019             0.0041                  1.23                 0.82                  2.06        0.1249          127.28
    4       2            8.4076         484.6876             0.0021                  0.45                 0.39                  0.84        0.2583          259.82
    5       2            8.2313         192.6742             0.0052                  2.54                 2.21                  4.74        0.1031          127.28
    6       3            8.3935         484.6327             0.0021                  0.45                 0.46                  0.91        0.2584          259.77
    7       3            8.1367         231.0026             0.0043                  1.23                 0.89                  2.12        0.1230          125.46
    8       3            8.0529         162.3164             0.0062                  3.32                 3.03                  6.35        0.0868           94.51
    9       3            8.1528         184.7639             0.0054                  2.54                 2.27                  4.81        0.1013          125.55
   10       3            8.0896         157.5758             0.0063                  2.54                 2.60                  5.14        0.0884          113.96
   11       3            8.0228         200.4776             0.0050                  1.23                 1.22                  2.45        0.1101          113.91
   12       4            8.0764         157.4423             0.0064                  2.54                 2.67                  5.21        0.0883          113.81
   13       4            8.0078         200.4586             0.0050                  1.23                 1.29                  2.52        0.1101          113.89
   14       4            7.9741         154.3376             0.0065                  3.32                 3.09                  6.41        0.0848           92.69
   15       4            7.9134         127.2284             0.0079                  3.32                 3.42                  6.74        0.0720           81.21
   16       5            7.8995         127.1428             0.0079                  3.32                 3.49                  6.81        0.0720           81.12

Summary Statistics:
------------------------------------------------------------------------------------------------------------------------
            Comp     Groups  Wall Time/Evt (s)  CPU Time/Evt (s)  Throughput (evt/s)  Write Remote (MB/evt)  Read Remote (MB/evt)  Net Transfer (MB/evt)  CPU Cores/Evt  Memory/Evt (MB)
count  16.000000  16.000000          16.000000         16.000000           16.000000              16.000000             16.000000              16.000000      16.000000        16.000000
mean    8.500000   3.000000           8.201571        260.900493            0.004874               1.884766              1.745334               3.630100       0.139110       148.417800
std     4.760952   1.032796           0.282843        152.056823            0.002025               1.152134              1.232555               2.376206       0.076839        71.753129
min     1.000000   1.000000           7.899493        127.142849            0.001839               0.449219              0.000000               0.449219       0.071954        81.116800
25%     4.750000   2.000000           8.019029        157.542468            0.003621               1.035156              0.733843               1.769000       0.087900       108.989200
50%     8.500000   3.000000           8.113103        196.566396            0.005089               1.884766              1.745926               3.630691       0.106621       119.709200
75%    12.250000   4.000000           8.290290        302.284618            0.006347               2.734375              2.758719               5.493094       0.158293       160.404900
max    16.000000   5.000000           8.937578        543.727449            0.007865               3.320312              3.488962               6.809275       0.273165       273.164800
