Workflow Construction Summary Table
========================================================================================================================

 Comp  Groups Wall Time/Evt (s) CPU Time/Evt (s) Throughput (evt/s) Write Remote (MB/evt) Read Remote (MB/evt) Net Transfer (MB/evt) CPU Cores/Evt Memory/Evt (MB)
    1       1            9.5132          66.8034             0.0150                  0.45                 0.00                  0.45        0.0102           10.15
    2       2            9.4348          66.0238             0.0151                  0.45                 0.07                  0.52        0.0101           10.12
    3       2            9.2913          50.3927             0.0198                  1.23                 0.91                  2.14        0.0078            6.66
    4       2            9.3455          63.7760             0.0157                  0.45                 0.44                  0.88        0.0099            9.85
    5       2            9.2992          55.8107             0.0179                  2.54                 2.42                  4.96        0.0087            9.24
    6       3            9.3451          62.9675             0.0159                  0.45                 0.51                  0.96        0.0097            9.86
    7       3            9.2538          50.2703             0.0199                  1.23                 0.98                  2.21        0.0078            6.63
    8       3            9.2442          50.2430             0.0199                  3.32                 3.34                  6.66        0.0079            6.47
    9       3            9.2834          55.7420             0.0179                  2.54                 2.50                  5.04        0.0087            9.22
   10       3            9.2571          55.6636             0.0180                  2.54                 2.86                  5.40        0.0087            8.96
   11       3            9.2090          50.1539             0.0199                  1.23                 1.34                  2.57        0.0078            6.35
   12       4            9.2529          54.8436             0.0182                  2.54                 2.94                  5.47        0.0086            8.96
   13       4            9.2086          49.3395             0.0203                  1.23                 1.42                  2.65        0.0077            6.36
   14       4            9.2148          50.1267             0.0199                  3.32                 3.42                  6.74        0.0079            6.43
   15       4            9.1862          50.0642             0.0200                  3.32                 3.77                  7.09        0.0079            6.16
   16       5            9.1804          49.2231             0.0203                  3.32                 3.84                  7.16        0.0077            6.16

Summary Statistics:
------------------------------------------------------------------------------------------------------------------------
            Comp     Groups  Wall Time/Evt (s)  CPU Time/Evt (s)  Throughput (evt/s)  Write Remote (MB/evt)  Read Remote (MB/evt)  Net Transfer (MB/evt)  CPU Cores/Evt  Memory/Evt (MB)
count  16.000000  16.000000          16.000000         16.000000           16.000000              16.000000             16.000000              16.000000      16.000000        16.000000
mean    8.500000   3.000000           9.282483         55.090248            0.018364               1.884766              1.921795               3.806561       0.008563         7.973712
std     4.760952   1.032796           0.090764          6.356741            0.001962               1.152134              1.358196               2.501571       0.000911         1.663655
min     1.000000   1.000000           9.180438         49.223123            0.014969               0.449219              0.000000               0.449219       0.007726         6.157600
25%     4.750000   2.000000           9.213335         50.147073            0.017409               1.035156              0.808944               1.844100       0.007848         6.414750
50%     8.500000   3.000000           9.255471         52.618166            0.019039               1.884766              1.919880               3.804646       0.008207         7.808600
75%    12.250000   4.000000           9.310685         57.599909            0.019941               2.734375              3.036793               5.771168       0.008944         9.396800
max    16.000000   5.000000           9.513176         66.803443            0.020316               3.320312              3.840808               7.161121       0.010152        10.152000
