Workflow Construction Summary Table
========================================================================================================================

 Comp  Groups Wall Time/Evt (s) CPU Time/Evt (s) Throughput (evt/s) Write Remote (MB/evt) Read Remote (MB/evt) Net Transfer (MB/evt) CPU Cores/Evt Memory/Evt (MB)
    1       1            8.4623          66.0826             0.0151                  0.45                 0.00                  0.45        0.0323           32.31
    2       2            8.2151          63.9353             0.0156                  0.45                 0.07                  0.51        0.0322           32.18
    3       2            7.9676          60.4528             0.0165                  0.45                 0.38                  0.83        0.0314           31.38
    4       2            7.8462          52.1359             0.0192                  2.54                 2.15                  4.69        0.0275           29.36
    5       2            7.8348          46.7089             0.0214                  1.23                 0.80                  2.03        0.0250           21.17
    6       3            7.9541          59.6445             0.0168                  0.45                 0.45                  0.90        0.0310           31.37
    7       3            7.7752          51.8587             0.0193                  2.54                 2.21                  4.75        0.0275           29.25
    8       3            7.7225          46.2707             0.0216                  1.23                 0.87                  2.10        0.0250           21.03
    9       3            7.7237          51.6547             0.0194                  2.54                 2.53                  5.07        0.0275           28.42
   10       3            7.6211          45.8744             0.0218                  1.23                 1.19                  2.42        0.0250           20.22
   11       3            7.6912          46.1503             0.0217                  3.32                 2.95                  6.27        0.0250           20.51
   12       4            7.7105          50.8500             0.0197                  2.54                 2.60                  5.14        0.0271           28.43
   13       4            7.6073          45.0711             0.0222                  1.23                 1.25                  2.48        0.0246           20.23
   14       4            7.6207          45.8754             0.0218                  3.32                 3.01                  6.33        0.0250           20.39
   15       4            7.5698          45.6765             0.0219                  3.32                 3.33                  6.65        0.0250           19.57
   16       5            7.5568          44.8761             0.0223                  3.32                 3.40                  6.72        0.0246           19.58

Summary Statistics:
------------------------------------------------------------------------------------------------------------------------
            Comp     Groups  Wall Time/Evt (s)  CPU Time/Evt (s)  Throughput (evt/s)  Write Remote (MB/evt)  Read Remote (MB/evt)  Net Transfer (MB/evt)  CPU Cores/Evt  Memory/Evt (MB)
count  16.000000  16.000000          16.000000         16.000000           16.000000              16.000000             16.000000              16.000000      16.000000        16.000000
mean    8.500000   3.000000           7.804938         51.444871            0.019764               1.884758              1.699379               3.584137       0.027226        25.337787
std     4.760952   1.032796           0.246502          7.192730            0.002495               1.152130              1.199837               2.343546       0.002899         5.300238
min     1.000000   1.000000           7.556814         44.876069            0.015133               0.449219              0.000000               0.449219       0.024579        19.566600
25%     4.750000   2.000000           7.620986         45.875174            0.018577               1.035119              0.714050               1.749206       0.024984        20.352900
50%     8.500000   3.000000           7.723126         48.779482            0.020537               1.884766              1.699414               3.584154       0.026055        24.793700
75%    12.250000   4.000000           7.873167         54.013021            0.021798               2.734357              2.685438               5.419795       0.028394        29.865600
max    16.000000   5.000000           8.462301         66.082611            0.022284               3.320312              3.398252               6.718565       0.032312        32.312000
