Workflow Construction Summary Table
========================================================================================================================

 Comp  Groups Wall Time/Evt (s) CPU Time/Evt (s) Throughput (evt/s) Write Remote (MB/evt) Read Remote (MB/evt) Net Transfer (MB/evt) CPU Cores/Evt Memory/Evt (MB)
    1       1            7.1921          57.5371             0.0174                  0.45                 0.00                  0.45        0.0077            7.67
    2       2            7.1339          57.0714             0.0175                  0.45                 0.06                  0.51        0.0077            7.67
    3       2            7.0775          56.6203             0.0177                  0.45                 0.38                  0.83        0.0077            7.67
    4       2            7.0780          56.6239             0.0177                  2.54                 2.09                  4.63        0.0077            7.67
    5       2            7.0552          56.4415             0.0177                  1.23                 0.78                  2.01        0.0077            7.67
    6       3            7.0748          56.5988             0.0177                  0.45                 0.44                  0.89        0.0077            7.67
    7       3            7.0616          56.4925             0.0177                  2.54                 2.15                  4.69        0.0077            7.67
    8       3            7.0291          56.2331             0.0178                  1.23                 0.84                  2.08        0.0077            7.67
    9       3            7.0518          56.4141             0.0177                  2.54                 2.47                  5.00        0.0077            7.67
   10       3            7.0073          56.0580             0.0178                  1.23                 1.16                  2.39        0.0077            7.67
   11       3            7.0528          56.4221             0.0177                  3.32                 2.87                  6.19        0.0077            7.67
   12       4            7.0491          56.3926             0.0177                  2.54                 2.53                  5.07        0.0077            7.67
   13       4            7.0046          56.0365             0.0178                  1.23                 1.22                  2.45        0.0077            7.67
   14       4            7.0363          56.2907             0.0178                  3.32                 2.93                  6.25        0.0077            7.67
   15       4            7.0265          56.2123             0.0178                  3.32                 3.25                  6.57        0.0077            7.67
   16       5            7.0238          56.1908             0.0178                  3.32                 3.31                  6.63        0.0077            7.67

Summary Statistics:
------------------------------------------------------------------------------------------------------------------------
            Comp     Groups  Wall Time/Evt (s)  CPU Time/Evt (s)  Throughput (evt/s)  Write Remote (MB/evt)  Read Remote (MB/evt)  Net Transfer (MB/evt)  CPU Cores/Evt  Memory/Evt (MB)
count  16.000000  16.000000          16.000000         16.000000           16.000000              16.000000             16.000000              16.000000      16.000000        16.000000
mean    8.500000   3.000000           7.059654         56.477229            0.017707               1.884766              1.655273               3.540039       0.007671         7.670700
std     4.760952   1.032796           0.047493          0.379946            0.000118               1.152134              1.168838               2.312666       0.000001         0.001335
min     1.000000   1.000000           7.004564         56.036510            0.017380               0.449219              0.000000               0.449219       0.007669         7.668800
25%     4.750000   2.000000           7.028486         56.227891            0.017667               1.035156              0.695801               1.730957       0.007670         7.670400
50%     8.500000   3.000000           7.052263         56.418108            0.017725               1.884766              1.655273               3.540039       0.007670         7.670400
75%    12.250000   4.000000           7.075519         56.604152            0.017785               2.734375              2.614746               5.349121       0.007672         7.672000
max    16.000000   5.000000           7.192132         57.537058            0.017846               3.320312              3.310547               6.630859       0.007674         7.673600
