Workflow Construction Summary Table
========================================================================================================================

 Comp  Groups Wall Time/Evt (s) CPU Time/Evt (s) Throughput (evt/s) Write Remote (MB/evt) Read Remote (MB/evt) Net Transfer (MB/evt) CPU Cores/Evt Memory/Evt (MB)
    1       1            7.6919          58.4816             0.0171                  0.45                 0.00                  0.45        0.0007            0.71
    2       2            7.6872          58.4456             0.0171                  0.45                 0.06                  0.51        0.0007            0.71
    3       2            7.6853          58.4308             0.0171                  0.45                 0.40                  0.85        0.0007            0.71
    4       2            7.7234          58.7229             0.0170                  2.54                 2.17                  4.71        0.0007            0.71
    5       2            7.6949          58.5055             0.0171                  1.23                 0.82                  2.05        0.0007            0.71
    6       3            7.6836          58.4257             0.0171                  0.45                 0.47                  0.92        0.0007            0.72
    7       3            7.7111          58.6704             0.0170                  2.54                 2.23                  4.77        0.0007            0.72
    8       3            7.6932          58.4923             0.0171                  1.23                 0.88                  2.11        0.0007            0.72
    9       3            7.7094          58.6719             0.0170                  2.54                 2.56                  5.10        0.0007            0.71
   10       3            7.6945          58.5017             0.0171                  1.23                 1.22                  2.45        0.0007            0.72
   11       3            7.7371          58.8267             0.0170                  3.32                 3.00                  6.32        0.0007            0.71
   12       4            7.7205          58.7177             0.0170                  2.54                 2.63                  5.17        0.0007            0.72
   13       4            7.6949          58.5048             0.0171                  1.23                 1.28                  2.51        0.0007            0.72
   14       4            7.7213          58.7602             0.0170                  3.32                 3.06                  6.38        0.0007            0.72
   15       4            7.7382          58.8360             0.0170                  3.32                 3.39                  6.71        0.0007            0.71
   16       5            7.7386          58.8390             0.0170                  3.32                 3.46                  6.78        0.0007            0.72

Summary Statistics:
------------------------------------------------------------------------------------------------------------------------
            Comp     Groups  Wall Time/Evt (s)  CPU Time/Evt (s)  Throughput (evt/s)  Write Remote (MB/evt)  Read Remote (MB/evt)  Net Transfer (MB/evt)  CPU Cores/Evt  Memory/Evt (MB)
count  16.000000  16.000000          16.000000         16.000000           16.000000              16.000000             16.000000              16.000000      16.000000        16.000000
mean    8.500000   3.000000           7.707819         58.614546            0.017061               1.884766              1.727315               3.612080       0.000715         0.714800
std     4.760952   1.032796           0.019704          0.155287            0.000045               1.152134              1.217817               2.361198       0.000002         0.002373
min     1.000000   1.000000           7.683639         58.425688            0.016996               0.449219              0.000000               0.449219       0.000710         0.710400
25%     4.750000   2.000000           7.692894         58.489648            0.017026               1.035156              0.728622               1.763778       0.000714         0.713600
50%     8.500000   3.000000           7.702164         58.587975            0.017068               1.884766              1.727321               3.612087       0.000714         0.714400
75%    12.250000   4.000000           7.721814         58.732213            0.017097               2.734375              2.724094               5.458469       0.000716         0.715600
max    16.000000   5.000000           7.738606         58.839002            0.017116               3.320312              3.460341               6.780653       0.000720         0.720000
