Workflow Construction Summary Table
========================================================================================================================

 Comp  Groups Wall Time/Evt (s) CPU Time/Evt (s) Throughput (evt/s) Write Remote (MB/evt) Read Remote (MB/evt) Net Transfer (MB/evt) CPU Cores/Evt Memory/Evt (MB)
    1       1            9.5732          66.5300             0.0150                  0.45                 0.00                  0.45        0.0052            5.18
    2       2            9.5433          66.3777             0.0151                  0.45                 0.06                  0.51        0.0052            5.20
    3       2            9.4854          65.9177             0.0152                  0.45                 0.42                  0.86        0.0052            5.17
    4       2           10.0753          69.9515             0.0143                  2.54                 2.44                  4.98        0.0052            5.22
    5       2            9.6637          67.1521             0.0149                  1.22                 0.90                  2.12        0.0052            5.18
    6       3            9.4980          65.9870             0.0152                  0.45                 0.50                  0.94        0.0052            5.18
    7       3           10.0399          69.8013             0.0143                  2.54                 2.51                  5.04        0.0052            5.22
    8       3            9.6582          67.1631             0.0149                  1.22                 0.99                  2.21        0.0052            5.22
    9       3           10.0376          69.7718             0.0143                  2.52                 2.85                  5.37        0.0052            5.20
   10       3            9.6687          67.1601             0.0149                  1.22                 1.33                  2.55        0.0052            5.22
   11       3           10.1856          70.8718             0.0141                  3.29                 3.33                  6.62        0.0052            5.24
   12       4           10.0547          69.8564             0.0143                  2.52                 2.92                  5.45        0.0052            5.23
   13       4            9.7060          67.3866             0.0148                  1.22                 1.41                  2.63        0.0052            5.25
   14       4           10.2353          71.1921             0.0140                  3.32                 3.45                  6.77        0.0052            5.24
   15       4           10.2155          71.0942             0.0141                  3.31                 3.80                  7.12        0.0052            5.24
   16       5           10.2546          71.2039             0.0140                  3.31                 3.89                  7.20        0.0053            5.30

Summary Statistics:
------------------------------------------------------------------------------------------------------------------------
            Comp     Groups  Wall Time/Evt (s)  CPU Time/Evt (s)  Throughput (evt/s)  Write Remote (MB/evt)  Read Remote (MB/evt)  Net Transfer (MB/evt)  CPU Cores/Evt  Memory/Evt (MB)
count  16.000000  16.000000          16.000000         16.000000           16.000000              16.000000             16.000000              16.000000      16.000000        16.000000
mean    8.500000   3.000000           9.868435         68.588590            0.014592               1.876981              1.925050               3.802031       0.005220         5.219500
std     4.760952   1.032796           0.290927          2.033934            0.000432               1.149060              1.369692               2.510095       0.000033         0.033303
min     1.000000   1.000000           9.485373         65.917714            0.014044               0.445055              0.000000               0.447345       0.005168         5.168000
25%     4.750000   2.000000           9.636956         66.996583            0.014249               1.027477              0.800369               1.828479       0.005196         5.196000
50%     8.500000   3.000000           9.871813         68.579213            0.014586               1.873974              1.926733               3.806396       0.005224         5.224000
75%    12.250000   4.000000          10.102871         70.181601            0.014926               2.724370              3.024813               5.739861       0.005240         5.240000
max    16.000000   5.000000          10.254616         71.203896            0.015170               3.320312              3.888253               7.199261       0.005304         5.304000
