Workflow Construction Summary Table
========================================================================================================================

 Comp  Groups Wall Time/Evt (s) CPU Time/Evt (s) Throughput (evt/s) Write Remote (MB/evt) Read Remote (MB/evt) Net Transfer (MB/evt) CPU Cores/Evt Memory/Evt (MB)
    1       1            7.0804         450.3448             0.0022                  0.45                 0.00                  0.45        0.0104           10.36
    2       2            7.0768         446.6759             0.0022                  0.45                 0.06                  0.51        0.0103           10.29
    3       2            7.0980         424.7176             0.0024                  0.45                 0.38                  0.83        0.0098            9.86
    4       2            7.2124         211.8776             0.0047                  1.23                 0.78                  2.01        0.0047            4.81
    5       2            7.4759         186.4033             0.0054                  2.54                 2.09                  4.63        0.0039            4.83
    6       3            7.1038         424.7408             0.0024                  0.45                 0.44                  0.89        0.0098            9.86
    7       3            7.2143         208.5538             0.0048                  1.23                 0.85                  2.08        0.0047            4.75
    8       3            7.4795         183.1850             0.0055                  2.54                 2.16                  4.70        0.0038            4.78
    9       3            7.2414         186.9682             0.0053                  1.23                 1.16                  2.39        0.0042            4.31
   10       3            7.5088         161.7339             0.0062                  2.54                 2.47                  5.01        0.0034            4.33
   11       3            7.6257         160.1712             0.0062                  3.32                 2.88                  6.20        0.0033            3.59
   12       4            7.2472         186.9913             0.0053                  1.23                 1.22                  2.45        0.0042            4.30
   13       4            7.5145         161.7570             0.0062                  2.54                 2.53                  5.07        0.0034            4.33
   14       4            7.6291         156.9490             0.0064                  3.32                 2.94                  6.26        0.0032            3.51
   15       4            7.6585         135.4994             0.0074                  3.32                 3.26                  6.58        0.0027            3.08
   16       5            7.6643         135.5226             0.0074                  3.32                 3.32                  6.64        0.0027            3.08

Summary Statistics:
------------------------------------------------------------------------------------------------------------------------
            Comp     Groups  Wall Time/Evt (s)  CPU Time/Evt (s)  Throughput (evt/s)  Write Remote (MB/evt)  Read Remote (MB/evt)  Net Transfer (MB/evt)  CPU Cores/Evt  Memory/Evt (MB)
count  16.000000  16.000000          16.000000         16.000000           16.000000              16.000000             16.000000              16.000000      16.000000        16.000000
mean    8.500000   3.000000           7.364416        238.880709            0.004996               1.884766              1.659181               3.543947       0.005273         5.629850
std     4.760952   1.032796           0.225166        120.012692            0.001781               1.152134              1.171981               2.315815       0.002916         2.721864
min     1.000000   1.000000           7.076844        135.499380            0.002221               0.449219              0.000000               0.449219       0.002729         3.082800
25%     4.750000   2.000000           7.185273        161.343188            0.004128               1.035156              0.697434               1.732590       0.003339         4.125900
50%     8.500000   3.000000           7.361562        186.685772            0.005357               1.884766              1.658780               3.543546       0.004033         4.540600
75%    12.250000   4.000000           7.542329        265.087604            0.006198               2.734375              2.620874               5.355249       0.005993         6.086500
max    16.000000   5.000000           7.664259        450.344773            0.007380               3.320312              3.319258               6.639570       0.010355        10.355200
