Workflow Construction Summary Table
========================================================================================================================

 Comp  Groups Wall Time/Evt (s) CPU Time/Evt (s) Throughput (evt/s) Write Remote (MB/evt) Read Remote (MB/evt) Net Transfer (MB/evt) CPU Cores/Evt Memory/Evt (MB)
    1       2           51.8154         357.3577             0.0028                  0.89                 0.62                  1.51        0.0140           14.26
    2       2           51.8154         357.3577             0.0028                  0.89                 0.62                  1.51        0.0140           13.89
    3       3           51.7997         357.3122             0.0028                  0.89                 0.79                  1.68        0.0140           14.26
    4       3           51.7997         357.3122             0.0028                  0.89                 0.79                  1.68        0.0140           13.89
    5       3           51.7102         355.2942             0.0028                  0.89                 0.79                  1.67        0.0140           14.18
    6       3           51.7102         355.2942             0.0028                  0.89                 0.79                  1.67        0.0140           13.91
    7       3           51.6695         181.5301             0.0055                  1.50                 1.34                  2.85        0.0071           14.23
    8       3           51.6695         181.5301             0.0055                  1.50                 1.34                  2.85        0.0071           13.86
    9       3           51.6182         349.9328             0.0029                  0.89                 1.24                  2.13        0.0138           13.90
   10       3           51.5424         321.1830             0.0031                  2.06                 1.99                  4.05        0.0127           14.27
   11       3           51.5424         321.1830             0.0031                  2.06                 1.99                  4.05        0.0127           13.89
   12       4           51.7222         355.3390             0.0028                  0.89                 0.96                  1.84        0.0140           14.20
   13       4           51.7222         355.3390             0.0028                  0.89                 0.96                  1.84        0.0140           13.91
   14       4           51.5767         181.3687             0.0055                  1.50                 1.51                  3.02        0.0071           14.21
   15       4           51.5767         181.3687             0.0055                  1.50                 1.51                  3.02        0.0071           13.84
   16       4           51.5926         349.8326             0.0029                  0.89                 1.41                  2.30        0.0138           13.91
   17       4           51.5926         349.8326             0.0029                  0.89                 1.41                  2.30        0.0138           13.89
   18       4           51.5890         181.2009             0.0055                  1.50                 1.50                  3.01        0.0071           14.17
   19       4           51.5890         181.2009             0.0055                  1.50                 1.50                  3.01        0.0071           13.88
   20       4           51.5376         321.1475             0.0031                  2.06                 2.17                  4.23        0.0127           14.27
   21       4           51.3486         180.5164             0.0055                  2.68                 2.70                  5.37        0.0071           14.21
   22       4           51.5376         321.1475             0.0031                  2.06                 2.17                  4.23        0.0127           13.89
   23       4           51.3486         180.5164             0.0055                  2.68                 2.70                  5.37        0.0071           13.85
   24       4           51.4585         320.9399             0.0031                  2.06                 2.16                  4.22        0.0127           14.17
   25       4           51.4585         320.9399             0.0031                  2.06                 2.16                  4.22        0.0127           13.88
   26       4           51.3596         320.6683             0.0031                  2.06                 2.60                  4.66        0.0126           13.88
   27       4           51.4652         180.8080             0.0055                  1.50                 1.97                  3.48        0.0071           13.87
   28       5           51.6024         349.8847             0.0029                  0.89                 1.58                  2.46        0.0138           13.90
   29       5           51.5937         181.2079             0.0055                  1.50                 1.68                  3.18        0.0071           14.18
   30       5           51.5937         181.2079             0.0055                  1.50                 1.68                  3.18        0.0071           13.88
   31       5           51.2954         180.4075             0.0055                  2.68                 2.85                  5.52        0.0071           14.21
   32       5           51.2954         180.4075             0.0055                  2.68                 2.85                  5.52        0.0071           13.85
   33       5           51.5090         321.0848             0.0031                  2.06                 2.33                  4.39        0.0127           14.18
   34       5           51.5090         321.0848             0.0031                  2.06                 2.33                  4.39        0.0127           13.91
   35       5           51.3547         320.5984             0.0031                  2.06                 2.77                  4.83        0.0126           13.86
   36       5           51.3547         320.5984             0.0031                  2.06                 2.77                  4.83        0.0126           13.87
   37       5           51.4343         180.7437             0.0055                  1.50                 2.15                  3.65        0.0071           13.87
   38       5           51.4343         180.7437             0.0055                  1.50                 2.15                  3.65        0.0071           13.85
   39       5           51.2881         180.3667             0.0055                  2.68                 2.86                  5.53        0.0071           14.11
   40       5           51.2881         180.3667             0.0055                  2.68                 2.86                  5.53        0.0071           13.86
   41       5           51.2339         180.2424             0.0055                  2.68                 3.32                  6.00        0.0071           13.81
   42       6           51.3567         320.6692             0.0031                  2.06                 2.93                  4.99        0.0127           13.88
   43       6           51.4553         180.7833             0.0055                  1.50                 2.32                  3.82        0.0071           13.85
   44       6           51.3198         180.4278             0.0055                  2.68                 3.02                  5.70        0.0071           14.14
   45       6           51.3198         180.4278             0.0055                  2.68                 3.02                  5.70        0.0071           13.87
   46       6           51.2816         180.3353             0.0055                  2.68                 3.49                  6.17        0.0071           13.85
   47       6           51.2816         180.3353             0.0055                  2.68                 3.49                  6.17        0.0071           13.84
   48       7           51.2302         180.2299             0.0055                  2.68                 3.66                  6.33        0.0071           13.82

Summary Statistics:
------------------------------------------------------------------------------------------------------------------------
        Comp     Groups  Wall Time/Evt (s)  CPU Time/Evt (s)  Throughput (evt/s)  Write Remote (MB/evt)  Read Remote (MB/evt)  Net Transfer (MB/evt)  CPU Cores/Evt  Memory/Evt (MB)
count  48.00  48.000000          48.000000         48.000000           48.000000              48.000000             48.000000              48.000000      48.000000        48.000000
mean   24.50   4.333333          51.504160        259.158486            0.004251               1.782451              2.036476               3.818927       0.010208        13.982392
std    14.00   1.117241           0.168656         80.128293            0.001299               0.668887              0.838300               1.478631       0.003150         0.160715
min     1.00   2.000000          51.230154        180.229926            0.002798               0.888672              0.623969               1.512641       0.007109        13.807800
25%    12.75   4.000000          51.353201        180.686887            0.003050               1.350435              1.410443               2.751970       0.007125        13.864550
50%    24.50   4.000000          51.523284        251.064227            0.004314               1.782451              2.145359               3.937013       0.009890        13.892200
75%    36.25   5.000000          51.595924        328.345386            0.005534               2.214468              2.767679               5.086498       0.012950        14.172000
max    48.00   7.000000          51.815404        357.357729            0.005548               2.676230              3.658025               6.334255       0.014014        14.268800
