Workflow Construction Summary Table
========================================================================================================================

 Comp  Groups Wall Time/Evt (s) CPU Time/Evt (s) Throughput (evt/s) Write Remote (MB/evt) Read Remote (MB/evt) Net Transfer (MB/evt) CPU Cores/Evt Memory/Evt (MB)
    1       2           39.4200        2432.0494             0.0004                  0.89                 0.54                  1.43        0.0840           84.31
    2       2           39.4200        2432.0494             0.0004                  0.89                 0.54                  1.43        0.0840           84.31
    3       3           39.4174        2431.1366             0.0004                  0.89                 0.69                  1.57        0.0840           84.22
    4       3           39.4174        2431.1366             0.0004                  0.89                 0.69                  1.57        0.0840           84.22
    5       3           39.3396        2407.9847             0.0004                  0.89                 0.68                  1.57        0.0834           83.69
    6       3           39.3396        2407.9847             0.0004                  0.89                 0.68                  1.57        0.0834           83.69
    7       3           39.3423        2424.8234             0.0004                  1.50                 1.16                  2.66        0.0839           84.20
    8       3           39.3423        2424.8234             0.0004                  1.50                 1.16                  2.66        0.0839           84.20
    9       3           39.2606        2343.1801             0.0004                  0.89                 1.08                  1.97        0.0813           81.82
   10       3           39.2018         720.0874             0.0014                  2.06                 1.72                  3.78        0.0250           33.70
   11       3           39.2018         720.0874             0.0014                  2.06                 1.72                  3.78        0.0250           33.70
   12       4           39.3371        2407.0720             0.0004                  0.89                 0.83                  1.72        0.0834           83.61
   13       4           39.3371        2407.0720             0.0004                  0.89                 0.83                  1.72        0.0834           83.61
   14       4           39.3398        2423.9107             0.0004                  1.50                 1.30                  2.81        0.0839           84.11
   15       4           39.3398        2423.9107             0.0004                  1.50                 1.30                  2.81        0.0839           84.11
   16       4           39.2580        2342.2673             0.0004                  0.89                 1.22                  2.11        0.0812           81.74
   17       4           39.2580        2342.2673             0.0004                  0.89                 1.22                  2.11        0.0812           81.74
   18       4           39.2627        2400.8039             0.0004                  1.50                 1.30                  2.81        0.0833           83.58
   19       4           39.2627        2400.8039             0.0004                  1.50                 1.30                  2.81        0.0833           83.58
   20       4           39.1992         719.1747             0.0014                  2.06                 1.86                  3.92        0.0250           33.62
   21       4           39.1400         598.7251             0.0017                  2.68                 2.34                  5.01        0.0208           33.67
   22       4           39.1992         719.1747             0.0014                  2.06                 1.86                  3.92        0.0250           33.62
   23       4           39.1400         598.7251             0.0017                  2.68                 2.34                  5.01        0.0208           33.67
   24       4           39.1860         700.1300             0.0014                  2.06                 1.86                  3.92        0.0243           33.07
   25       4           39.1860         700.1300             0.0014                  2.06                 1.86                  3.92        0.0243           33.07
   26       4           39.1744         639.6257             0.0016                  2.06                 2.26                  4.32        0.0223           31.26
   27       4           39.1859        2336.1443             0.0004                  1.50                 1.70                  3.20        0.0812           81.72
   28       5           39.2554        2341.3545             0.0004                  0.89                 1.37                  2.26        0.0812           81.65
   29       5           39.2601        2399.8911             0.0004                  1.50                 1.45                  2.95        0.0833           83.49
   30       5           39.2601        2399.8911             0.0004                  1.50                 1.45                  2.95        0.0833           83.49
   31       5           39.1374         597.8124             0.0017                  2.68                 2.48                  5.16        0.0207           33.59
   32       5           39.1374         597.8124             0.0017                  2.68                 2.48                  5.16        0.0207           33.59
   33       5           39.1835         699.2173             0.0014                  2.06                 2.01                  4.07        0.0243           32.99
   34       5           39.1835         699.2173             0.0014                  2.06                 2.01                  4.07        0.0243           32.99
   35       5           39.1719         638.7043             0.0016                  2.06                 2.40                  4.46        0.0222           31.17
   36       5           39.1719         638.7043             0.0016                  2.06                 2.40                  4.46        0.0222           31.17
   37       5           39.1834        2335.2315             0.0004                  1.50                 1.84                  3.35        0.0812           81.64
   38       5           39.1834        2335.2315             0.0004                  1.50                 1.84                  3.35        0.0812           81.64
   39       5           39.1242         578.7662             0.0017                  2.68                 2.48                  5.16        0.0201           33.03
   40       5           39.1242         578.7662             0.0017                  2.68                 2.48                  5.16        0.0201           33.03
   41       5           39.1126         518.2634             0.0019                  2.68                 2.87                  5.55        0.0181           31.22
   42       6           39.1693         637.7916             0.0016                  2.06                 2.55                  4.61        0.0222           31.09
   43       6           39.1808        2334.3187             0.0004                  1.50                 1.99                  3.49        0.0811           81.56
   44       6           39.1216         577.8534             0.0017                  2.68                 2.63                  5.31        0.0201           32.95
   45       6           39.1216         577.8534             0.0017                  2.68                 2.63                  5.31        0.0201           32.95
   46       6           39.1100         517.3420             0.0019                  2.68                 3.02                  5.70        0.0180           31.14
   47       6           39.1100         517.3420             0.0019                  2.68                 3.02                  5.70        0.0180           31.14
   48       7           39.1074         516.4293             0.0019                  2.68                 3.17                  5.85        0.0180           31.06

Summary Statistics:
------------------------------------------------------------------------------------------------------------------------
        Comp     Groups  Wall Time/Evt (s)  CPU Time/Evt (s)  Throughput (evt/s)  Write Remote (MB/evt)  Read Remote (MB/evt)  Net Transfer (MB/evt)  CPU Cores/Evt  Memory/Evt (MB)
count  48.00  48.000000          48.000000         48.000000           48.000000              48.000000             48.000000              48.000000      48.000000        48.000000
mean   24.50   4.333333          39.227463       1507.772392            0.001019               1.782451              1.763505               3.545957       0.052286        57.883700
std    14.00   1.117241           0.094119        893.590728            0.000621               0.668887              0.727660               1.369906       0.030931        25.570513
min     1.00   2.000000          39.107435        516.429315            0.000411               0.888672              0.538299               1.426971       0.017991        31.057800
25%    12.75   4.000000          39.161960        628.025000            0.000416               1.350435              1.224630               2.561196       0.021849        33.018050
50%    24.50   4.000000          39.192640       1527.203097            0.000909               1.782451              1.843416               3.635983       0.053055        57.628900
75%    36.25   5.000000          39.281289       2402.370893            0.001593               2.214468              2.403330               4.710913       0.083320        83.585550
max    48.00   7.000000          39.419987       2432.049393            0.001936               2.676230              3.168988               5.845219       0.084035        84.308800
