Workflow Construction Summary Table
========================================================================================================================

 Comp  Groups Wall Time/Evt (s) CPU Time/Evt (s) Throughput (evt/s) Write Remote (MB/evt) Read Remote (MB/evt) Net Transfer (MB/evt) CPU Cores/Evt Memory/Evt (MB)
    1       2           39.0458         156.1830             0.0064                  0.89                 0.54                  1.43        0.0036            7.16
    2       2           39.0458         156.1830             0.0064                  0.89                 0.54                  1.43        0.0036            7.16
    3       3           39.0586         156.2344             0.0064                  0.89                 0.68                  1.57        0.0036            7.16
    4       3           39.0586         156.2344             0.0064                  0.89                 0.68                  1.57        0.0036            7.16
    5       3           39.0071         156.0286             0.0064                  0.89                 0.68                  1.57        0.0036            7.16
    6       3           39.0071         156.0286             0.0064                  0.89                 0.68                  1.57        0.0036            7.16
    7       3           39.1167         156.4667             0.0064                  1.50                 1.15                  2.66        0.0036            7.16
    8       3           39.1167         156.4667             0.0064                  1.50                 1.15                  2.66        0.0036            7.16
    9       3           38.9938         155.9752             0.0064                  0.89                 1.07                  1.96        0.0036            7.16
   10       3           39.1345         156.5380             0.0064                  2.06                 1.71                  3.77        0.0036            7.16
   11       3           39.1345         156.5380             0.0064                  2.06                 1.71                  3.77        0.0036            7.16
   12       4           39.0200         156.0799             0.0064                  0.89                 0.83                  1.72        0.0036            7.16
   13       4           39.0200         156.0799             0.0064                  0.89                 0.83                  1.72        0.0036            7.16
   14       4           39.1295         156.5180             0.0064                  1.50                 1.30                  2.80        0.0036            7.16
   15       4           39.1295         156.5180             0.0064                  1.50                 1.30                  2.80        0.0036            7.16
   16       4           39.0066         156.0265             0.0064                  0.89                 1.22                  2.11        0.0036            7.16
   17       4           39.0066         156.0265             0.0064                  0.89                 1.22                  2.11        0.0036            7.16
   18       4           39.0787         156.3149             0.0064                  1.50                 1.30                  2.80        0.0036            7.16
   19       4           39.0787         156.3149             0.0064                  1.50                 1.30                  2.80        0.0036            7.16
   20       4           39.1473         156.5894             0.0064                  2.06                 1.86                  3.92        0.0036            7.16
   21       4           39.2159         156.8636             0.0064                  2.68                 2.32                  5.00        0.0036            7.16
   22       4           39.1473         156.5894             0.0064                  2.06                 1.86                  3.92        0.0036            7.16
   23       4           39.2159         156.8636             0.0064                  2.68                 2.32                  5.00        0.0036            7.16
   24       4           39.1386         156.5543             0.0064                  2.06                 1.86                  3.92        0.0036            7.16
   25       4           39.1386         156.5543             0.0064                  2.06                 1.86                  3.92        0.0036            7.16
   26       4           39.1697         156.6789             0.0064                  2.06                 2.25                  4.31        0.0036            7.16
   27       4           39.0667         156.2670             0.0064                  1.50                 1.69                  3.19        0.0036            7.16
   28       5           39.0195         156.0779             0.0064                  0.89                 1.37                  2.26        0.0036            7.16
   29       5           39.0916         156.3663             0.0064                  1.50                 1.45                  2.95        0.0036            7.16
   30       5           39.0916         156.3663             0.0064                  1.50                 1.45                  2.95        0.0036            7.16
   31       5           39.2287         156.9150             0.0064                  2.68                 2.47                  5.15        0.0036            7.16
   32       5           39.2287         156.9150             0.0064                  2.68                 2.47                  5.15        0.0036            7.16
   33       5           39.1514         156.6057             0.0064                  2.06                 2.00                  4.06        0.0036            7.16
   34       5           39.1514         156.6057             0.0064                  2.06                 2.00                  4.06        0.0036            7.16
   35       5           39.1826         156.7302             0.0064                  2.06                 2.39                  4.45        0.0036            7.16
   36       5           39.1826         156.7302             0.0064                  2.06                 2.39                  4.45        0.0036            7.16
   37       5           39.0796         156.3183             0.0064                  1.50                 1.84                  3.34        0.0036            7.16
   38       5           39.0796         156.3183             0.0064                  1.50                 1.84                  3.34        0.0036            7.16
   39       5           39.2200         156.8799             0.0064                  2.68                 2.47                  5.15        0.0036            7.16
   40       5           39.2200         156.8799             0.0064                  2.68                 2.47                  5.15        0.0036            7.16
   41       5           39.2511         157.0045             0.0064                  2.68                 2.86                  5.54        0.0036            7.16
   42       6           39.1954         156.7816             0.0064                  2.06                 2.54                  4.60        0.0036            7.16
   43       6           39.0924         156.3697             0.0064                  1.50                 1.98                  3.49        0.0036            7.16
   44       6           39.2328         156.9313             0.0064                  2.68                 2.62                  5.29        0.0036            7.16
   45       6           39.2328         156.9313             0.0064                  2.68                 2.62                  5.29        0.0036            7.16
   46       6           39.2640         157.0558             0.0064                  2.68                 3.01                  5.68        0.0036            7.16
   47       6           39.2640         157.0558             0.0064                  2.68                 3.01                  5.68        0.0036            7.16
   48       7           39.2768         157.1072             0.0064                  2.68                 3.15                  5.83        0.0036            7.16

Summary Statistics:
------------------------------------------------------------------------------------------------------------------------
        Comp     Groups  Wall Time/Evt (s)  CPU Time/Evt (s)  Throughput (evt/s)  Write Remote (MB/evt)  Read Remote (MB/evt)  Net Transfer (MB/evt)  CPU Cores/Evt  Memory/Evt (MB)
count  48.00  48.000000          48.000000         48.000000           48.000000              48.000000             48.000000              48.000000   4.800000e+01        48.000000
mean   24.50   4.333333          39.128446        156.513784            0.006389               1.782451              1.756410               3.538861   3.580133e-03         7.160267
std    14.00   1.117241           0.081962          0.327848            0.000013               0.668887              0.723768               1.366042   6.462110e-07         0.001292
min     1.00   2.000000          38.993801        155.975204            0.006365               0.888672              0.537109               1.425781   3.579200e-03         7.158400
25%    12.75   4.000000          39.064706        156.258824            0.006377               1.350435              1.220703               2.556826   3.580000e-03         7.160000
50%    24.50   4.000000          39.132002        156.528009            0.006389               1.782451              1.836387               3.628379   3.580000e-03         7.160000
75%    36.25   5.000000          39.200524        156.802097            0.006400               2.214468              2.392578               4.699932   3.580200e-03         7.160400
max    48.00   7.000000          39.276798        157.107191            0.006411               2.676230              3.154746               5.830977   3.581600e-03         7.163200
