Workflow Construction Summary Table
========================================================================================================================

 Comp  Groups Wall Time/Evt (s) CPU Time/Evt (s) Throughput (evt/s) Write Remote (MB/evt) Read Remote (MB/evt) Net Transfer (MB/evt) CPU Cores/Evt Memory/Evt (MB)
    1       1            6.9764         446.4917             0.0022                  0.45                 0.00                  0.45        0.0153           15.35
    2       2            6.9624         442.5403             0.0023                  0.45                 0.06                  0.51        0.0152           15.25
    3       2            6.9539         204.6590             0.0049                  1.23                 0.78                  2.01        0.0070            7.16
    4       2            6.9506         420.4665             0.0024                  0.45                 0.38                  0.83        0.0145           14.59
    5       2            6.9792         169.9574             0.0059                  2.54                 2.09                  4.63        0.0058            7.18
    6       3            6.9504         420.4657             0.0024                  0.45                 0.44                  0.89        0.0145           14.59
    7       3            6.9479         201.2215             0.0050                  1.23                 0.84                  2.08        0.0069            7.06
    8       3            6.9847         143.2905             0.0070                  3.32                 2.87                  6.19        0.0049            5.33
    9       3            6.9756         166.6734             0.0060                  2.54                 2.15                  4.69        0.0057            7.08
   10       3            6.9755         145.3469             0.0069                  2.54                 2.47                  5.00        0.0050            6.42
   11       3            6.9447         179.7014             0.0056                  1.23                 1.16                  2.39        0.0062            6.41
   12       4            6.9753         145.3461             0.0069                  2.54                 2.53                  5.07        0.0050            6.42
   13       4            6.9445         179.7006             0.0056                  1.23                 1.22                  2.45        0.0062            6.40
   14       4            6.9810         140.0066             0.0071                  3.32                 2.93                  6.25        0.0048            5.23
   15       4            6.9809         118.6801             0.0084                  3.32                 3.25                  6.57        0.0041            4.57
   16       5            6.9807         118.6793             0.0084                  3.32                 3.31                  6.63        0.0041            4.57

Summary Statistics:
------------------------------------------------------------------------------------------------------------------------
            Comp     Groups  Wall Time/Evt (s)  CPU Time/Evt (s)  Throughput (evt/s)  Write Remote (MB/evt)  Read Remote (MB/evt)  Net Transfer (MB/evt)  CPU Cores/Evt  Memory/Evt (MB)
count  16.000000  16.000000          16.000000         16.000000           16.000000              16.000000             16.000000              16.000000      16.000000        16.000000
mean    8.500000   3.000000           6.966477        227.701683            0.005429               1.884766              1.655273               3.540039       0.007825         8.350300
std     4.760952   1.032796           0.015153        124.737623            0.002120               1.152134              1.168838               2.312666       0.004311         4.023862
min     1.000000   1.000000           6.944528        118.679253            0.002240               0.449219              0.000000               0.449219       0.004052         4.570000
25%     4.750000   2.000000           6.950525        144.832194            0.004259               1.035156              0.695801               1.730957       0.004955         6.135100
50%     8.500000   3.000000           6.975386        174.828990            0.005724               1.884766              1.655273               3.540039       0.006004         6.742000
75%    12.250000   4.000000           6.979605        258.610708            0.006905               2.734375              2.614746               5.349121       0.008900         9.030100
max    16.000000   5.000000           6.984654        446.491660            0.008426               3.320312              3.310547               6.630859       0.015347        15.347200
