Workflow Construction Summary Table
========================================================================================================================

 Comp  Groups Wall Time/Evt (s) CPU Time/Evt (s) Throughput (evt/s) Write Remote (MB/evt) Read Remote (MB/evt) Net Transfer (MB/evt) CPU Cores/Evt Memory/Evt (MB)
    1       1            9.3405          64.7027             0.0155                  0.45                 0.00                  0.45        0.0035            3.46
    2       2            9.3398          64.7865             0.0154                  0.45                 0.08                  0.52        0.0035            3.50
    3       2            9.3407          64.7038             0.0155                  0.45                 0.43                  0.87        0.0035            3.48
    4       2            9.3553          64.9153             0.0154                  2.53                 2.41                  4.94        0.0035            3.50
    5       2            9.3811          65.0381             0.0154                  1.23                 0.91                  2.14        0.0035            3.49
    6       3            9.3473          64.8165             0.0154                  0.45                 0.51                  0.96        0.0035            3.52
    7       3            9.3483          64.8206             0.0154                  2.52                 2.51                  5.03        0.0035            3.53
    8       3            9.3944          65.0913             0.0154                  1.23                 0.98                  2.21        0.0035            3.53
    9       3            9.3513          64.7461             0.0154                  2.52                 2.84                  5.36        0.0035            3.51
   10       3            9.3915          65.1661             0.0153                  1.23                 1.38                  2.61        0.0035            3.52
   11       3            9.3798          65.0329             0.0154                  3.32                 3.33                  6.64        0.0035            3.52
   12       4            9.3208          64.6241             0.0155                  2.52                 2.89                  5.40        0.0035            3.52
   13       4            9.3938          65.1753             0.0153                  1.23                 1.44                  2.67        0.0036            3.57
   14       4            9.3197          64.7058             0.0155                  3.31                 3.38                  6.69        0.0035            3.54
   15       4            9.3974          65.1896             0.0153                  3.32                 3.77                  7.09        0.0035            3.54
   16       5            9.4103          65.2412             0.0153                  3.32                 3.86                  7.18        0.0036            3.58

Summary Statistics:
------------------------------------------------------------------------------------------------------------------------
            Comp     Groups  Wall Time/Evt (s)  CPU Time/Evt (s)  Throughput (evt/s)  Write Remote (MB/evt)  Read Remote (MB/evt)  Net Transfer (MB/evt)  CPU Cores/Evt  Memory/Evt (MB)
count  16.000000  16.000000          16.000000         16.000000           16.000000              16.000000             16.000000              16.000000      16.000000        16.000000
mean    8.500000   3.000000           9.363261         64.922240            0.015403               1.878202              1.919153               3.797355       0.003519         3.519000
std     4.760952   1.032796           0.029026          0.208750            0.000050               1.149614              1.350473               2.490961       0.000029         0.029484
min     1.000000   1.000000           9.319658         64.624127            0.015328               0.445001              0.000000               0.445001       0.003464         3.464000
25%     4.750000   2.000000           9.340675         64.735999            0.015359               1.032184              0.814191               1.846375       0.003502         3.502000
50%     8.500000   3.000000           9.353294         64.867940            0.015416               1.873016              1.926206               3.805822       0.003520         3.520000
75%    12.250000   4.000000           9.392103         65.110042            0.015447               2.724322              2.998544               5.714081       0.003530         3.530000
max    16.000000   5.000000           9.410301         65.241204            0.015474               3.320312              3.855502               7.175814       0.003576         3.576000
