Workflow Construction Summary Table
========================================================================================================================

 Comp  Groups Wall Time/Evt (s) CPU Time/Evt (s) Throughput (evt/s) Write Remote (MB/evt) Read Remote (MB/evt) Net Transfer (MB/evt) CPU Cores/Evt Memory/Evt (MB)
    1       2           43.1615         323.0759             0.0031                  0.89                 0.56                  1.45        0.0078            7.92
    2       2           43.1615         323.0759             0.0031                  0.89                 0.56                  1.45        0.0078            7.72
    3       3           43.1692         323.0472             0.0031                  0.89                 0.72                  1.61        0.0078            7.92
    4       3           43.1692         323.0472             0.0031                  0.89                 0.72                  1.61        0.0078            7.72
    5       3           43.0884         321.2449             0.0031                  0.89                 0.72                  1.61        0.0077            7.86
    6       3           43.0884         321.2449             0.0031                  0.89                 0.72                  1.61        0.0077            7.71
    7       3           43.2518         165.1875             0.0061                  1.50                 1.22                  2.72        0.0040            7.91
    8       3           43.2518         165.1875             0.0061                  1.50                 1.22                  2.72        0.0040            7.71
    9       3           43.1064         316.8531             0.0032                  0.89                 1.13                  2.02        0.0077            7.72
   10       3           43.2653         292.0419             0.0034                  2.06                 1.80                  3.86        0.0070            7.92
   11       3           43.2653         292.0419             0.0034                  2.06                 1.80                  3.86        0.0070            7.72
   12       4           43.1015         321.3489             0.0031                  0.89                 0.87                  1.76        0.0078            7.87
   13       4           43.1015         321.3489             0.0031                  0.89                 0.87                  1.76        0.0078            7.72
   14       4           43.2656         165.2408             0.0061                  1.50                 1.37                  2.87        0.0040            7.92
   15       4           43.2656         165.2408             0.0061                  1.50                 1.37                  2.87        0.0040            7.71
   16       4           43.1062         316.8437             0.0032                  0.89                 1.28                  2.17        0.0077            7.72
   17       4           43.1062         316.8437             0.0032                  0.89                 1.28                  2.17        0.0077            7.72
   18       4           43.2063         165.0207             0.0061                  1.50                 1.37                  2.88        0.0040            7.87
   19       4           43.2063         165.0207             0.0061                  1.50                 1.37                  2.88        0.0040            7.71
   20       4           43.2528         292.0425             0.0034                  2.06                 1.95                  4.01        0.0070            7.92
   21       4           43.3350         165.5524             0.0060                  2.68                 2.44                  5.12        0.0040            7.91
   22       4           43.2528         292.0425             0.0034                  2.06                 1.95                  4.01        0.0070            7.72
   23       4           43.3350         165.5524             0.0060                  2.68                 2.44                  5.12        0.0040            7.71
   24       4           43.2691         292.1097             0.0034                  2.06                 1.95                  4.01        0.0070            7.88
   25       4           43.2691         292.1097             0.0034                  2.06                 1.95                  4.01        0.0070            7.72
   26       4           43.2768         292.1874             0.0034                  2.06                 2.36                  4.42        0.0070            7.72
   27       4           43.1724         164.9289             0.0061                  1.50                 1.78                  3.28        0.0040            7.71
   28       5           43.1269         316.9455             0.0032                  0.89                 1.43                  2.32        0.0077            7.72
   29       5           43.2004         165.0346             0.0061                  1.50                 1.52                  3.02        0.0040            7.87
   30       5           43.2004         165.0346             0.0061                  1.50                 1.52                  3.02        0.0040            7.72
   31       5           43.3468         165.6017             0.0060                  2.68                 2.60                  5.27        0.0040            7.91
   32       5           43.3468         165.6017             0.0060                  2.68                 2.60                  5.27        0.0040            7.71
   33       5           43.2812         292.1596             0.0034                  2.06                 2.11                  4.17        0.0070            7.87
   34       5           43.2812         292.1596             0.0034                  2.06                 2.11                  4.17        0.0070            7.72
   35       5           43.2757         292.2110             0.0034                  2.06                 2.51                  4.57        0.0070            7.72
   36       5           43.2757         292.2110             0.0034                  2.06                 2.51                  4.57        0.0070            7.72
   37       5           43.1574         164.9246             0.0061                  1.50                 1.92                  3.43        0.0040            7.70
   38       5           43.1574         164.9246             0.0061                  1.50                 1.92                  3.43        0.0040            7.71
   39       5           43.3282         165.5470             0.0060                  2.68                 2.60                  5.28        0.0040            7.87
   40       5           43.3282         165.5470             0.0060                  2.68                 2.60                  5.28        0.0040            7.72
   41       5           43.3841         165.7212             0.0060                  2.68                 3.01                  5.69        0.0040            7.72
   42       6           43.3102         292.3230             0.0034                  2.06                 2.67                  4.73        0.0070            7.73
   43       6           43.1817         164.9987             0.0061                  1.50                 2.08                  3.59        0.0040            7.70
   44       6           43.3724         165.6610             0.0060                  2.68                 2.76                  5.43        0.0040            7.87
   45       6           43.3724         165.6610             0.0060                  2.68                 2.76                  5.43        0.0040            7.72
   46       6           43.3802         165.7389             0.0060                  2.68                 3.16                  5.84        0.0040            7.72
   47       6           43.3802         165.7389             0.0060                  2.68                 3.16                  5.84        0.0040            7.71
   48       7           43.4137         165.8317             0.0060                  2.68                 3.32                  6.00        0.0040            7.72

Summary Statistics:
------------------------------------------------------------------------------------------------------------------------
        Comp     Groups  Wall Time/Evt (s)  CPU Time/Evt (s)  Throughput (evt/s)  Write Remote (MB/evt)  Read Remote (MB/evt)  Net Transfer (MB/evt)  CPU Cores/Evt  Memory/Evt (MB)
count  48.00  48.000000          48.000000         48.000000           48.000000              48.000000             48.000000              48.000000      48.000000        48.000000
mean   24.50   4.333333          43.241711        235.813727            0.004660               1.782451              1.847110               3.629561       0.005674         7.775467
std    14.00   1.117241           0.092113         71.930627            0.001407               0.668887              0.761362               1.403303       0.001744         0.085678
min     1.00   2.000000          43.088418        164.924580            0.003095               0.888672              0.561867               1.450539       0.003962         7.704000
25%    12.75   4.000000          43.167249        165.470481            0.003355               1.350435              1.282568               2.620595       0.003966         7.715600
50%    24.50   4.000000          43.259076        228.936784            0.004727               1.782451              1.923541               3.723570       0.005501         7.719800
75%    36.25   5.000000          43.314668        298.453150            0.006043               2.214468              2.511390               4.826760       0.007193         7.871900
max    48.00   7.000000          43.413687        323.075933            0.006063               2.676230              3.320008               5.996239       0.007788         7.921600
