Workflow Construction Summary Table
========================================================================================================================

 Comp  Groups Wall Time/Evt (s) CPU Time/Evt (s) Throughput (evt/s) Write Remote (MB/evt) Read Remote (MB/evt) Net Transfer (MB/evt) CPU Cores/Evt Memory/Evt (MB)
    1       1            9.6824          75.5625             0.0132                  0.45                 0.00                  0.45        0.0647           64.71
    2       2            9.1856          71.4657             0.0140                  0.45                 0.07                  0.51        0.0644           64.45
    3       2            8.6837          65.9031             0.0152                  0.45                 0.39                  0.84        0.0628           62.82
    4       2            8.3700          55.4619             0.0180                  2.54                 2.14                  4.68        0.0553           58.92
    5       2            8.3955          49.3920             0.0202                  1.23                 0.80                  2.03        0.0501           42.39
    6       3            8.6558          65.0306             0.0154                  0.45                 0.45                  0.90        0.0620           62.83
    7       3            8.2270          54.9040             0.0182                  2.54                 2.21                  4.75        0.0553           58.70
    8       3            8.1705          48.5138             0.0206                  1.23                 0.87                  2.10        0.0501           42.13
    9       3            8.1182          54.4816             0.0184                  2.54                 2.53                  5.07        0.0553           57.06
   10       3            7.9604          47.6952             0.0210                  1.23                 1.19                  2.42        0.0501           40.52
   11       3            8.0274          47.9568             0.0209                  3.32                 2.95                  6.27        0.0501           41.07
   12       4            8.0904          53.6071             0.0187                  2.54                 2.59                  5.13        0.0545           57.07
   13       4            7.9325          46.8194             0.0214                  1.23                 1.25                  2.48        0.0493           40.51
   14       4            7.8836          47.3962             0.0211                  3.32                 3.01                  6.33        0.0501           40.86
   15       4            7.7752          46.9734             0.0213                  3.32                 3.33                  6.65        0.0501           39.22
   16       5            7.7472          46.0984             0.0217                  3.32                 3.40                  6.72        0.0493           39.22

Summary Statistics:
------------------------------------------------------------------------------------------------------------------------
            Comp     Groups  Wall Time/Evt (s)  CPU Time/Evt (s)  Throughput (evt/s)  Write Remote (MB/evt)  Read Remote (MB/evt)  Net Transfer (MB/evt)  CPU Cores/Evt  Memory/Evt (MB)
count  16.000000  16.000000          16.000000         16.000000           16.000000              16.000000             16.000000              16.000000      16.000000        16.000000
mean    8.500000   3.000000           8.306588         54.828851            0.018697               1.884738              1.698288               3.583026       0.054620        50.781025
std     4.760952   1.032796           0.526673          9.522873            0.002836               1.152105              1.199191               2.342885       0.005765        10.629251
min     1.000000   1.000000           7.747205         46.098405            0.013234               0.449208              0.000000               0.449219       0.049322        39.221400
25%     4.750000   2.000000           7.953445         47.620423            0.017367               1.035156              0.713906               1.749059       0.050136        40.775600
50%     8.500000   3.000000           8.144346         51.499566            0.019450               1.884727              1.698209               3.582936       0.052326        49.726100
75%    12.250000   4.000000           8.460602         57.854035            0.021000               2.734290              2.682356               5.416731       0.056996        59.893450
max    16.000000   5.000000           9.682444         75.562452            0.021693               3.320312              3.396968               6.717280       0.064709        64.708800
