Workflow Construction Summary Table
========================================================================================================================

 Comp  Groups Wall Time/Evt (s) CPU Time/Evt (s) Throughput (evt/s) Write Remote (MB/evt) Read Remote (MB/evt) Net Transfer (MB/evt) CPU Cores/Evt Memory/Evt (MB)
    1       1            7.9644          59.5537             0.0168                  0.45                 0.00                  0.45        0.0007            0.74
    2       2            7.9604          59.5194             0.0168                  0.45                 0.06                  0.51        0.0008            0.77
    3       2            7.9643          59.5156             0.0168                  0.45                 0.38                  0.83        0.0008            0.77
    4       2            7.9501          59.4468             0.0168                  2.54                 2.23                  4.76        0.0007            0.74
    5       2            7.8939          59.2217             0.0169                  1.23                 0.82                  2.05        0.0007            0.74
    6       3            7.9586          59.4913             0.0168                  0.45                 0.44                  0.89        0.0008            0.78
    7       3            7.9530          59.4531             0.0168                  2.54                 2.30                  4.83        0.0008            0.77
    8       3            7.9401          59.3985             0.0168                  1.23                 0.89                  2.12        0.0008            0.77
    9       3            7.9473          59.4255             0.0168                  2.54                 2.60                  5.14        0.0007            0.74
   10       3            7.9078          59.2609             0.0169                  1.23                 1.26                  2.49        0.0008            0.75
   11       3            7.8958          59.2166             0.0169                  3.32                 3.02                  6.34        0.0007            0.74
   12       4            7.9524          59.4453             0.0168                  2.54                 2.70                  5.24        0.0008            0.78
   13       4            7.9160          59.2928             0.0169                  1.23                 1.27                  2.50        0.0008            0.78
   14       4            7.8987          59.2229             0.0169                  3.32                 3.09                  6.41        0.0008            0.77
   15       4            7.8931          59.1963             0.0169                  3.32                 3.40                  6.72        0.0008            0.75
   16       5            7.8457          59.0052             0.0169                  3.32                 3.46                  6.78        0.0008            0.77

Summary Statistics:
------------------------------------------------------------------------------------------------------------------------
            Comp     Groups  Wall Time/Evt (s)  CPU Time/Evt (s)  Throughput (evt/s)  Write Remote (MB/evt)  Read Remote (MB/evt)  Net Transfer (MB/evt)  CPU Cores/Evt  Memory/Evt (MB)
count  16.000000  16.000000          16.000000         16.000000           16.000000              16.000000             16.000000              16.000000      16.000000        16.000000
mean    8.500000   3.000000           7.927600         59.354099            0.016848               1.884766              1.744779               3.629545       0.000759         0.759000
std     4.760952   1.032796           0.035075          0.154620            0.000044               1.152134              1.232113               2.375945       0.000015         0.014569
min     1.000000   1.000000           7.845654         59.005189            0.016792               0.449219              0.000000               0.449219       0.000736         0.736000
25%     4.750000   2.000000           7.897999         59.222582            0.016817               1.035156              0.724035               1.759191       0.000744         0.744000
50%     8.500000   3.000000           7.943704         59.411992            0.016832               1.884766              1.747943               3.632708       0.000768         0.768000
75%    12.250000   4.000000           7.954403         59.462609            0.016885               2.734375              2.781241               5.515616       0.000768         0.768000
max    16.000000   5.000000           7.964390         59.553742            0.016948               3.320312              3.461086               6.781398       0.000776         0.776000
