Workflow Construction Summary Table
========================================================================================================================

 Comp  Groups Wall Time/Evt (s) CPU Time/Evt (s) Throughput (evt/s) Write Remote (MB/evt) Read Remote (MB/evt) Net Transfer (MB/evt) CPU Cores/Evt Memory/Evt (MB)
    1       1            7.1115          56.6213             0.0177                  0.45                 0.00                  0.45        0.0039            3.87
    2       2            7.0818          56.1842             0.0178                  0.45                 0.06                  0.51        0.0039            3.86
    3       2            7.0518          54.5325             0.0183                  0.45                 0.38                  0.83        0.0038            3.76
    4       2            7.0332          47.8562             0.0209                  2.54                 2.10                  4.64        0.0033            3.53
    5       2            7.0346          43.3552             0.0231                  1.23                 0.78                  2.01        0.0030            2.54
    6       3            7.0501          53.8228             0.0186                  0.45                 0.44                  0.89        0.0037            3.76
    7       3            7.0246          47.8220             0.0209                  2.54                 2.16                  4.70        0.0033            3.52
    8       3            7.0212          43.3017             0.0231                  1.23                 0.85                  2.08        0.0030            2.53
    9       3            7.0181          47.7961             0.0209                  2.54                 2.48                  5.02        0.0033            3.42
   10       3            7.0086          43.2514             0.0231                  1.23                 1.16                  2.39        0.0030            2.43
   11       3            7.0128          43.2681             0.0231                  3.32                 2.88                  6.20        0.0030            2.46
   12       4            7.0164          47.0864             0.0212                  2.54                 2.54                  5.08        0.0033            3.42
   13       4            7.0069          42.5418             0.0235                  1.23                 1.22                  2.45        0.0030            2.43
   14       4            7.0041          43.2338             0.0231                  3.32                 2.95                  6.27        0.0030            2.45
   15       4            6.9976          43.2080             0.0231                  3.32                 3.26                  6.58        0.0030            2.35
   16       5            6.9960          42.4983             0.0235                  3.32                 3.32                  6.65        0.0030            2.35

Summary Statistics:
------------------------------------------------------------------------------------------------------------------------
            Comp     Groups  Wall Time/Evt (s)  CPU Time/Evt (s)  Throughput (evt/s)  Write Remote (MB/evt)  Read Remote (MB/evt)  Net Transfer (MB/evt)  CPU Cores/Evt  Memory/Evt (MB)
count  16.000000  16.000000          16.000000         16.000000           16.000000              16.000000             16.000000              16.000000      16.000000        16.000000
mean    8.500000   3.000000           7.029328         47.273728            0.021378               1.884766              1.662270               3.547036       0.003272         3.042100
std     4.760952   1.032796           0.031432          5.194252            0.002184               1.152134              1.174505               2.318334       0.000343         0.635385
min     1.000000   1.000000           6.995978         42.498266            0.017661               0.449219              0.000000               0.449219       0.002957         2.351400
25%     4.750000   2.000000           7.008145         43.247034            0.020317               1.035156              0.697978               1.733134       0.003005         2.443800
50%     8.500000   3.000000           7.019634         45.220780            0.022151               1.884766              1.662206               3.546972       0.003135         2.979100
75%    12.250000   4.000000           7.038473         49.347850            0.023123               2.734375              2.627509               5.361884       0.003412         3.586700
max    16.000000   5.000000           7.111455         56.621280            0.023530               3.320312              3.324736               6.645048       0.003872         3.872000
