Workflow Construction Summary Table
========================================================================================================================

 Comp  Groups Wall Time/Evt (s) CPU Time/Evt (s) Throughput (evt/s) Write Remote (MB/evt) Read Remote (MB/evt) Net Transfer (MB/evt) CPU Cores/Evt Memory/Evt (MB)
    1       1            9.3061         592.4494             0.0017                  0.45                 0.00                  0.45        0.4976          497.60
    2       2            8.8287         558.8247             0.0018                  0.45                 0.06                  0.51        0.4940          494.22
    3       2            8.3460         503.9336             0.0020                  0.45                 0.38                  0.83        0.4705          473.19
    4       2            8.0673         256.7524             0.0039                  1.23                 0.79                  2.02        0.2273          231.61
    5       2            8.0411         199.0472             0.0050                  2.54                 2.10                  4.64        0.1878          232.03
    6       3            8.3190         503.8264             0.0020                  0.45                 0.44                  0.89        0.4705          473.09
    7       3            7.8510         239.7397             0.0042                  1.23                 0.85                  2.08        0.2237          228.24
    8       3            7.9037         187.0844             0.0053                  2.54                 2.16                  4.70        0.1847          229.17
    9       3            7.6492         202.7272             0.0049                  1.23                 1.16                  2.39        0.2002          207.20
   10       3            7.7993         156.2384             0.0064                  2.54                 2.48                  5.02        0.1610          207.89
   11       3            7.7095         167.8710             0.0060                  3.32                 2.89                  6.21        0.1578          171.98
   12       4            7.6222         202.6200             0.0049                  1.23                 1.23                  2.46        0.2002          207.11
   13       4            7.7722         156.1307             0.0064                  2.54                 2.54                  5.08        0.1610          207.78
   14       4            7.5720         155.8772             0.0064                  3.32                 2.95                  6.27        0.1546          169.05
   15       4            7.4677         125.0909             0.0080                  3.32                 3.26                  6.58        0.1310          147.89
   16       5            7.4406         124.9545             0.0080                  3.32                 3.33                  6.65        0.1309          147.73

Summary Statistics:
------------------------------------------------------------------------------------------------------------------------
            Comp     Groups  Wall Time/Evt (s)  CPU Time/Evt (s)  Throughput (evt/s)  Write Remote (MB/evt)  Read Remote (MB/evt)  Net Transfer (MB/evt)  CPU Cores/Evt  Memory/Evt (MB)
count  16.000000  16.000000          16.000000         16.000000           16.000000              16.000000             16.000000              16.000000      16.000000        16.000000
mean    8.500000   3.000000           7.980980        270.822985            0.004808               1.884766              1.663526               3.548291       0.253305       270.361875
std     4.760952   1.032796           0.507803        165.377848            0.002094               1.152134              1.174340               2.318138       0.139992       130.696801
min     1.000000   1.000000           7.440624        124.954491            0.001688               0.449219              0.000000               0.449219       0.130941       147.728000
25%     4.750000   2.000000           7.642416        156.211507            0.003417               1.035156              0.699521               1.734678       0.160172       198.324000
50%     8.500000   3.000000           7.825162        200.833589            0.004980               1.884766              1.663591               3.548356       0.194014       218.066000
75%    12.250000   4.000000           8.130249        318.520921            0.006402               2.734375              2.627181               5.361556       0.288114       292.297500
max    16.000000   5.000000           9.306099        592.449418            0.008003               3.320312              3.326817               6.647129       0.497600       497.600000
