Workflow Construction Summary Table
========================================================================================================================

 Comp  Groups Wall Time/Evt (s) CPU Time/Evt (s) Throughput (evt/s) Write Remote (MB/evt) Read Remote (MB/evt) Net Transfer (MB/evt) CPU Cores/Evt Memory/Evt (MB)
    1       1            7.2676          56.9764             0.0176                  0.45                 0.00                  0.45        0.0020            2.00
    2       2            7.2530          56.8617             0.0176                  0.45                 0.06                  0.51        0.0020            2.01
    3       2            7.2406          56.7655             0.0176                  0.45                 0.38                  0.83        0.0020            2.01
    4       2            7.2700          56.9983             0.0175                  2.54                 2.09                  4.63        0.0020            2.02
    5       2            7.2434          56.7902             0.0176                  1.23                 0.78                  2.01        0.0020            2.01
    6       3            7.2404          56.7639             0.0176                  0.45                 0.44                  0.89        0.0020            2.02
    7       3            7.2662          56.9679             0.0176                  2.54                 2.15                  4.69        0.0020            2.02
    8       3            7.2373          56.7415             0.0176                  1.23                 0.84                  2.08        0.0020            2.02
    9       3            7.2662          56.9679             0.0176                  2.54                 2.47                  5.00        0.0020            2.02
   10       3            7.2342          56.7166             0.0176                  1.23                 1.16                  2.39        0.0020            2.02
   11       3            7.2741          57.0363             0.0175                  3.32                 2.87                  6.19        0.0020            2.02
   12       4            7.2660          56.9663             0.0176                  2.54                 2.53                  5.07        0.0020            2.03
   13       4            7.2339          56.7150             0.0176                  1.23                 1.22                  2.45        0.0020            2.02
   14       4            7.2704          57.0068             0.0175                  3.32                 2.93                  6.25        0.0020            2.02
   15       4            7.2703          57.0059             0.0175                  3.32                 3.25                  6.57        0.0020            2.02
   16       5            7.2701          57.0042             0.0175                  3.32                 3.31                  6.63        0.0020            2.03

Summary Statistics:
------------------------------------------------------------------------------------------------------------------------
            Comp     Groups  Wall Time/Evt (s)  CPU Time/Evt (s)  Throughput (evt/s)  Write Remote (MB/evt)  Read Remote (MB/evt)  Net Transfer (MB/evt)  CPU Cores/Evt  Memory/Evt (MB)
count  16.000000  16.000000          16.000000         16.000000           16.000000              16.000000             16.000000              16.000000      16.000000        16.000000
mean    8.500000   3.000000           7.256482         56.892765            0.017577               1.884766              1.655273               3.540039       0.002018         2.017500
std     4.760952   1.032796           0.015352          0.122051            0.000038               1.152134              1.168838               2.312666       0.000009         0.008869
min     1.000000   1.000000           7.233948         56.714958            0.017533               0.449219              0.000000               0.449219       0.002000         2.000000
25%     4.750000   2.000000           7.240597         56.765111            0.017544               1.035156              0.695801               1.730957       0.002014         2.014000
50%     8.500000   3.000000           7.266085         56.967074            0.017554               1.884766              1.655273               3.540039       0.002016         2.016000
75%    12.250000   4.000000           7.270019         56.999791            0.017616               2.734375              2.614746               5.349121       0.002024         2.024000
max    16.000000   5.000000           7.274110         57.036257            0.017632               3.320312              3.310547               6.630859       0.002032         2.032000
