Workflow Construction Summary Table
========================================================================================================================

 Comp  Groups Wall Time/Evt (s) CPU Time/Evt (s) Throughput (evt/s) Write Remote (MB/evt) Read Remote (MB/evt) Net Transfer (MB/evt) CPU Cores/Evt Memory/Evt (MB)
    1       1            7.7275         470.5269             0.0021                  0.45                 0.00                  0.45        0.0170           17.00
    2       2            7.7109         466.3522             0.0021                  0.45                 0.07                  0.52        0.0169           16.89
    3       2            7.6990         443.0112             0.0023                  0.45                 0.40                  0.85        0.0161           16.16
    4       2            7.7027         215.6891             0.0046                  1.23                 0.82                  2.05        0.0078            7.95
    5       2            7.7253         180.3343             0.0055                  2.54                 2.23                  4.76        0.0065            8.03
    6       3            7.6988         443.0105             0.0023                  0.45                 0.46                  0.91        0.0161           16.16
    7       3            7.6960         212.2287             0.0047                  1.23                 0.89                  2.12        0.0077            7.85
    8       3            7.7158         176.4082             0.0057                  2.54                 2.29                  4.83        0.0064            7.91
    9       3            7.6912         188.9297             0.0053                  1.23                 1.22                  2.45        0.0068            7.08
   10       3            7.7268         154.6877             0.0065                  2.54                 2.63                  5.16        0.0056            7.20
   11       3            7.7365         152.2601             0.0066                  3.32                 3.03                  6.35        0.0055            6.01
   12       4            7.6903         188.9277             0.0053                  1.23                 1.29                  2.52        0.0068            7.08
   13       4            7.7239         155.0330             0.0065                  2.54                 2.69                  5.23        0.0056            7.23
   14       4            7.7323         148.9581             0.0067                  3.32                 3.10                  6.42        0.0054            5.90
   15       4            7.7292         126.3168             0.0079                  3.32                 3.43                  6.75        0.0046            5.17
   16       5            7.7257         125.7219             0.0080                  3.32                 3.49                  6.81        0.0046            5.13

Summary Statistics:
------------------------------------------------------------------------------------------------------------------------
            Comp     Groups  Wall Time/Evt (s)  CPU Time/Evt (s)  Throughput (evt/s)  Write Remote (MB/evt)  Read Remote (MB/evt)  Net Transfer (MB/evt)  CPU Cores/Evt  Memory/Evt (MB)
count  16.000000  16.000000          16.000000         16.000000           16.000000              16.000000             16.000000              16.000000      16.000000        16.000000
mean    8.500000   3.000000           7.714492        240.524757            0.005125               1.884766              1.752898               3.637663       0.008717         9.295875
std     4.760952   1.032796           0.015874        131.009158            0.001987               1.152134              1.237646               2.381192       0.004737         4.425348
min     1.000000   1.000000           7.690344        125.721859            0.002125               0.449219              0.000000               0.449219       0.004552         5.125200
25%     4.750000   2.000000           7.698912        154.080787            0.004042               1.035156              0.733700               1.768857       0.005595         6.813700
50%     8.500000   3.000000           7.719838        184.630984            0.005419               1.884766              1.758238               3.643003       0.006689         7.538400
75%    12.250000   4.000000           7.726981        272.519461            0.006490               2.734375              2.776683               5.511058       0.009866        10.062900
max    16.000000   5.000000           7.736450        470.526895            0.007954               3.320312              3.492515               6.812828       0.016998        16.998400
