Workflow Construction Summary Table
========================================================================================================================

 Comp  Groups Wall Time/Evt (s) CPU Time/Evt (s) Throughput (evt/s) Write Remote (MB/evt) Read Remote (MB/evt) Net Transfer (MB/evt) CPU Cores/Evt Memory/Evt (MB)
    1       2           41.3006         317.5489             0.0031                  0.89                 0.55                  1.44        0.0221           22.52
    2       2           41.3006         317.5489             0.0031                  0.89                 0.55                  1.44        0.0221           21.95
    3       3           41.3097         317.5740             0.0031                  0.89                 0.70                  1.59        0.0222           22.53
    4       3           41.3097         317.5740             0.0031                  0.89                 0.70                  1.59        0.0222           21.96
    5       3           41.1392         315.0252             0.0032                  0.89                 0.70                  1.59        0.0221           22.40
    6       3           41.1392         315.0252             0.0032                  0.89                 0.70                  1.59        0.0221           21.96
    7       3           41.1605         161.0410             0.0062                  1.50                 1.18                  2.68        0.0113           22.49
    8       3           41.1605         161.0410             0.0062                  1.50                 1.18                  2.68        0.0113           21.92
    9       3           40.9778         309.5941             0.0032                  0.89                 1.10                  1.99        0.0218           21.96
   10       3           40.8747         283.8286             0.0035                  2.06                 1.75                  3.81        0.0200           22.52
   11       3           40.8747         283.8286             0.0035                  2.06                 1.75                  3.81        0.0200           21.96
   12       4           41.1417         315.0432             0.0032                  0.89                 0.85                  1.74        0.0221           22.41
   13       4           41.1417         315.0432             0.0032                  0.89                 0.85                  1.74        0.0221           21.97
   14       4           41.1521         161.0137             0.0062                  1.50                 1.33                  2.83        0.0113           22.49
   15       4           41.1521         161.0137             0.0062                  1.50                 1.33                  2.83        0.0113           21.92
   16       4           40.9785         309.5966             0.0032                  0.89                 1.25                  2.14        0.0218           21.95
   17       4           40.9785         309.5966             0.0032                  0.89                 1.25                  2.14        0.0218           21.96
   18       4           40.9948         160.3944             0.0062                  1.50                 1.33                  2.83        0.0113           22.37
   19       4           40.9948         160.3944             0.0062                  1.50                 1.33                  2.83        0.0113           21.93
   20       4           40.8600         283.8004             0.0035                  2.06                 1.89                  3.96        0.0200           22.52
   21       4           40.7352         159.3843             0.0063                  2.68                 2.38                  5.06        0.0113           22.49
   22       4           40.8600         283.8004             0.0035                  2.06                 1.89                  3.96        0.0200           21.96
   23       4           40.7352         159.3843             0.0063                  2.68                 2.38                  5.06        0.0113           21.92
   24       4           40.8251         283.6781             0.0035                  2.06                 1.90                  3.96        0.0200           22.38
   25       4           40.8251         283.6781             0.0035                  2.06                 1.90                  3.96        0.0200           21.95
   26       4           40.8040         283.5541             0.0035                  2.06                 2.30                  4.36        0.0200           21.93
   27       4           40.8297         159.7587             0.0063                  1.50                 1.73                  3.24        0.0113           21.90
   28       5           40.9679         309.5706             0.0032                  0.89                 1.40                  2.29        0.0218           21.96
   29       5           40.9893         160.3728             0.0062                  1.50                 1.48                  2.98        0.0113           22.37
   30       5           40.9893         160.3728             0.0062                  1.50                 1.48                  2.98        0.0113           21.94
   31       5           40.7180         159.3392             0.0063                  2.68                 2.53                  5.21        0.0113           22.48
   32       5           40.7180         159.3392             0.0063                  2.68                 2.53                  5.21        0.0113           21.91
   33       5           40.8170         283.6397             0.0035                  2.06                 2.05                  4.11        0.0200           22.38
   34       5           40.8170         283.6397             0.0035                  2.06                 2.05                  4.11        0.0200           21.95
   35       5           40.7769         283.4954             0.0035                  2.06                 2.45                  4.51        0.0200           21.95
   36       5           40.7769         283.4954             0.0035                  2.06                 2.45                  4.51        0.0200           21.93
   37       5           40.8225         159.7336             0.0063                  1.50                 1.87                  3.38        0.0113           21.93
   38       5           40.8225         159.7336             0.0063                  1.50                 1.87                  3.38        0.0113           21.92
   39       5           40.6761         159.2030             0.0063                  2.68                 2.53                  5.20        0.0113           22.34
   40       5           40.6761         159.2030             0.0063                  2.68                 2.53                  5.20        0.0113           21.92
   41       5           40.6721         159.1483             0.0063                  2.68                 2.93                  5.61        0.0113           21.91
   42       6           40.7849         283.5008             0.0035                  2.06                 2.60                  4.66        0.0200           21.94
   43       6           40.8129         159.7040             0.0063                  1.50                 2.02                  3.53        0.0113           21.92
   44       6           40.6708         159.1819             0.0063                  2.68                 2.68                  5.36        0.0113           22.35
   45       6           40.6708         159.1819             0.0063                  2.68                 2.68                  5.36        0.0113           21.91
   46       6           40.6521         159.0978             0.0063                  2.68                 3.08                  5.75        0.0113           21.92
   47       6           40.6521         159.0978             0.0063                  2.68                 3.08                  5.75        0.0113           21.91
   48       7           40.6533         159.0895             0.0063                  2.68                 3.23                  5.91        0.0113           21.91

Summary Statistics:
------------------------------------------------------------------------------------------------------------------------
        Comp     Groups  Wall Time/Evt (s)  CPU Time/Evt (s)  Throughput (evt/s)  Write Remote (MB/evt)  Read Remote (MB/evt)  Net Transfer (MB/evt)  CPU Cores/Evt  Memory/Evt (MB)
count  48.00  48.000000          48.000000         48.000000           48.000000              48.000000             48.000000              48.000000      48.000000        48.000000
mean   24.50   4.333333          40.910254        229.331327            0.004806               1.782451              1.797435               3.579886       0.016134        22.104033
std    14.00   1.117241           0.199514         71.122300            0.001472               0.668887              0.740062               1.381968       0.004972         0.245630
min     1.00   2.000000          40.652148        159.089530            0.003149               0.888672              0.550792               1.439464       0.011258        21.901800
25%    12.75   4.000000          40.766503        159.624050            0.003450               1.350435              1.253678               2.585646       0.011265        21.922100
50%    24.50   4.000000          40.844854        222.268217            0.004868               1.782451              1.874758               3.668491       0.015640        21.955000
75%    36.25   5.000000          41.030865        290.264104            0.006265               2.214468              2.447020               4.759119       0.020453        22.376150
max    48.00   7.000000          41.309676        317.573979            0.006286               2.676230              3.230042               5.906272       0.022150        22.532800
