Workflow Construction Summary Table
========================================================================================================================

 Comp  Groups Wall Time/Evt (s) CPU Time/Evt (s) Throughput (evt/s) Write Remote (MB/evt) Read Remote (MB/evt) Net Transfer (MB/evt) CPU Cores/Evt Memory/Evt (MB)
    1       1            8.1487         518.6329             0.0019                  0.45                 0.00                  0.45        0.2490          248.96
    2       2            7.9103         500.2602             0.0020                  0.45                 0.06                  0.51        0.2471          247.22
    3       2            7.6723         462.2543             0.0022                  0.45                 0.38                  0.83        0.2354          236.77
    4       2            7.5449         231.0130             0.0043                  1.23                 0.79                  2.02        0.1139          116.02
    5       2            7.5574         185.4379             0.0054                  2.54                 2.10                  4.64        0.0940          116.10
    6       3            7.6595         462.2034             0.0022                  0.45                 0.44                  0.89        0.2354          236.74
    7       3            7.4375         221.0822             0.0045                  1.23                 0.85                  2.08        0.1122          114.46
    8       3            7.4888         177.8638             0.0056                  2.54                 2.17                  4.70        0.0923          114.42
    9       3            7.3395         191.8883             0.0052                  1.23                 1.17                  2.40        0.1004          103.90
   10       3            7.4397         151.9469             0.0066                  2.54                 2.48                  5.02        0.0805          103.93
   11       3            7.4079         156.4574             0.0064                  3.32                 2.89                  6.21        0.0790           86.14
   12       4            7.3266         191.8947             0.0052                  1.23                 1.23                  2.46        0.1005          103.90
   13       4            7.4270         151.9531             0.0066                  2.54                 2.55                  5.08        0.0806          103.97
   14       4            7.3397         148.9609             0.0067                  3.32                 2.95                  6.27        0.0774           84.66
   15       4            7.2907         123.0311             0.0081                  3.32                 3.27                  6.59        0.0656           74.10
   16       5            7.2778         123.0365             0.0081                  3.32                 3.33                  6.65        0.0657           74.12

Summary Statistics:
------------------------------------------------------------------------------------------------------------------------
            Comp     Groups  Wall Time/Evt (s)  CPU Time/Evt (s)  Throughput (evt/s)  Write Remote (MB/evt)  Read Remote (MB/evt)  Net Transfer (MB/evt)  CPU Cores/Evt  Memory/Evt (MB)
count  16.000000  16.000000          16.000000         16.000000           16.000000              16.000000             16.000000              16.000000      16.000000        16.000000
mean    8.500000   3.000000           7.516766        249.869775            0.005067               1.884766              1.665326               3.550091       0.126812       135.337625
std     4.760952   1.032796           0.236822        144.366458            0.002085               1.152134              1.175720               2.319488       0.069999        65.343090
min     1.000000   1.000000           7.277775        123.031063            0.001928               0.449219              0.000000               0.449219       0.065624        74.104000
25%     4.750000   2.000000           7.339689        151.951552            0.003787               1.035156              0.700094               1.735250       0.080157        99.458000
50%     8.500000   3.000000           7.438611        188.663057            0.005302               1.884766              1.664837               3.549603       0.097220       109.196000
75%    12.250000   4.000000           7.582895        288.810621            0.006581               2.734375              2.630887               5.365262       0.144262       146.256000
max    16.000000   5.000000           8.148684        518.632851            0.008128               3.320312              3.330954               6.651266       0.248960       248.960000
