Workflow Construction Summary Table
========================================================================================================================

 Comp  Groups Wall Time/Evt (s) CPU Time/Evt (s) Throughput (evt/s) Write Remote (MB/evt) Read Remote (MB/evt) Net Transfer (MB/evt) CPU Cores/Evt Memory/Evt (MB)
    1       1            7.4997          58.7678             0.0170                  0.45                 0.00                  0.45        0.0080            8.00
    2       2            7.4393          58.0739             0.0172                  0.45                 0.07                  0.52        0.0080            7.98
    3       2            7.3747          56.1318             0.0178                  0.45                 0.38                  0.83        0.0078            7.78
    4       2            7.3809          49.3696             0.0203                  2.54                 2.13                  4.67        0.0068            7.30
    5       2            7.3499          44.5319             0.0225                  1.23                 0.79                  2.03        0.0062            5.24
    6       3            7.3777          55.4250             0.0180                  0.45                 0.45                  0.90        0.0077            7.79
    7       3            7.3639          49.3032             0.0203                  2.54                 2.20                  4.73        0.0069            7.29
    8       3            7.3258          44.4317             0.0225                  1.23                 0.86                  2.09        0.0062            5.21
    9       3            7.3488          49.2534             0.0203                  2.54                 2.51                  5.05        0.0069            7.08
   10       3            7.3003          44.3374             0.0226                  1.23                 1.18                  2.41        0.0062            5.01
   11       3            7.3531          44.5339             0.0225                  3.32                 2.92                  6.25        0.0062            5.09
   12       4            7.3509          48.5224             0.0206                  2.54                 2.58                  5.12        0.0068            7.08
   13       4            7.2973          43.5965             0.0229                  1.23                 1.25                  2.48        0.0061            5.02
   14       4            7.3361          44.4670             0.0225                  3.32                 2.99                  6.31        0.0062            5.07
   15       4            7.3260          44.4273             0.0225                  3.32                 3.31                  6.63        0.0062            4.87
   16       5            7.3232          43.6943             0.0229                  3.32                 3.37                  6.69        0.0061            4.88

Summary Statistics:
------------------------------------------------------------------------------------------------------------------------
            Comp     Groups  Wall Time/Evt (s)  CPU Time/Evt (s)  Throughput (evt/s)  Write Remote (MB/evt)  Read Remote (MB/evt)  Net Transfer (MB/evt)  CPU Cores/Evt  Memory/Evt (MB)
count  16.000000  16.000000          16.000000         16.000000           16.000000              16.000000             16.000000              16.000000      16.000000        16.000000
mean    8.500000   3.000000           7.359226         48.679188            0.020771               1.884766              1.686688               3.571453       0.006772         6.292063
std     4.760952   1.032796           0.050919          5.477765            0.002170               1.152134              1.190243               2.333994       0.000705         1.314807
min     1.000000   1.000000           7.297341         43.596465            0.017016               0.449219              0.000000               0.449219       0.006124         4.867000
25%     4.750000   2.000000           7.325938         44.430576            0.019702               1.035156              0.708173               1.743330       0.006220         5.055000
50%     8.500000   3.000000           7.350394         46.528178            0.021532               1.884766              1.688386               3.573152       0.006494         6.158000
75%    12.250000   4.000000           7.375457         50.883469            0.022507               2.734375              2.665628               5.400003       0.007066         7.416750
max    16.000000   5.000000           7.499749         58.767765            0.022938               3.320312              3.371541               6.691853       0.008000         8.000000
