Workflow Construction Summary Table
========================================================================================================================

 Comp  Groups Wall Time/Evt (s) CPU Time/Evt (s) Throughput (evt/s) Write Remote (MB/evt) Read Remote (MB/evt) Net Transfer (MB/evt) CPU Cores/Evt Memory/Evt (MB)
    1       1            7.0350          55.9318             0.0179                  0.45                 0.00                  0.45        0.0013            1.29
    2       2            7.0251          55.8531             0.0179                  0.45                 0.06                  0.51        0.0013            1.30
    3       2            7.0151          55.7736             0.0179                  0.45                 0.38                  0.83        0.0013            1.30
    4       2            7.0091          55.7262             0.0179                  2.54                 2.09                  4.63        0.0013            1.30
    5       2            7.0094          55.7285             0.0179                  1.23                 0.78                  2.01        0.0013            1.30
    6       3            7.0145          55.7692             0.0179                  0.45                 0.44                  0.89        0.0013            1.30
    7       3            7.0063          55.7036             0.0180                  2.54                 2.16                  4.70        0.0013            1.30
    8       3            7.0049          55.6928             0.0180                  1.23                 0.85                  2.08        0.0013            1.30
    9       3            7.0041          55.6865             0.0180                  2.54                 2.47                  5.01        0.0013            1.30
   10       3            7.0007          55.6596             0.0180                  1.23                 1.16                  2.39        0.0013            1.30
   11       3            7.0024          55.6729             0.0180                  3.32                 2.88                  6.20        0.0013            1.30
   12       4            7.0036          55.6821             0.0180                  2.54                 2.53                  5.07        0.0013            1.30
   13       4            7.0002          55.6551             0.0180                  1.23                 1.22                  2.45        0.0013            1.30
   14       4            6.9995          55.6498             0.0180                  3.32                 2.94                  6.26        0.0013            1.30
   15       4            6.9974          55.6328             0.0180                  3.32                 3.26                  6.58        0.0013            1.30
   16       5            6.9968          55.6286             0.0180                  3.32                 3.32                  6.64        0.0013            1.30

Summary Statistics:
------------------------------------------------------------------------------------------------------------------------
            Comp     Groups  Wall Time/Evt (s)  CPU Time/Evt (s)  Throughput (evt/s)  Write Remote (MB/evt)  Read Remote (MB/evt)  Net Transfer (MB/evt)  CPU Cores/Evt  Memory/Evt (MB)
count  16.000000  16.000000          16.000000         16.000000           16.000000              16.000000             16.000000              16.000000      16.000000        16.000000
mean    8.500000   3.000000           7.007745         55.715385            0.017948               1.884766              1.659181               3.543947       0.001298         1.297800
std     4.760952   1.032796           0.010383          0.082534            0.000027               1.152134              1.171981               2.315815       0.000002         0.001927
min     1.000000   1.000000           6.996833         55.628578            0.017879               0.449219              0.000000               0.449219       0.001294         1.294400
25%     4.750000   2.000000           7.000583         55.658493            0.017941               1.035156              0.697434               1.732590       0.001296         1.296000
50%     8.500000   3.000000           7.004502         55.689624            0.017957               1.884766              1.658780               3.543546       0.001298         1.297600
75%    12.250000   4.000000           7.010647         55.738644            0.017967               2.734375              2.620874               5.355249       0.001299         1.299200
max    16.000000   5.000000           7.034973         55.931834            0.017976               3.320312              3.319258               6.639570       0.001302         1.302400
