Workflow Construction Summary Table
========================================================================================================================

 Comp  Groups Wall Time/Evt (s) CPU Time/Evt (s) Throughput (evt/s) Write Remote (MB/evt) Read Remote (MB/evt) Net Transfer (MB/evt) CPU Cores/Evt Memory/Evt (MB)
    1       1            7.6526         467.2185             0.0021                  0.45                 0.00                  0.45        0.0113           11.26
    2       2            7.6375         463.2873             0.0022                  0.45                 0.07                  0.52        0.0112           11.19
    3       2            7.6248         213.2488             0.0047                  1.23                 0.82                  2.05        0.0052            5.25
    4       2            7.6311         441.3093             0.0023                  0.45                 0.38                  0.83        0.0107           10.75
    5       2            7.6159         175.2535             0.0057                  2.54                 2.18                  4.71        0.0042            5.24
    6       3            7.6287         441.0432             0.0023                  0.45                 0.45                  0.90        0.0107           10.74
    7       3            7.6200         209.9451             0.0048                  1.23                 0.88                  2.11        0.0051            5.19
    8       3            7.5869         146.4754             0.0068                  3.32                 2.99                  6.31        0.0035            3.86
    9       3            7.6128         172.0582             0.0058                  2.54                 2.24                  4.78        0.0042            5.17
   10       3            7.6126         150.3006             0.0067                  2.54                 2.58                  5.12        0.0037            4.73
   11       3            7.6154         187.0429             0.0053                  1.23                 1.22                  2.45        0.0045            4.69
   12       4            7.6100         151.0551             0.0066                  2.54                 2.65                  5.19        0.0037            4.74
   13       4            7.6062         187.8030             0.0053                  1.23                 1.27                  2.50        0.0046            4.72
   14       4            7.5911         143.2533             0.0070                  3.32                 3.06                  6.38        0.0035            3.79
   15       4            7.5858         121.8984             0.0082                  3.32                 3.39                  6.71        0.0030            3.35
   16       5            7.6026         122.7097             0.0081                  3.32                 3.47                  6.79        0.0030            3.39

Summary Statistics:
------------------------------------------------------------------------------------------------------------------------
            Comp     Groups  Wall Time/Evt (s)  CPU Time/Evt (s)  Throughput (evt/s)  Write Remote (MB/evt)  Read Remote (MB/evt)  Net Transfer (MB/evt)  CPU Cores/Evt  Memory/Evt (MB)
count  16.000000  16.000000          16.000000         16.000000           16.000000              16.000000             16.000000              16.000000      16.000000        16.000000
mean    8.500000   3.000000           7.614618        237.118891            0.005244               1.884766              1.728372               3.613137       0.005740         6.128825
std     4.760952   1.032796           0.018192        131.661559            0.002075               1.152134              1.221929               2.365394       0.003176         2.963187
min     1.000000   1.000000           7.585829        121.898439            0.002140               0.449219              0.000000               0.449219       0.002963         3.348000
25%     4.750000   2.000000           7.605288        149.344295            0.004084               1.035156              0.727859               1.763016       0.003625         4.483400
50%     8.500000   3.000000           7.614102        181.148188            0.005526               1.884766              1.722796               3.607562       0.004381         4.958800
75%    12.250000   4.000000           7.625795        270.197362            0.006697               2.734375              2.736542               5.470917       0.006535         6.622500
max    16.000000   5.000000           7.652592        467.218470            0.008204               3.320312              3.468495               6.788808       0.011264        11.264000
