Workflow Construction Summary Table
========================================================================================================================

 Comp  Groups Wall Time/Evt (s) CPU Time/Evt (s) Throughput (evt/s) Write Remote (MB/evt) Read Remote (MB/evt) Net Transfer (MB/evt) CPU Cores/Evt Memory/Evt (MB)
    1       1            7.0422         448.4675             0.0022                  0.45                 0.00                  0.45        0.0155           15.50
    2       2            7.0274         444.5148             0.0022                  0.45                 0.06                  0.51        0.0154           15.40
    3       2            7.0127         422.4592             0.0024                  0.45                 0.38                  0.83        0.0147           14.74
    4       2            6.9995         204.7072             0.0049                  1.23                 0.78                  2.01        0.0071            7.22
    5       2            6.9955         168.7384             0.0059                  2.54                 2.09                  4.63        0.0058            7.22
    6       3            7.0119         422.4562             0.0024                  0.45                 0.44                  0.89        0.0147           14.74
    7       3            6.9928         201.2711             0.0050                  1.23                 0.85                  2.08        0.0070            7.12
    8       3            6.9912         165.4571             0.0060                  2.54                 2.16                  4.70        0.0057            7.12
    9       3            6.9868         179.5990             0.0056                  1.23                 1.16                  2.39        0.0062            6.45
   10       3            6.9883         144.1532             0.0069                  2.54                 2.47                  5.01        0.0050            6.46
   11       3            6.9867         141.8666             0.0070                  3.32                 2.88                  6.20        0.0049            5.35
   12       4            6.9860         179.5959             0.0056                  1.23                 1.23                  2.46        0.0062            6.45
   13       4            6.9875         144.1502             0.0069                  2.54                 2.53                  5.07        0.0050            6.46
   14       4            6.9825         138.5868             0.0072                  3.32                 2.94                  6.26        0.0048            5.27
   15       4            6.9796         117.2814             0.0085                  3.32                 3.25                  6.58        0.0041            4.60
   16       5            6.9788         117.2784             0.0085                  3.32                 3.32                  6.64        0.0041            4.60

Summary Statistics:
------------------------------------------------------------------------------------------------------------------------
            Comp     Groups  Wall Time/Evt (s)  CPU Time/Evt (s)  Throughput (evt/s)  Write Remote (MB/evt)  Read Remote (MB/evt)  Net Transfer (MB/evt)  CPU Cores/Evt  Memory/Evt (MB)
count  16.000000  16.000000          16.000000         16.000000           16.000000              16.000000             16.000000              16.000000      16.000000        16.000000
mean    8.500000   3.000000           6.996849        227.536429            0.005460               1.884766              1.659039               3.543805       0.007888         8.419650
std     4.760952   1.032796           0.017960        126.086610            0.002157               1.152134              1.171266               2.315076       0.004366         4.075197
min     1.000000   1.000000           6.978817        117.278412            0.002230               0.449219              0.000000               0.449219       0.004071         4.598800
25%     4.750000   2.000000           6.986555        143.579275            0.004256               1.035156              0.697978               1.733134       0.004980         6.176500
50%     8.500000   3.000000           6.989768        174.167142            0.005747               1.884766              1.659575               3.544341       0.006038         6.790600
75%    12.250000   4.000000           7.002574        259.144414            0.006965               2.734375              2.619342               5.353717       0.008978         9.100600
max    16.000000   5.000000           7.042219        448.467450            0.008527               3.320312              3.318399               6.638712       0.015501        15.500800
