Workflow Construction Summary Table
========================================================================================================================

 Comp  Groups Wall Time/Evt (s) CPU Time/Evt (s) Throughput (evt/s) Write Remote (MB/evt) Read Remote (MB/evt) Net Transfer (MB/evt) CPU Cores/Evt Memory/Evt (MB)
    1       1           10.7305         601.2442             0.0017                  0.45                 0.00                  0.45        0.3278          327.78
    2       2           10.4096         579.8045             0.0017                  0.45                 0.07                  0.52        0.3252          325.38
    3       2            9.9138         267.6655             0.0037                  1.23                 0.91                  2.14        0.1498          152.60
    4       2           10.0951         535.9049             0.0019                  0.45                 0.43                  0.88        0.3099          311.70
    5       2            9.9344         214.9130             0.0047                  2.54                 2.44                  4.98        0.1237          152.65
    6       3           10.0789         535.8828             0.0019                  0.45                 0.51                  0.96        0.3100          311.67
    7       3            9.7714         256.0272             0.0039                  1.23                 0.98                  2.21        0.1474          150.36
    8       3            9.7345         181.3238             0.0055                  3.32                 3.35                  6.67        0.1039          113.23
    9       3            9.8438         206.1465             0.0049                  2.54                 2.51                  5.05        0.1214          150.56
   10       3            9.7745         176.0163             0.0057                  2.54                 2.87                  5.41        0.1059          136.62
   11       3            9.6472         222.4422             0.0045                  1.23                 1.35                  2.58        0.1321          136.68
   12       4            9.7583         176.0564             0.0057                  2.54                 2.95                  5.48        0.1060          136.66
   13       4            9.6272         222.2623             0.0045                  1.23                 1.42                  2.65        0.1320          136.48
   14       4            9.6429         172.6548             0.0058                  3.32                 3.42                  6.74        0.1017          111.21
   15       4            9.5715         142.7167             0.0070                  3.32                 3.78                  7.10        0.0864           97.43
   16       5            9.5594         142.5069             0.0070                  3.32                 3.86                  7.18        0.0862           97.25

Summary Statistics:
------------------------------------------------------------------------------------------------------------------------
            Comp     Groups  Wall Time/Evt (s)  CPU Time/Evt (s)  Throughput (evt/s)  Write Remote (MB/evt)  Read Remote (MB/evt)  Net Transfer (MB/evt)  CPU Cores/Evt  Memory/Evt (MB)
count  16.000000  16.000000          16.000000         16.000000           16.000000              16.000000             16.000000              16.000000      16.000000        16.000000
mean    8.500000   3.000000           9.880812        289.598007            0.004372               1.884766              1.927716               3.812482       0.166842       178.016725
std     4.760952   1.032796           0.318984        167.384166            0.001799               1.152134              1.362160               2.505442       0.092219        86.110410
min     1.000000   1.000000           9.559408        142.506947            0.001663               0.449219              0.000000               0.449219       0.086222        97.250400
25%     4.750000   2.000000           9.646135        176.046370            0.003269               1.035156              0.810030               1.845187       0.105389       130.670000
50%     8.500000   3.000000           9.772960        218.587631            0.004576               1.884766              1.928354               3.813119       0.127833       143.517600
75%    12.250000   4.000000           9.970488        334.719834            0.005680               2.734375              3.045204               5.779579       0.189835       192.403300
max    16.000000   5.000000          10.730529        601.244211            0.007017               3.320312              3.856512               7.176825       0.327782       327.782400
