Workflow Construction Summary Table
========================================================================================================================

 Comp  Groups Wall Time/Evt (s) CPU Time/Evt (s) Throughput (evt/s) Write Remote (MB/evt) Read Remote (MB/evt) Net Transfer (MB/evt) CPU Cores/Evt Memory/Evt (MB)
    1       2           40.7000         313.1569             0.0032                  0.89                 0.54                  1.43        0.0074            7.49
    2       2           40.7000         313.1569             0.0032                  0.89                 0.54                  1.43        0.0074            7.31
    3       3           40.6996         313.1381             0.0032                  0.89                 0.69                  1.58        0.0074            7.50
    4       3           40.6996         313.1381             0.0032                  0.89                 0.69                  1.58        0.0074            7.31
    5       3           40.6468         311.4760             0.0032                  0.89                 0.70                  1.59        0.0073            7.45
    6       3           40.6468         311.4760             0.0032                  0.89                 0.70                  1.59        0.0073            7.31
    7       3           40.6778         159.3156             0.0063                  1.50                 1.18                  2.68        0.0038            7.49
    8       3           40.6778         159.3156             0.0063                  1.50                 1.18                  2.68        0.0038            7.30
    9       3           40.6156         306.9957             0.0033                  0.89                 1.10                  1.99        0.0072            7.30
   10       3           40.5909         282.0517             0.0035                  2.06                 1.75                  3.81        0.0067            7.49
   11       3           40.5909         282.0517             0.0035                  2.06                 1.75                  3.81        0.0067            7.31
   12       4           40.6464         311.4572             0.0032                  0.89                 0.85                  1.74        0.0073            7.45
   13       4           40.6464         311.4572             0.0032                  0.89                 0.85                  1.74        0.0073            7.31
   14       4           40.6779         159.3153             0.0063                  1.50                 1.33                  2.83        0.0038            7.49
   15       4           40.6779         159.3153             0.0063                  1.50                 1.33                  2.83        0.0038            7.30
   16       4           40.6126         307.0064             0.0033                  0.89                 1.25                  2.14        0.0072            7.31
   17       4           40.6126         307.0064             0.0033                  0.89                 1.25                  2.14        0.0072            7.31
   18       4           40.6230         159.1038             0.0063                  1.50                 1.33                  2.83        0.0038            7.45
   19       4           40.6230         159.1038             0.0063                  1.50                 1.33                  2.83        0.0038            7.30
   20       4           40.5903         282.0499             0.0035                  2.06                 1.90                  3.96        0.0067            7.50
   21       4           40.5439         158.8244             0.0063                  2.68                 2.38                  5.05        0.0038            7.49
   22       4           40.5903         282.0499             0.0035                  2.06                 1.90                  3.96        0.0067            7.31
   23       4           40.5439         158.8244             0.0063                  2.68                 2.38                  5.05        0.0038            7.30
   24       4           40.5726         281.9970             0.0035                  2.06                 1.90                  3.96        0.0067            7.45
   25       4           40.5726         281.9970             0.0035                  2.06                 1.90                  3.96        0.0067            7.30
   26       4           40.5773         282.0159             0.0035                  2.06                 2.30                  4.36        0.0067            7.30
   27       4           40.5580         158.8794             0.0063                  1.50                 1.73                  3.23        0.0037            7.29
   28       5           40.6209         307.0050             0.0033                  0.89                 1.40                  2.29        0.0072            7.31
   29       5           40.6170         159.0912             0.0063                  1.50                 1.48                  2.98        0.0038            7.45
   30       5           40.6170         159.0912             0.0063                  1.50                 1.48                  2.98        0.0038            7.30
   31       5           40.5435         158.8230             0.0063                  2.68                 2.53                  5.20        0.0038            7.49
   32       5           40.5435         158.8230             0.0063                  2.68                 2.53                  5.20        0.0038            7.30
   33       5           40.5636         281.9783             0.0035                  2.06                 2.04                  4.10        0.0067            7.45
   34       5           40.5636         281.9783             0.0035                  2.06                 2.04                  4.10        0.0067            7.30
   35       5           40.5595         281.9797             0.0035                  2.06                 2.45                  4.51        0.0067            7.31
   36       5           40.5595         281.9797             0.0035                  2.06                 2.45                  4.51        0.0067            7.30
   37       5           40.5531         158.8690             0.0063                  1.50                 1.88                  3.38        0.0038            7.30
   38       5           40.5531         158.8690             0.0063                  1.50                 1.88                  3.38        0.0038            7.29
   39       5           40.5348         158.7879             0.0063                  2.68                 2.53                  5.20        0.0038            7.44
   40       5           40.5348         158.7879             0.0063                  2.68                 2.53                  5.20        0.0038            7.30
   41       5           40.5303         158.7711             0.0063                  2.68                 2.93                  5.60        0.0038            7.30
   42       6           40.5539         281.9678             0.0035                  2.06                 2.60                  4.66        0.0067            7.30
   43       6           40.5562         158.8746             0.0063                  1.50                 2.03                  3.53        0.0038            7.29
   44       6           40.5340         158.7858             0.0063                  2.68                 2.68                  5.35        0.0038            7.45
   45       6           40.5340         158.7858             0.0063                  2.68                 2.68                  5.35        0.0038            7.30
   46       6           40.5306         158.7710             0.0063                  2.68                 3.08                  5.75        0.0038            7.30
   47       6           40.5306         158.7710             0.0063                  2.68                 3.08                  5.75        0.0038            7.31
   48       7           40.5228         158.7547             0.0063                  2.68                 3.23                  5.90        0.0038            7.30

Summary Statistics:
------------------------------------------------------------------------------------------------------------------------
        Comp     Groups  Wall Time/Evt (s)  CPU Time/Evt (s)  Throughput (evt/s)  Write Remote (MB/evt)  Read Remote (MB/evt)  Net Transfer (MB/evt)  CPU Cores/Evt  Memory/Evt (MB)
count  48.00  48.000000          48.000000         48.000000           48.000000              48.000000             48.000000              48.000000      48.000000        48.000000
mean   24.50   4.333333          40.595224        227.608762            0.004837               1.782451              1.795577               3.578028       0.005370         7.357992
std    14.00   1.117241           0.055186         70.148650            0.001474               0.668887              0.741180               1.382998       0.001651         0.080990
min     1.00   2.000000          40.522843        158.754729            0.003193               0.888672              0.544249               1.432921       0.003750         7.291600
25%    12.75   4.000000          40.550797        158.857842            0.003473               1.350435              1.247979               2.582757       0.003753         7.301300
50%    24.50   4.000000          40.583788        220.641678            0.004912               1.782451              1.878184               3.670266       0.005206         7.305400
75%    36.25   5.000000          40.628859        288.287727            0.006295               2.214468              2.448314               4.756382       0.006807         7.448000
max    48.00   7.000000          40.699960        313.156908            0.006299               2.676230              3.227041               5.903271       0.007369         7.497600
