Workflow Construction Summary Table
========================================================================================================================

 Comp  Groups Wall Time/Evt (s) CPU Time/Evt (s) Throughput (evt/s) Write Remote (MB/evt) Read Remote (MB/evt) Net Transfer (MB/evt) CPU Cores/Evt Memory/Evt (MB)
    1       1            7.8118         489.3520             0.0020                  0.45                 0.00                  0.45        0.1283          128.32
    2       2            7.6896         478.5897             0.0021                  0.45                 0.06                  0.51        0.1274          127.49
    3       2            7.5684         448.7981             0.0022                  0.45                 0.38                  0.83        0.1215          122.24
    4       2            7.5093         221.1923             0.0045                  1.23                 0.80                  2.03        0.0588           59.87
    5       2            7.5296         180.5660             0.0055                  2.54                 2.13                  4.67        0.0486           59.97
    6       3            7.5621         448.5469             0.0022                  0.45                 0.45                  0.90        0.1214          122.12
    7       3            7.4543         214.6466             0.0047                  1.23                 0.86                  2.09        0.0579           59.10
    8       3            7.4920         175.1902             0.0057                  2.54                 2.20                  4.74        0.0477           59.19
    9       3            7.4053         188.8123             0.0053                  1.23                 1.19                  2.42        0.0517           53.51
   10       3            7.4709         151.3345             0.0066                  2.54                 2.52                  5.06        0.0417           53.75
   11       3            7.4606         152.2301             0.0066                  3.32                 2.93                  6.26        0.0408           44.49
   12       4            7.3990         189.0121             0.0053                  1.23                 1.25                  2.48        0.0518           53.61
   13       4            7.4646         151.5329             0.0066                  2.54                 2.59                  5.13        0.0418           53.85
   14       4            7.4259         146.9485             0.0068                  3.32                 3.00                  6.32        0.0400           43.80
   15       4            7.4001         123.0574             0.0081                  3.32                 3.32                  6.64        0.0340           38.34
   16       5            7.3957         123.0963             0.0081                  3.32                 3.39                  6.71        0.0340           38.32

Summary Statistics:
------------------------------------------------------------------------------------------------------------------------
            Comp     Groups  Wall Time/Evt (s)  CPU Time/Evt (s)  Throughput (evt/s)  Write Remote (MB/evt)  Read Remote (MB/evt)  Net Transfer (MB/evt)  CPU Cores/Evt  Memory/Evt (MB)
count  16.000000  16.000000          16.000000         16.000000           16.000000              16.000000             16.000000              16.000000      16.000000         16.00000
mean    8.500000   3.000000           7.502441        242.681629            0.005152               1.884766              1.692077               3.576843       0.065469         69.87250
std     4.760952   1.032796           0.113683        136.483519            0.002064               1.152134              1.195791               2.339466       0.036064         33.66342
min     1.000000   1.000000           7.395711        123.057357            0.002044               0.449219              0.000000               0.449219       0.033966         38.32200
25%     4.750000   2.000000           7.420772        151.483275            0.003948               1.035156              0.711000               1.746156       0.041452         51.25250
50%     8.500000   3.000000           7.467728        184.689183            0.005417               1.884766              1.691705               3.576471       0.050133         56.47400
75%    12.250000   4.000000           7.537713        278.030988            0.006601               2.734375              2.676717               5.411092       0.074433         75.50550
max    16.000000   5.000000           7.811758        489.351994            0.008126               3.320312              3.385481               6.705794       0.128320        128.32000
