Workflow Construction Summary Table
========================================================================================================================

 Comp  Groups Wall Time/Evt (s) CPU Time/Evt (s) Throughput (evt/s) Write Remote (MB/evt) Read Remote (MB/evt) Net Transfer (MB/evt) CPU Cores/Evt Memory/Evt (MB)
    1       1            6.9285         443.4235             0.0023                  0.45                 0.00                  0.45        0.0051            5.12
    2       2            6.9244         440.1132             0.0023                  0.45                 0.06                  0.51        0.0051            5.13
    3       2            6.9225         418.7365             0.0024                  0.45                 0.38                  0.83        0.0049            4.91
    4       2            6.9314         203.5509             0.0049                  1.23                 0.78                  2.01        0.0023            2.39
    5       2            6.9574         169.3234             0.0059                  2.54                 2.09                  4.63        0.0020            2.45
    6       3            6.9229         418.7381             0.0024                  0.45                 0.44                  0.89        0.0049            4.92
    7       3            6.9299         200.4096             0.0050                  1.23                 0.84                  2.08        0.0024            2.40
    8       3            6.9566         166.2205             0.0060                  2.54                 2.15                  4.69        0.0019            2.39
    9       3            6.9310         179.2172             0.0056                  1.23                 1.16                  2.39        0.0021            2.19
   10       3            6.9586         145.0934             0.0069                  2.54                 2.47                  5.00        0.0017            2.18
   11       3            6.9697         142.7479             0.0070                  3.32                 2.87                  6.19        0.0017            1.83
   12       4            6.9314         179.2188             0.0056                  1.23                 1.22                  2.45        0.0021            2.19
   13       4            6.9590         145.0949             0.0069                  2.54                 2.53                  5.07        0.0017            2.19
   14       4            6.9688         139.6449             0.0072                  3.32                 2.93                  6.25        0.0016            1.78
   15       4            6.9708         118.5178             0.0084                  3.32                 3.25                  6.57        0.0014            1.56
   16       5            6.9712         118.5194             0.0084                  3.32                 3.31                  6.63        0.0014            1.57

Summary Statistics:
------------------------------------------------------------------------------------------------------------------------
            Comp     Groups  Wall Time/Evt (s)  CPU Time/Evt (s)  Throughput (evt/s)  Write Remote (MB/evt)  Read Remote (MB/evt)  Net Transfer (MB/evt)  CPU Cores/Evt  Memory/Evt (MB)
count  16.000000  16.000000          16.000000         16.000000           16.000000              16.000000             16.000000              16.000000      16.000000        16.000000
mean    8.500000   3.000000           6.945885        226.785627            0.005445               1.884766              1.655273               3.540039       0.002646         2.825000
std     4.760952   1.032796           0.019448        123.910937            0.002121               1.152134              1.168838               2.312666       0.001436         1.339651
min     1.000000   1.000000           6.922532        118.517834            0.002255               0.449219              0.000000               0.449219       0.001384         1.562000
25%     4.750000   2.000000           6.929572        144.506986            0.004282               1.035156              0.695801               1.730957       0.001690         2.091500
50%     8.500000   3.000000           6.943991        174.270297            0.005743               1.884766              1.655273               3.540039       0.002052         2.293000
75%    12.250000   4.000000           6.961465        257.347313            0.006920               2.734375              2.614746               5.349121       0.002985         3.064500
max    16.000000   5.000000           6.971229        443.423500            0.008438               3.320312              3.310547               6.630859       0.005124         5.128000
