Workflow Construction Summary Table
========================================================================================================================

 Comp  Groups Wall Time/Evt (s) CPU Time/Evt (s) Throughput (evt/s) Write Remote (MB/evt) Read Remote (MB/evt) Net Transfer (MB/evt) CPU Cores/Evt Memory/Evt (MB)
    1       1            9.6820          75.5591             0.0132                  0.45                 0.00                  0.45        0.0647           64.71
    2       2            9.1851          71.6822             0.0140                  0.45                 0.07                  0.51        0.0647           64.69
    3       2            8.6829          67.7622             0.0148                  0.45                 0.39                  0.84        0.0647           64.70
    4       2            8.3656          65.2868             0.0153                  2.54                 2.14                  4.68        0.0647           64.66
    5       2            8.3936          65.5029             0.0153                  1.23                 0.80                  2.03        0.0647           64.65
    6       3            8.6550          67.5439             0.0148                  0.45                 0.45                  0.90        0.0647           64.70
    7       3            8.2226          64.1699             0.0156                  2.54                 2.21                  4.75        0.0647           64.69
    8       3            8.1685          63.7461             0.0157                  1.23                 0.87                  2.10        0.0646           64.63
    9       3            8.1135          63.3194             0.0158                  2.54                 2.53                  5.07        0.0647           64.68
   10       3            7.9582          62.1057             0.0161                  1.23                 1.19                  2.42        0.0646           64.65
   11       3            8.0215          62.5993             0.0160                  3.32                 2.95                  6.27        0.0646           64.63
   12       4            8.0856          63.1015             0.0158                  2.54                 2.59                  5.13        0.0647           64.69
   13       4            7.9302          61.8870             0.0162                  1.23                 1.25                  2.48        0.0647           64.65
   14       4            7.8778          61.4789             0.0163                  3.32                 3.01                  6.33        0.0647           64.65
   15       4            7.7690          60.6297             0.0165                  3.32                 3.33                  6.65        0.0646           64.64
   16       5            7.7409          60.4108             0.0166                  3.32                 3.40                  6.72        0.0646           64.65

Summary Statistics:
------------------------------------------------------------------------------------------------------------------------
            Comp     Groups  Wall Time/Evt (s)  CPU Time/Evt (s)  Throughput (evt/s)  Write Remote (MB/evt)  Read Remote (MB/evt)  Net Transfer (MB/evt)  CPU Cores/Evt  Memory/Evt (MB)
count  16.000000  16.000000          16.000000         16.000000           16.000000              16.000000             16.000000              16.000000      16.000000        16.000000
mean    8.500000   3.000000           8.303248         64.799099            0.015487               1.884760              1.698305               3.583064       0.064668        64.667600
std     4.760952   1.032796           0.528325          4.123243            0.000917               1.152133              1.199211               2.342933       0.000026         0.025756
min     1.000000   1.000000           7.740927         60.410810            0.013235               0.449208              0.000000               0.449219       0.064630        64.630400
25%     4.750000   2.000000           7.951171         62.051008            0.015151               1.035156              0.713906               1.749059       0.064649        64.649200
50%     8.500000   3.000000           8.140996         63.532744            0.015740               1.884727              1.698209               3.582936       0.064658        64.658400
75%    12.250000   4.000000           8.458963         66.013143            0.016116               2.734375              2.682356               5.416731       0.064690        64.689600
max    16.000000   5.000000           9.682019         75.559134            0.016553               3.320312              3.396968               6.717280       0.064709        64.708800
