Workflow Construction Summary Table
========================================================================================================================

 Comp  Groups Wall Time/Evt (s) CPU Time/Evt (s) Throughput (evt/s) Write Remote (MB/evt) Read Remote (MB/evt) Net Transfer (MB/evt) CPU Cores/Evt Memory/Evt (MB)
    1       2           39.8160         311.7148             0.0032                  0.89                 0.54                  1.43        0.0213           21.72
    2       2           39.8160         311.7148             0.0032                  0.89                 0.54                  1.43        0.0213           21.17
    3       3           39.8106         311.6935             0.0032                  0.89                 0.69                  1.58        0.0214           21.72
    4       3           39.8106         311.6935             0.0032                  0.89                 0.69                  1.58        0.0214           21.17
    5       3           39.6551         309.2283             0.0032                  0.89                 0.69                  1.58        0.0213           21.60
    6       3           39.6551         309.2283             0.0032                  0.89                 0.69                  1.58        0.0213           21.18
    7       3           39.6589         158.0320             0.0063                  1.50                 1.16                  2.66        0.0109           21.67
    8       3           39.6589         158.0320             0.0063                  1.50                 1.16                  2.66        0.0109           21.12
    9       3           39.4963         303.8998             0.0033                  0.89                 1.08                  1.97        0.0210           21.16
   10       3           39.3740         278.5289             0.0036                  2.06                 1.72                  3.78        0.0193           21.69
   11       3           39.3740         278.5289             0.0036                  2.06                 1.72                  3.78        0.0193           21.14
   12       4           39.6497         309.2070             0.0032                  0.89                 0.83                  1.72        0.0213           21.60
   13       4           39.6497         309.2070             0.0032                  0.89                 0.83                  1.72        0.0213           21.18
   14       4           39.6536         158.0107             0.0063                  1.50                 1.31                  2.81        0.0109           21.67
   15       4           39.6536         158.0107             0.0063                  1.50                 1.31                  2.81        0.0109           21.12
   16       4           39.4910         303.8785             0.0033                  0.89                 1.23                  2.12        0.0210           21.17
   17       4           39.4910         303.8785             0.0033                  0.89                 1.23                  2.12        0.0210           21.16
   18       4           39.4997         157.3983             0.0064                  1.50                 1.31                  2.81        0.0109           21.55
   19       4           39.4997         157.3983             0.0064                  1.50                 1.31                  2.81        0.0109           21.13
   20       4           39.3716         278.5135             0.0036                  2.06                 1.86                  3.92        0.0193           21.70
   21       4           39.2489         156.4056             0.0064                  2.68                 2.33                  5.01        0.0109           21.67
   22       4           39.3716         278.5135             0.0036                  2.06                 1.86                  3.92        0.0193           21.15
   23       4           39.2489         156.4056             0.0064                  2.68                 2.33                  5.01        0.0109           21.12
   24       4           39.3423         278.4023             0.0036                  2.06                 1.86                  3.92        0.0193           21.57
   25       4           39.3423         278.4023             0.0036                  2.06                 1.86                  3.92        0.0193           21.15
   26       4           39.3216         278.3027             0.0036                  2.06                 2.26                  4.32        0.0193           21.15
   27       4           39.3456         156.7846             0.0064                  1.50                 1.70                  3.20        0.0109           21.12
   28       5           39.4856         303.8512             0.0033                  0.89                 1.37                  2.26        0.0210           21.16
   29       5           39.4943         157.3770             0.0064                  1.50                 1.45                  2.96        0.0109           21.56
   30       5           39.4943         157.3770             0.0064                  1.50                 1.45                  2.96        0.0109           21.13
   31       5           39.2464         156.3902             0.0064                  2.68                 2.48                  5.16        0.0109           21.67
   32       5           39.2464         156.3902             0.0064                  2.68                 2.48                  5.16        0.0109           21.12
   33       5           39.3399         278.3869             0.0036                  2.06                 2.01                  4.07        0.0193           21.57
   34       5           39.3399         278.3869             0.0036                  2.06                 2.01                  4.07        0.0193           21.15
   35       5           39.3163         278.2815             0.0036                  2.06                 2.40                  4.46        0.0193           21.15
   36       5           39.3163         278.2815             0.0036                  2.06                 2.40                  4.46        0.0193           21.15
   37       5           39.3402         156.7632             0.0064                  1.50                 1.85                  3.35        0.0109           21.12
   38       5           39.3402         156.7632             0.0064                  1.50                 1.85                  3.35        0.0109           21.12
   39       5           39.2171         156.2791             0.0064                  2.68                 2.48                  5.16        0.0109           21.54
   40       5           39.2171         156.2791             0.0064                  2.68                 2.48                  5.16        0.0109           21.12
   41       5           39.1936         156.1853             0.0064                  2.68                 2.87                  5.55        0.0109           21.12
   42       6           39.3110         278.2603             0.0036                  2.06                 2.55                  4.61        0.0193           21.15
   43       6           39.3349         156.7419             0.0064                  1.50                 1.99                  3.50        0.0109           21.12
   44       6           39.2147         156.2638             0.0064                  2.68                 2.63                  5.31        0.0109           21.55
   45       6           39.2147         156.2638             0.0064                  2.68                 2.63                  5.31        0.0109           21.12
   46       6           39.1854         156.1583             0.0064                  2.68                 3.02                  5.70        0.0109           21.12
   47       6           39.1854         156.1583             0.0064                  2.68                 3.02                  5.70        0.0109           21.12
   48       7           39.1829         156.1429             0.0064                  2.68                 3.17                  5.84        0.0109           21.12

Summary Statistics:
------------------------------------------------------------------------------------------------------------------------
        Comp     Groups  Wall Time/Evt (s)  CPU Time/Evt (s)  Throughput (evt/s)  Write Remote (MB/evt)  Read Remote (MB/evt)  Net Transfer (MB/evt)  CPU Cores/Evt  Memory/Evt (MB)
count  48.00  48.000000          48.000000         48.000000           48.000000              48.000000             48.000000              48.000000      48.000000        48.000000
mean   24.50   4.333333          39.427556        225.083240            0.004897               1.782451              1.764554               3.547005       0.015549        21.302483
std    14.00   1.117241           0.190450         69.813502            0.001500               0.668887              0.726773               1.368946       0.004794         0.236409
min     1.00   2.000000          39.182950        156.142921            0.003208               0.888672              0.540084               1.428756       0.010852        21.116800
25%    12.75   4.000000          39.295456        156.657832            0.003515               1.350435              1.226988               2.563184       0.010854        21.123400
50%    24.50   4.000000          39.358601        218.146180            0.004961               1.782451              1.846246               3.637198       0.015072        21.156200
75%    36.25   5.000000          39.537187        284.859489            0.006383               2.214468              2.403357               4.711207       0.019710        21.558600
max    48.00   7.000000          39.815968        311.714790            0.006404               2.676230              3.168666               5.844897       0.021350        21.718400
