Workflow Construction Summary Table
========================================================================================================================

 Comp  Groups Wall Time/Evt (s) CPU Time/Evt (s) Throughput (evt/s) Write Remote (MB/evt) Read Remote (MB/evt) Net Transfer (MB/evt) CPU Cores/Evt Memory/Evt (MB)
    1       1            7.7849          59.3165             0.0169                  0.45                 0.00                  0.45        0.0042            4.24
    2       2            7.7502          59.0605             0.0169                  0.45                 0.07                  0.51        0.0042            4.24
    3       2            7.6966          58.6648             0.0170                  1.23                 0.82                  2.05        0.0042            4.24
    4       2            7.7202          58.8230             0.0170                  0.45                 0.39                  0.84        0.0042            4.24
    5       2            7.6920          58.6501             0.0171                  2.54                 2.20                  4.74        0.0042            4.23
    6       3            7.7186          58.8099             0.0170                  0.45                 0.46                  0.90        0.0042            4.25
    7       3            7.6795          58.5430             0.0171                  1.23                 0.89                  2.12        0.0042            4.24
    8       3            7.6796          58.5250             0.0171                  3.32                 3.02                  6.34        0.0042            4.24
    9       3            7.6889          58.6038             0.0171                  2.54                 2.27                  4.81        0.0042            4.24
   10       3            7.6869          58.5713             0.0171                  2.54                 2.60                  5.14        0.0042            4.25
   11       3            7.6693          58.4536             0.0171                  1.23                 1.22                  2.45        0.0042            4.24
   12       4            7.6824          58.5470             0.0171                  2.54                 2.66                  5.20        0.0042            4.25
   13       4            7.6672          58.4391             0.0171                  1.23                 1.28                  2.51        0.0042            4.25
   14       4            7.6621          58.4212             0.0171                  3.32                 3.08                  6.40        0.0042            4.24
   15       4            7.6462          58.3332             0.0171                  3.32                 3.41                  6.73        0.0042            4.23
   16       5            7.6417          58.3086             0.0172                  3.32                 3.47                  6.79        0.0042            4.24

Summary Statistics:
------------------------------------------------------------------------------------------------------------------------
            Comp     Groups  Wall Time/Evt (s)  CPU Time/Evt (s)  Throughput (evt/s)  Write Remote (MB/evt)  Read Remote (MB/evt)  Net Transfer (MB/evt)  CPU Cores/Evt  Memory/Evt (MB)
count  16.000000  16.000000          16.000000         16.000000           16.000000              16.000000             16.000000              16.000000      16.000000        16.000000
mean    8.500000   3.000000           7.691636         58.629418            0.017057               1.884766              1.739520               3.624285       0.004241         4.241400
std     4.760952   1.032796           0.037080          0.265840            0.000077               1.152134              1.228822               2.372656       0.000005         0.004849
min     1.000000   1.000000           7.641682         58.308596            0.016859               0.449219              0.000000               0.449219       0.004234         4.233600
25%     4.750000   2.000000           7.668752         58.449995            0.017035               1.035156              0.728948               1.764104       0.004238         4.238000
50%     8.500000   3.000000           7.684645         58.559127            0.017077               1.884766              1.742610               3.627376       0.004242         4.241600
75%    12.250000   4.000000           7.702091         58.701042            0.017109               2.734375              2.750394               5.484769       0.004245         4.245200
max    16.000000   5.000000           7.784864         59.316532            0.017150               3.320312              3.470924               6.791236       0.004250         4.249600
