Workflow Construction Summary Table
========================================================================================================================

 Comp  Groups Wall Time/Evt (s) CPU Time/Evt (s) Throughput (evt/s) Write Remote (MB/evt) Read Remote (MB/evt) Net Transfer (MB/evt) CPU Cores/Evt Memory/Evt (MB)
    1       1            7.0221         447.1840             0.0022                  0.45                 0.00                  0.45        0.0103           10.33
    2       2            7.0128         443.5460             0.0023                  0.45                 0.06                  0.51        0.0103           10.26
    3       2            7.0209         205.2446             0.0049                  1.23                 0.79                  2.02        0.0047            4.84
    4       2            7.0147         421.8378             0.0024                  0.45                 0.38                  0.83        0.0098            9.84
    5       2            7.0469         170.6903             0.0059                  2.54                 2.10                  4.64        0.0039            4.86
    6       3            7.0148         421.8382             0.0024                  0.45                 0.44                  0.89        0.0098            9.84
    7       3            7.0171         201.9521             0.0050                  1.23                 0.85                  2.08        0.0047            4.78
    8       3            7.0558         143.6719             0.0070                  3.32                 2.89                  6.21        0.0033            3.60
    9       3            7.0446         167.4982             0.0060                  2.54                 2.17                  4.71        0.0039            4.79
   10       3            7.0368         145.9908             0.0068                  2.54                 2.48                  5.02        0.0034            4.34
   11       3            7.0160         180.5924             0.0055                  1.23                 1.16                  2.39        0.0042            4.33
   12       4            7.0369         145.9911             0.0068                  2.54                 2.54                  5.08        0.0034            4.34
   13       4            7.0160         180.5926             0.0055                  1.23                 1.23                  2.46        0.0042            4.33
   14       4            7.0536         140.4801             0.0071                  3.32                 2.95                  6.27        0.0032            3.54
   15       4            7.0545         119.2542             0.0084                  3.32                 3.26                  6.58        0.0028            3.11
   16       5            7.0546         119.2546             0.0084                  3.32                 3.33                  6.65        0.0028            3.11

Summary Statistics:
------------------------------------------------------------------------------------------------------------------------
            Comp     Groups  Wall Time/Evt (s)  CPU Time/Evt (s)  Throughput (evt/s)  Write Remote (MB/evt)  Read Remote (MB/evt)  Net Transfer (MB/evt)  CPU Cores/Evt  Memory/Evt (MB)
count  16.000000  16.000000          16.000000         16.000000           16.000000              16.000000             16.000000              16.000000      16.000000        16.000000
mean    8.500000   3.000000           7.032380        228.476180            0.005407               1.884766              1.664257               3.549022       0.005284         5.639075
std     4.760952   1.032796           0.017115        124.940968            0.002109               1.152134              1.174691               2.318524       0.002896         2.702531
min     1.000000   1.000000           7.012817        119.254232            0.002236               0.449219              0.000000               0.449219       0.002754         3.106400
25%     4.750000   2.000000           7.016014        145.411039            0.004247               1.035156              0.700438               1.735594       0.003348         4.147100
50%     8.500000   3.000000           7.029441        175.641356            0.005698               1.884766              1.664544               3.549310       0.004062         4.560800
75%    12.250000   4.000000           7.048540        259.392907            0.006877               2.734375              2.627001               5.361376       0.006006         6.102400
max    16.000000   5.000000           7.055791        447.183993            0.008385               3.320312              3.327968               6.648281       0.010330        10.329600
