Workflow Construction Summary Table
========================================================================================================================

 Comp  Groups Wall Time/Evt (s) CPU Time/Evt (s) Throughput (evt/s) Write Remote (MB/evt) Read Remote (MB/evt) Net Transfer (MB/evt) CPU Cores/Evt Memory/Evt (MB)
    1       1            8.4573          66.0625             0.0151                  0.45                 0.00                  0.45        0.0323           32.29
    2       2            8.2091          64.1280             0.0156                  0.45                 0.07                  0.51        0.0323           32.28
    3       2            7.9601          62.1890             0.0161                  0.45                 0.38                  0.83        0.0323           32.28
    4       2            7.8430          61.2653             0.0163                  2.54                 2.15                  4.68        0.0322           32.21
    5       2            7.8307          61.1663             0.0163                  1.23                 0.80                  2.03        0.0322           32.23
    6       3            7.9476          62.0883             0.0161                  0.45                 0.45                  0.90        0.0323           32.29
    7       3            7.7717          60.7095             0.0165                  2.54                 2.21                  4.75        0.0322           32.21
    8       3            7.7162          60.2823             0.0166                  1.23                 0.87                  2.10        0.0322           32.21
    9       3            7.7176          60.2990             0.0166                  2.54                 2.53                  5.07        0.0322           32.20
   10       3            7.6145          59.4885             0.0168                  1.23                 1.19                  2.42        0.0322           32.22
   11       3            7.6880          60.0541             0.0167                  3.32                 2.94                  6.27        0.0322           32.21
   12       4            7.7069          60.2052             0.0166                  2.54                 2.60                  5.14        0.0322           32.21
   13       4            7.6028          59.3913             0.0168                  1.23                 1.25                  2.48        0.0322           32.23
   14       4            7.6144          59.4891             0.0168                  3.32                 3.01                  6.33        0.0322           32.21
   15       4            7.5634          59.0911             0.0169                  3.32                 3.33                  6.65        0.0322           32.21
   16       5            7.5501          58.9869             0.0170                  3.32                 3.39                  6.71        0.0322           32.22

Summary Statistics:
------------------------------------------------------------------------------------------------------------------------
            Comp     Groups  Wall Time/Evt (s)  CPU Time/Evt (s)  Throughput (evt/s)  Write Remote (MB/evt)  Read Remote (MB/evt)  Net Transfer (MB/evt)  CPU Cores/Evt  Memory/Evt (MB)
count  16.000000  16.000000          16.000000         16.000000           16.000000              16.000000             16.000000              16.000000      16.000000        16.000000
mean    8.500000   3.000000           7.799595         60.931027            0.016427               1.884766              1.697725               3.582491       0.032232        32.232400
std     4.760952   1.032796           0.246522          1.923578            0.000498               1.152134              1.198873               2.342619       0.000033         0.032589
min     1.000000   1.000000           7.550075         58.986894            0.015137               0.449219              0.000000               0.449219       0.032200        32.200000
25%     4.750000   2.000000           7.614455         59.488936            0.016268               1.035156              0.713394               1.748550       0.032211        32.210800
50%     8.500000   3.000000           7.716905         60.290662            0.016586               1.884766              1.698372               3.583137       0.032216        32.216000
75%    12.250000   4.000000           7.869156         61.471030            0.016810               2.734375              2.683484               5.417859       0.032244        32.244000
max    16.000000   5.000000           8.457272         66.062497            0.016953               3.320312              3.394293               6.714606       0.032293        32.292800
