Workflow Construction Summary Table
========================================================================================================================

 Comp  Groups Wall Time/Evt (s) CPU Time/Evt (s) Throughput (evt/s) Write Remote (MB/evt) Read Remote (MB/evt) Net Transfer (MB/evt) CPU Cores/Evt Memory/Evt (MB)
    1       1            9.5782         527.3037             0.0019                  0.45                 0.00                  0.45        0.0071            7.10
    2       2            9.5784         521.5431             0.0019                  0.44                 0.06                  0.51        0.0071            7.14
    3       2            9.5783         497.9501             0.0020                  0.44                 0.42                  0.86        0.0068            6.87
    4       2            9.4839         227.7330             0.0044                  1.23                 0.88                  2.11        0.0031            3.14
    5       2            9.6136         195.9761             0.0051                  2.54                 2.42                  4.96        0.0028            3.47
    6       3            9.5783         497.9501             0.0020                  0.44                 0.49                  0.93        0.0068            6.89
    7       3            9.5839         225.2132             0.0044                  1.23                 0.95                  2.18        0.0031            3.18
    8       3            9.6647         194.6121             0.0051                  2.54                 2.52                  5.06        0.0028            3.44
    9       3            9.5175         204.9574             0.0049                  1.23                 1.31                  2.54        0.0028            2.89
   10       3            9.4251         164.7467             0.0061                  2.50                 2.76                  5.26        0.0023            2.97
   11       3            9.4168         161.9587             0.0062                  3.32                 3.25                  6.58        0.0022            2.45
   12       4            9.5925         209.8820             0.0048                  1.23                 1.36                  2.59        0.0029            3.06
   13       4            9.5135         167.5432             0.0060                  2.54                 2.88                  5.42        0.0024            3.05
   14       4            9.5118         154.0492             0.0065                  3.32                 3.33                  6.65        0.0022            2.41
   15       4            9.2701         130.9329             0.0076                  3.30                 3.60                  6.91        0.0018            2.07
   16       5            9.4080         131.2519             0.0076                  3.32                 3.75                  7.07        0.0018            2.11

Summary Statistics:
------------------------------------------------------------------------------------------------------------------------
            Comp     Groups  Wall Time/Evt (s)  CPU Time/Evt (s)  Throughput (evt/s)  Write Remote (MB/evt)  Read Remote (MB/evt)  Net Transfer (MB/evt)  CPU Cores/Evt  Memory/Evt (MB)
count  16.000000  16.000000          16.000000         16.000000           16.000000              16.000000             16.000000              16.000000      16.000000        16.000000
mean    8.500000   3.000000           9.519668        263.350223            0.004782               1.880381              1.873908               3.754290       0.003629         3.889750
std     4.760952   1.032796           0.099581        150.726673            0.001942               1.150595              1.324477               2.467075       0.002030         1.900685
min     1.000000   1.000000           9.270060        130.932914            0.001896               0.443676              0.000000               0.449219       0.001828         2.070000
25%     4.750000   2.000000           9.469189        164.049689            0.003795               1.035156              0.780130               1.814037       0.002269         2.776500
50%     8.500000   3.000000           9.547863        200.466776            0.004991               1.866342              1.892644               3.777410       0.002802         3.100000
75%    12.250000   4.000000           9.579763        295.287264            0.006096               2.729934              2.971624               5.705999       0.004025         4.322500
max    16.000000   5.000000           9.664712        527.303741            0.007637               3.320312              3.746663               7.066976       0.007120         7.136000
