Workflow Construction Summary Table
========================================================================================================================

 Comp  Groups Wall Time/Evt (s) CPU Time/Evt (s) Throughput (evt/s) Write Remote (MB/evt) Read Remote (MB/evt) Net Transfer (MB/evt) CPU Cores/Evt Memory/Evt (MB)
    1       2           51.4624         180.7317             0.0055                  0.89                 0.61                  1.50        0.0047            9.48
    2       2           51.4624         180.7317             0.0055                  0.89                 0.61                  1.50        0.0047            9.48
    3       3           51.4302         180.6635             0.0055                  0.89                 0.78                  1.67        0.0047            9.48
    4       3           51.4302         180.6635             0.0055                  0.89                 0.78                  1.67        0.0047            9.48
    5       3           51.3486         180.3975             0.0055                  0.89                 0.79                  1.68        0.0047            9.47
    6       3           51.3486         180.3975             0.0055                  0.89                 0.79                  1.68        0.0047            9.47
    7       3           51.3029         180.3085             0.0055                  1.50                 1.34                  2.84        0.0047            9.46
    8       3           51.3029         180.3085             0.0055                  1.50                 1.34                  2.84        0.0047            9.46
    9       3           51.2926         180.1808             0.0055                  0.89                 1.25                  2.13        0.0047            9.48
   10       3           51.2432         180.0025             0.0056                  2.06                 1.98                  4.04        0.0047            9.48
   11       3           51.2432         180.0025             0.0056                  2.06                 1.98                  4.04        0.0047            9.48
   12       4           51.3564         180.4096             0.0055                  0.89                 0.95                  1.84        0.0047            9.49
   13       4           51.3564         180.4096             0.0055                  0.89                 0.95                  1.84        0.0047            9.49
   14       4           51.3137         180.3266             0.0055                  1.50                 1.49                  3.00        0.0047            9.48
   15       4           51.3137         180.3266             0.0055                  1.50                 1.49                  3.00        0.0047            9.48
   16       4           51.2839         180.1599             0.0056                  0.89                 1.40                  2.28        0.0047            9.49
   17       4           51.2839         180.1599             0.0056                  0.89                 1.40                  2.28        0.0047            9.49
   18       4           51.1959         179.9893             0.0056                  1.50                 1.50                  3.01        0.0047            9.46
   19       4           51.1959         179.9893             0.0056                  1.50                 1.50                  3.01        0.0047            9.46
   20       4           51.2084         179.9293             0.0056                  2.06                 2.15                  4.21        0.0047            9.48
   21       4           51.0195         179.4720             0.0056                  2.68                 2.69                  5.36        0.0047            9.45
   22       4           51.2084         179.9293             0.0056                  2.06                 2.15                  4.21        0.0047            9.48
   23       4           51.0195         179.4720             0.0056                  2.68                 2.69                  5.36        0.0047            9.45
   24       4           51.2204         179.9359             0.0056                  2.06                 2.15                  4.21        0.0047            9.49
   25       4           51.2204         179.9359             0.0056                  2.06                 2.15                  4.21        0.0047            9.49
   26       4           51.0812         179.6418             0.0056                  2.06                 2.59                  4.65        0.0047            9.45
   27       4           51.1514         179.7982             0.0056                  1.50                 1.95                  3.45        0.0047            9.46
   28       5           51.2866         180.1618             0.0056                  0.89                 1.57                  2.46        0.0047            9.49
   29       5           51.1640         179.9221             0.0056                  1.50                 1.65                  3.16        0.0047            9.46
   30       5           51.1640         179.9221             0.0056                  1.50                 1.65                  3.16        0.0047            9.46
   31       5           51.0180         179.4654             0.0056                  2.68                 2.86                  5.54        0.0047            9.45
   32       5           51.0180         179.4654             0.0056                  2.68                 2.86                  5.54        0.0047            9.45
   33       5           51.1933         179.8780             0.0056                  2.06                 2.32                  4.38        0.0047            9.48
   34       5           51.1933         179.8780             0.0056                  2.06                 2.32                  4.38        0.0047            9.48
   35       5           51.0797         179.6353             0.0056                  2.06                 2.76                  4.82        0.0047            9.47
   36       5           51.0797         179.6353             0.0056                  2.06                 2.76                  4.82        0.0047            9.47
   37       5           51.2173         179.9267             0.0056                  1.50                 2.12                  3.62        0.0047            9.49
   38       5           51.2173         179.9267             0.0056                  1.50                 2.12                  3.62        0.0047            9.49
   39       5           51.0761         179.5643             0.0056                  2.68                 2.85                  5.52        0.0047            9.48
   40       5           51.0761         179.5643             0.0056                  2.68                 2.85                  5.52        0.0047            9.48
   41       5           51.0226         179.4415             0.0056                  2.68                 3.32                  6.00        0.0047            9.46
   42       6           51.0804         179.6330             0.0056                  2.06                 2.92                  4.98        0.0047            9.47
   43       6           51.2228         179.9340             0.0056                  1.50                 2.29                  3.80        0.0047            9.49
   44       6           51.0271         179.4626             0.0056                  2.68                 3.02                  5.69        0.0047            9.47
   45       6           51.0271         179.4626             0.0056                  2.68                 3.02                  5.69        0.0047            9.47
   46       6           50.9143         179.2212             0.0056                  2.68                 3.46                  6.14        0.0047            9.45
   47       6           50.9143         179.2212             0.0056                  2.68                 3.46                  6.14        0.0047            9.45
   48       7           50.9799         179.3489             0.0056                  2.68                 3.64                  6.32        0.0047            9.47

Summary Statistics:
------------------------------------------------------------------------------------------------------------------------
        Comp     Groups  Wall Time/Evt (s)  CPU Time/Evt (s)  Throughput (evt/s)  Write Remote (MB/evt)  Read Remote (MB/evt)  Net Transfer (MB/evt)  CPU Cores/Evt  Memory/Evt (MB)
count  48.00  48.000000          48.000000         48.000000           48.000000              48.000000             48.000000              48.000000      48.000000        48.000000
mean   24.50   4.333333          51.193091        179.936322            0.005558               1.782451              2.025783               3.808235       0.004736         9.472467
std    14.00   1.117241           0.141790          0.402186            0.000012               0.668887              0.837788               1.478807       0.000007         0.013169
min     1.00   2.000000          50.914298        179.221190            0.005533               0.888672              0.611831               1.500503       0.004724         9.448000
25%    12.75   4.000000          51.078827        179.615849            0.005549               1.350435              1.395575               2.745658       0.004731         9.462000
50%    24.50   4.000000          51.208351        179.929278            0.005558               1.782451              2.119994               3.917833       0.004738         9.475200
75%    36.25   5.000000          51.295152        180.212712            0.005567               2.214468              2.757230               5.075228       0.004742         9.483600
max    48.00   7.000000          51.462446        180.731688            0.005580               2.676230              3.642828               6.319058       0.004746         9.492800
