Workflow Construction Summary Table
========================================================================================================================

 Comp  Groups Wall Time/Evt (s) CPU Time/Evt (s) Throughput (evt/s) Write Remote (MB/evt) Read Remote (MB/evt) Net Transfer (MB/evt) CPU Cores/Evt Memory/Evt (MB)
    1       1           10.2250         621.8369             0.0016                  0.45                 0.00                  0.45        0.5467          546.68
    2       2            9.7003         586.5181             0.0017                  0.45                 0.07                  0.52        0.5427          542.92
    3       2            9.1708         529.0938             0.0019                  0.45                 0.40                  0.84        0.5172          520.12
    4       2            8.8644         269.4622             0.0037                  1.23                 0.82                  2.05        0.2496          254.27
    5       2            8.8398         209.1963             0.0048                  2.54                 2.21                  4.74        0.2065          255.08
    6       3            9.1412         528.9491             0.0019                  0.45                 0.46                  0.91        0.5171          519.94
    7       3            8.6259         251.5794             0.0040                  1.23                 0.89                  2.12        0.2456          250.55
    8       3            8.6879         196.5938             0.0051                  2.54                 2.27                  4.81        0.2030          251.81
    9       3            8.4066         212.6542             0.0047                  1.23                 1.22                  2.45        0.2196          227.28
   10       3            8.5725         164.1508             0.0061                  2.54                 2.60                  5.14        0.1768          228.29
   11       3            8.4770         176.4579             0.0057                  3.32                 3.03                  6.35        0.1735          189.08
   12       4            8.3768         212.8597             0.0047                  1.23                 1.29                  2.52        0.2202          227.74
   13       4            8.5434         164.1092             0.0061                  2.54                 2.67                  5.21        0.1769          228.32
   14       4            8.3247         163.8135             0.0061                  3.32                 3.10                  6.41        0.1699          185.72
   15       4            8.2116         131.5432             0.0076                  3.32                 3.43                  6.75        0.1440          162.50
   16       5            8.1816         131.4438             0.0076                  3.32                 3.49                  6.81        0.1440          162.42

Summary Statistics:
------------------------------------------------------------------------------------------------------------------------
            Comp     Groups  Wall Time/Evt (s)  CPU Time/Evt (s)  Throughput (evt/s)  Write Remote (MB/evt)  Read Remote (MB/evt)  Net Transfer (MB/evt)  CPU Cores/Evt  Memory/Evt (MB)
count  16.000000  16.000000          16.000000         16.000000           16.000000              16.000000             16.000000              16.000000      16.000000        16.000000
mean    8.500000   3.000000           8.771850        284.391368            0.004576               1.884556              1.746691               3.631247       0.278332       297.045325
std     4.760952   1.032796           0.556251        173.519025            0.001990               1.152002              1.233524               2.376979       0.153820       143.620984
min     1.000000   1.000000           8.181608        131.443827            0.001608               0.449184              0.000000               0.449184       0.144003       162.418800
25%     4.750000   2.000000           8.399124        164.140431            0.003256               1.034913              0.733604               1.768610       0.175973       217.731700
50%     8.500000   3.000000           8.599241        210.925244            0.004741               1.884502              1.746312               3.630996       0.213051       239.433400
75%    12.250000   4.000000           8.933576        334.333947            0.006092               2.734166              2.760254               5.494285       0.316449       321.298100
max    16.000000   5.000000          10.224951        621.836851            0.007608               3.320233              3.493784               6.814017       0.546675       546.675200
