Workflow Construction Summary Table
========================================================================================================================

 Comp  Groups Wall Time/Evt (s) CPU Time/Evt (s) Throughput (evt/s) Write Remote (MB/evt) Read Remote (MB/evt) Net Transfer (MB/evt) CPU Cores/Evt Memory/Evt (MB)
    1       1            7.8208          59.1890             0.0169                  0.45                 0.00                  0.45        0.0022            2.15
    2       2            7.8342          58.9830             0.0170                  0.45                 0.06                  0.51        0.0022            2.16
    3       2            7.8211          57.3452             0.0174                  0.45                 0.40                  0.85        0.0021            2.10
    4       2            7.8528          50.7658             0.0197                  2.54                 2.20                  4.73        0.0019            1.97
    5       2            7.8243          45.9187             0.0218                  1.23                 0.82                  2.05        0.0017            1.41
    6       3            7.8209          56.6047             0.0177                  0.45                 0.47                  0.92        0.0021            2.11
    7       3            7.8259          50.7052             0.0197                  2.54                 2.25                  4.79        0.0019            1.97
    8       3            7.8178          45.8942             0.0218                  1.23                 0.89                  2.12        0.0017            1.43
    9       3            7.8488          50.7510             0.0197                  2.54                 2.59                  5.13        0.0019            1.93
   10       3            7.8143          45.8802             0.0218                  1.23                 1.22                  2.45        0.0017            1.35
   11       3            7.8301          45.9920             0.0217                  3.32                 3.01                  6.33        0.0017            1.39
   12       4            7.8486          49.9812             0.0200                  2.54                 2.65                  5.19        0.0018            1.93
   13       4            7.8141          45.1109             0.0222                  1.23                 1.29                  2.52        0.0017            1.36
   14       4            7.8348          45.9942             0.0217                  3.32                 3.08                  6.40        0.0017            1.38
   15       4            7.8257          45.9757             0.0218                  3.32                 3.41                  6.73        0.0017            1.33
   16       5            7.8256          45.2647             0.0221                  3.32                 3.47                  6.79        0.0017            1.34

Summary Statistics:
------------------------------------------------------------------------------------------------------------------------
            Comp     Groups  Wall Time/Evt (s)  CPU Time/Evt (s)  Throughput (evt/s)  Write Remote (MB/evt)  Read Remote (MB/evt)  Net Transfer (MB/evt)  CPU Cores/Evt  Memory/Evt (MB)
count  16.000000  16.000000          16.000000         16.000000           16.000000              16.000000             16.000000              16.000000      16.000000        16.000000
mean    8.500000   3.000000           7.828740         50.022225            0.020184               1.884766              1.738434               3.623199       0.001843         1.708250
std     4.760952   1.032796           0.012155          5.224721            0.001974               1.152134              1.224457               2.367788       0.000184         0.352202
min     1.000000   1.000000           7.814126         45.110886            0.016895               0.449219              0.000000               0.449219       0.001672         1.330000
25%     4.750000   2.000000           7.820876         45.912562            0.019190               1.035156              0.734177               1.769333       0.001695         1.377750
50%     8.500000   3.000000           7.825642         47.987673            0.020875               1.884766              1.742155               3.626921       0.001776         1.675500
75%    12.250000   4.000000           7.834374         52.225562            0.021781               2.734375              2.742648               5.477023       0.001924         2.006500
max    16.000000   5.000000           7.852751         59.188981            0.022168               3.320312              3.473547               6.793860       0.002164         2.164000
