Workflow Construction Summary Table
========================================================================================================================

 Comp  Groups Wall Time/Evt (s) CPU Time/Evt (s) Throughput (evt/s) Write Remote (MB/evt) Read Remote (MB/evt) Net Transfer (MB/evt) CPU Cores/Evt Memory/Evt (MB)
    1       2           51.9855        2821.2402             0.0004                  0.89                 0.62                  1.51        0.1104          110.78
    2       2           51.9855        2821.2402             0.0004                  0.89                 0.62                  1.51        0.1104          110.78
    3       3           51.9955        2820.1553             0.0004                  0.89                 0.79                  1.68        0.1104          110.66
    4       3           51.9955        2820.1553             0.0004                  0.89                 0.79                  1.68        0.1104          110.66
    5       3           51.9045        2794.3812             0.0004                  0.89                 0.79                  1.68        0.1097          110.04
    6       3           51.9045        2794.3812             0.0004                  0.89                 0.79                  1.68        0.1097          110.04
    7       3           51.9930        2815.4441             0.0004                  1.50                 1.34                  2.85        0.1101          110.48
    8       3           51.9930        2815.4441             0.0004                  1.50                 1.34                  2.85        0.1101          110.48
    9       3           51.8504        2718.7888             0.0004                  0.89                 1.24                  2.13        0.1069          107.61
   10       3           51.9933         848.8249             0.0012                  2.06                 1.99                  4.05        0.0329           44.33
   11       3           51.9933         848.8249             0.0012                  2.06                 1.99                  4.05        0.0329           44.33
   12       4           51.9252        2793.5257             0.0004                  0.89                 0.96                  1.84        0.1096          109.94
   13       4           51.9252        2793.5257             0.0004                  0.89                 0.96                  1.84        0.1096          109.94
   14       4           52.0114        2814.6933             0.0004                  1.50                 1.51                  3.01        0.1101          110.39
   15       4           52.0114        2814.6933             0.0004                  1.50                 1.51                  3.01        0.1101          110.39
   16       4           51.8345        2716.9533             0.0004                  0.89                 1.41                  2.30        0.1068          107.45
   17       4           51.8345        2716.9533             0.0004                  0.89                 1.41                  2.30        0.1068          107.45
   18       4           51.9641        2789.3454             0.0004                  1.50                 1.52                  3.02        0.1094          109.78
   19       4           51.9641        2789.3454             0.0004                  1.50                 1.52                  3.02        0.1094          109.78
   20       4           52.0010         848.0154             0.0012                  2.06                 2.16                  4.22        0.0328           44.21
   21       4           51.9411         708.1305             0.0014                  2.68                 2.70                  5.37        0.0273           44.20
   22       4           52.0010         848.0154             0.0012                  2.06                 2.16                  4.22        0.0328           44.21
   23       4           51.9411         708.1305             0.0014                  2.68                 2.70                  5.37        0.0273           44.20
   24       4           51.9279         824.5545             0.0012                  2.06                 2.16                  4.22        0.0319           43.38
   25       4           51.9279         824.5545             0.0012                  2.06                 2.16                  4.22        0.0319           43.38
   26       4           51.8693         754.4531             0.0013                  2.06                 2.60                  4.66        0.0293           41.04
   27       4           51.8456        2711.3348             0.0004                  1.50                 1.97                  3.48        0.1065          107.19
   28       5           51.8686        2716.4715             0.0004                  0.89                 1.58                  2.46        0.1068          107.38
   29       5           51.9255        2787.3121             0.0004                  1.50                 1.68                  3.18        0.1093          109.61
   30       5           51.9255        2787.3121             0.0004                  1.50                 1.68                  3.18        0.1093          109.61
   31       5           51.9105         707.0010             0.0014                  2.68                 2.85                  5.53        0.0273           44.11
   32       5           51.9105         707.0010             0.0014                  2.68                 2.85                  5.53        0.0273           44.11
   33       5           51.9879         825.3414             0.0012                  2.06                 2.32                  4.38        0.0320           43.41
   34       5           51.9879         825.3414             0.0012                  2.06                 2.32                  4.38        0.0320           43.41
   35       5           51.8584         753.6537             0.0013                  2.06                 2.76                  4.82        0.0292           40.94
   36       5           51.8584         753.6537             0.0013                  2.06                 2.76                  4.82        0.0292           40.94
   37       5           51.8281        2709.6871             0.0004                  1.50                 2.14                  3.64        0.1064          107.04
   38       5           51.8281        2709.6871             0.0004                  1.50                 2.14                  3.64        0.1064          107.04
   39       5           51.9107         684.1656             0.0015                  2.68                 2.85                  5.53        0.0264           43.31
   40       5           51.9107         684.1656             0.0015                  2.68                 2.85                  5.53        0.0264           43.31
   41       5           51.8901         610.7626             0.0016                  2.68                 3.32                  6.00        0.0235           40.76
   42       6           51.9003         751.9858             0.0013                  2.06                 2.93                  4.99        0.0292           40.80
   43       6           51.8710        2708.4790             0.0004                  1.50                 2.32                  3.82        0.1063          106.92
   44       6           51.9219         683.1447             0.0015                  2.68                 3.02                  5.70        0.0264           43.21
   45       6           51.9219         683.1447             0.0015                  2.68                 3.02                  5.70        0.0264           43.21
   46       6           51.8542         607.6332             0.0016                  2.68                 3.47                  6.15        0.0233           40.56
   47       6           51.8542         607.6332             0.0016                  2.68                 3.47                  6.15        0.0233           40.56
   48       7           51.9208         608.1783             0.0016                  2.68                 3.66                  6.33        0.0234           40.51

Summary Statistics:
------------------------------------------------------------------------------------------------------------------------
        Comp     Groups  Wall Time/Evt (s)  CPU Time/Evt (s)  Throughput (evt/s)  Write Remote (MB/evt)  Read Remote (MB/evt)  Net Transfer (MB/evt)  CPU Cores/Evt  Memory/Evt (MB)
count  48.00  48.000000          48.000000         48.000000           48.000000              48.000000             48.000000              48.000000      48.000000        48.000000
mean   24.50   4.333333          51.924270       1755.976239            0.000867               1.782451              2.035153               3.817605       0.068652        75.996575
std    14.00   1.117241           0.056963       1031.154812            0.000524               0.668887              0.835859               1.476511       0.040642        33.613829
min     1.00   2.000000          51.828094        607.633193            0.000354               0.888672              0.623969               1.512641       0.023337        40.511800
25%    12.75   4.000000          51.870603        741.021971            0.000358               1.350435              1.408790               2.751970       0.028702        43.358950
50%    24.50   4.000000          51.923572       1778.651965            0.000774               1.782451              2.136692               3.936900       0.069605        75.623900
75%    36.25   5.000000          51.986080       2790.390470            0.001350               2.214468              2.763084               5.086498       0.109466       109.824350
max    48.00   7.000000          52.011364       2821.240246            0.001646               2.676230              3.658025               6.334255       0.110412       110.775600
