Workflow Construction Summary Table
========================================================================================================================

 Comp  Groups Wall Time/Evt (s) CPU Time/Evt (s) Throughput (evt/s) Write Remote (MB/evt) Read Remote (MB/evt) Net Transfer (MB/evt) CPU Cores/Evt Memory/Evt (MB)
    1       1            8.4696          66.2746             0.0151                  0.45                 0.00                  0.45        0.0322           32.18
    2       2            8.2294          64.3945             0.0155                  0.45                 0.06                  0.51        0.0322           32.19
    3       2            8.0118          62.6941             0.0160                  0.45                 0.39                  0.84        0.0322           32.19
    4       2            8.2526          64.5722             0.0155                  2.54                 2.14                  4.68        0.0321           32.12
    5       2            7.9929          62.5409             0.0160                  1.23                 0.80                  2.03        0.0321           32.14
    6       3            8.0035          62.6329             0.0160                  0.45                 0.45                  0.90        0.0322           32.21
    7       3            8.1878          64.0640             0.0156                  2.54                 2.21                  4.74        0.0321           32.13
    8       3            7.8866          61.7134             0.0162                  1.23                 0.86                  2.09        0.0322           32.15
    9       3            8.1665          63.8973             0.0157                  2.54                 2.53                  5.07        0.0321           32.13
   10       3            7.8158          61.1543             0.0164                  1.23                 1.19                  2.42        0.0321           32.14
   11       3            8.2433          64.5052             0.0155                  3.32                 2.94                  6.26        0.0321           32.13
   12       4            8.1581          63.8355             0.0157                  2.54                 2.59                  5.13        0.0321           32.14
   13       4            7.8083          61.0974             0.0164                  1.23                 1.25                  2.48        0.0322           32.18
   14       4            8.1760          63.9891             0.0156                  3.32                 3.00                  6.32        0.0322           32.16
   15       4            8.1569          63.8303             0.0157                  3.32                 3.32                  6.65        0.0321           32.14
   16       5            8.1509          63.7783             0.0157                  3.32                 3.39                  6.71        0.0322           32.16

Summary Statistics:
------------------------------------------------------------------------------------------------------------------------
            Comp     Groups  Wall Time/Evt (s)  CPU Time/Evt (s)  Throughput (evt/s)  Write Remote (MB/evt)  Read Remote (MB/evt)  Net Transfer (MB/evt)  CPU Cores/Evt  Memory/Evt (MB)
count  16.000000  16.000000          16.000000         16.000000           16.000000              16.000000             16.000000              16.000000      16.000000        16.000000
mean    8.500000   3.000000           8.106876         63.435878            0.015771               1.884766              1.694500               3.579265       0.032155        32.155000
std     4.760952   1.032796           0.175786          1.375851            0.000343               1.152134              1.196604               2.340297       0.000028         0.027694
min     1.000000   1.000000           7.808298         61.097421            0.015089               0.449219              0.000000               0.449219       0.032120        32.120000
25%     4.750000   2.000000           8.000829         62.609869            0.015589               1.035156              0.712394               1.747551       0.032134        32.134000
50%     8.500000   3.000000           8.157474         63.832885            0.015666               1.884766              1.693045               3.577810       0.032148        32.148000
75%    12.250000   4.000000           8.198218         64.146615            0.015972               2.734375              2.676777               5.411152       0.032178        32.178000
max    16.000000   5.000000           8.469622         66.274574            0.016367               3.320312              3.389089               6.709401       0.032208        32.208000
