Workflow Construction Summary Table
========================================================================================================================

 Comp  Groups Wall Time/Evt (s) CPU Time/Evt (s) Throughput (evt/s) Write Remote (MB/evt) Read Remote (MB/evt) Net Transfer (MB/evt) CPU Cores/Evt Memory/Evt (MB)
    1       2           43.2345         323.5888             0.0031                  0.89                 0.56                  1.45        0.0117           11.90
    2       2           43.2345         323.5888             0.0031                  0.89                 0.56                  1.45        0.0117           11.60
    3       3           43.2258         323.5777             0.0031                  0.89                 0.72                  1.60        0.0117           11.90
    4       3           43.2258         323.5777             0.0031                  0.89                 0.72                  1.60        0.0117           11.60
    5       3           43.1609         321.7190             0.0031                  0.89                 0.72                  1.61        0.0117           11.84
    6       3           43.1609         321.7190             0.0031                  0.89                 0.72                  1.61        0.0117           11.61
    7       3           43.1489         164.3834             0.0061                  1.50                 1.22                  2.72        0.0060           11.89
    8       3           43.1489         164.3834             0.0061                  1.50                 1.22                  2.72        0.0060           11.58
    9       3           43.0658         316.8273             0.0032                  0.89                 1.13                  2.01        0.0115           11.60
   10       3           42.9386         290.5416             0.0034                  2.06                 1.80                  3.86        0.0106           11.89
   11       3           42.9386         290.5416             0.0034                  2.06                 1.80                  3.86        0.0106           11.58
   12       4           43.1365         321.6532             0.0031                  0.89                 0.87                  1.76        0.0117           11.84
   13       4           43.1365         321.6532             0.0031                  0.89                 0.87                  1.76        0.0117           11.61
   14       4           43.1369         164.3542             0.0061                  1.50                 1.37                  2.88        0.0060           11.89
   15       4           43.1369         164.3542             0.0061                  1.50                 1.37                  2.88        0.0060           11.58
   16       4           43.0529         316.8194             0.0032                  0.89                 1.27                  2.16        0.0115           11.60
   17       4           43.0529         316.8194             0.0032                  0.89                 1.27                  2.16        0.0115           11.60
   18       4           43.0319         163.9919             0.0061                  1.50                 1.37                  2.88        0.0060           11.82
   19       4           43.0319         163.9919             0.0061                  1.50                 1.37                  2.88        0.0060           11.59
   20       4           42.9356         290.5418             0.0034                  2.06                 1.96                  4.02        0.0106           11.89
   21       4           42.8982         163.4771             0.0061                  2.68                 2.45                  5.13        0.0060           11.88
   22       4           42.9356         290.5418             0.0034                  2.06                 1.96                  4.02        0.0106           11.58
   23       4           42.8982         163.4771             0.0061                  2.68                 2.45                  5.13        0.0060           11.58
   24       4           42.9363         290.4938             0.0034                  2.06                 1.96                  4.02        0.0106           11.82
   25       4           42.9363         290.4938             0.0034                  2.06                 1.96                  4.02        0.0106           11.59
   26       4           42.8747         290.2546             0.0034                  2.06                 2.37                  4.43        0.0106           11.58
   27       4           42.9545         163.6838             0.0061                  1.50                 1.78                  3.28        0.0060           11.58
   28       5           43.0473         316.7911             0.0032                  0.89                 1.43                  2.32        0.0115           11.60
   29       5           43.0218         163.9661             0.0061                  1.50                 1.53                  3.03        0.0060           11.82
   30       5           43.0218         163.9661             0.0061                  1.50                 1.53                  3.03        0.0060           11.58
   31       5           42.9077         163.4909             0.0061                  2.68                 2.60                  5.28        0.0060           11.90
   32       5           42.9077         163.4909             0.0061                  2.68                 2.60                  5.28        0.0060           11.59
   33       5           42.9235         290.4745             0.0034                  2.06                 2.11                  4.17        0.0106           11.83
   34       5           42.9235         290.4745             0.0034                  2.06                 2.11                  4.17        0.0106           11.60
   35       5           42.8583         290.2279             0.0034                  2.06                 2.52                  4.58        0.0106           11.58
   36       5           42.8583         290.2279             0.0034                  2.06                 2.52                  4.58        0.0106           11.58
   37       5           42.9455         163.6604             0.0061                  1.50                 1.93                  3.44        0.0060           11.58
   38       5           42.9455         163.6604             0.0061                  1.50                 1.93                  3.44        0.0060           11.58
   39       5           42.8709         163.3909             0.0061                  2.68                 2.60                  5.28        0.0060           11.81
   40       5           42.8709         163.3909             0.0061                  2.68                 2.60                  5.28        0.0060           11.59
   41       5           42.8856         163.3966             0.0061                  2.68                 3.02                  5.70        0.0060           11.58
   42       6           42.8573         290.2322             0.0034                  2.06                 2.67                  4.73        0.0106           11.59
   43       6           42.9495         163.6630             0.0061                  1.50                 2.09                  3.59        0.0060           11.59
   44       6           42.8763         163.3963             0.0061                  2.68                 2.76                  5.44        0.0060           11.83
   45       6           42.8763         163.3963             0.0061                  2.68                 2.76                  5.44        0.0060           11.58
   46       6           42.8767         163.3735             0.0061                  2.68                 3.17                  5.85        0.0060           11.60
   47       6           42.8767         163.3735             0.0061                  2.68                 3.17                  5.85        0.0060           11.58
   48       7           42.8718         163.3583             0.0061                  2.68                 3.33                  6.00        0.0060           11.58

Summary Statistics:
------------------------------------------------------------------------------------------------------------------------
        Comp     Groups  Wall Time/Evt (s)  CPU Time/Evt (s)  Throughput (evt/s)  Write Remote (MB/evt)  Read Remote (MB/evt)  Net Transfer (MB/evt)  CPU Cores/Evt  Memory/Evt (MB)
count  48.00  48.000000          48.000000         48.000000           48.000000              48.000000             48.000000              48.000000      48.000000        48.000000
mean   24.50   4.333333          42.994629        234.634419            0.004695               1.782451              1.850228               3.632679       0.008524        11.679500
std    14.00   1.117241           0.120333         72.500063            0.001433               0.668887              0.764601               1.406644       0.002622         0.130642
min     1.00   2.000000          42.857326        163.358296            0.003090               0.888672              0.564476               1.453148       0.005952        11.577200
25%    12.75   4.000000          42.895054        163.618059            0.003371               1.350435              1.273307               2.620587       0.005957        11.583400
50%    24.50   4.000000          42.942053        227.305664            0.004764               1.782451              1.931198               3.727966       0.008255        11.597400
75%    36.25   5.000000          43.083492        297.104141            0.006112               2.214468              2.519007               4.832087       0.010803        11.824000
max    48.00   7.000000          43.234478        323.588770            0.006122               2.676230              3.328720               6.004950       0.011700        11.902400
