Workflow Construction Summary Table
========================================================================================================================

 Comp  Groups Wall Time/Evt (s) CPU Time/Evt (s) Throughput (evt/s) Write Remote (MB/evt) Read Remote (MB/evt) Net Transfer (MB/evt) CPU Cores/Evt Memory/Evt (MB)
    1       1            9.1715          64.5918             0.0155                  0.45                 0.00                  0.45        0.0025            2.52
    2       2            9.1533          64.2475             0.0156                  0.45                 0.07                  0.52        0.0025            2.52
    3       2            9.0984          49.8197             0.0201                  1.23                 0.90                  2.13        0.0020            1.64
    4       2            9.1253          62.4579             0.0160                  0.45                 0.43                  0.88        0.0024            2.45
    5       2            9.1738          55.2310             0.0181                  2.54                 2.41                  4.94        0.0022            2.30
    6       3            9.1311          61.6475             0.0162                  0.45                 0.51                  0.96        0.0024            2.45
    7       3            9.0827          49.7646             0.0201                  1.23                 0.96                  2.19        0.0020            1.63
    8       3            9.0792          49.8197             0.0201                  3.32                 3.28                  6.60        0.0019            1.58
    9       3            9.1633          55.2144             0.0181                  2.54                 2.47                  5.01        0.0022            2.29
   10       3            9.1396          55.1436             0.0181                  2.54                 2.83                  5.37        0.0022            2.23
   11       3            9.0719          49.7369             0.0201                  1.23                 1.32                  2.55        0.0020            1.57
   12       4            9.1365          54.4131             0.0184                  2.54                 2.89                  5.43        0.0021            2.24
   13       4            9.0693          48.9252             0.0204                  1.23                 1.39                  2.62        0.0019            1.57
   14       4            9.0701          49.8058             0.0201                  3.32                 3.34                  6.66        0.0020            1.58
   15       4            9.0815          49.8401             0.0201                  3.32                 3.71                  7.03        0.0020            1.51
   16       5            9.0781          48.9972             0.0204                  3.32                 3.78                  7.11        0.0019            1.51

Summary Statistics:
------------------------------------------------------------------------------------------------------------------------
            Comp     Groups  Wall Time/Evt (s)  CPU Time/Evt (s)  Throughput (evt/s)  Write Remote (MB/evt)  Read Remote (MB/evt)  Net Transfer (MB/evt)  CPU Cores/Evt  Memory/Evt (MB)
count  16.000000  16.000000          16.000000         16.000000           16.000000              16.000000             16.000000              16.000000      16.000000        16.000000
mean    8.500000   3.000000           9.114110         54.353498            0.018584               1.884766              1.892549               3.777315       0.002130         1.975375
std     4.760952   1.032796           0.039095          5.810497            0.001859               1.152134              1.337046               2.480369       0.000226         0.422088
min     1.000000   1.000000           9.069284         48.925161            0.015482               0.449219              0.000000               0.449219       0.001920         1.513000
25%     4.750000   2.000000           9.078914         49.795487            0.017635               1.035156              0.798264               1.833420       0.001952         1.576850
50%     8.500000   3.000000           9.111875         52.126556            0.019221               1.884766              1.897169               3.781934       0.002046         1.935800
75%    12.250000   4.000000           9.143055         56.835141            0.020082               2.734375              2.986289               5.720664       0.002228         2.336150
max    16.000000   5.000000           9.173802         64.591771            0.020439               3.320312              3.784848               7.105161       0.002522         2.521600
