Workflow Construction Summary Table
========================================================================================================================

 Comp  Groups Wall Time/Evt (s) CPU Time/Evt (s) Throughput (evt/s) Write Remote (MB/evt) Read Remote (MB/evt) Net Transfer (MB/evt) CPU Cores/Evt Memory/Evt (MB)
    1       1            8.2942         504.6316             0.0020                  0.45                 0.00                  0.45        0.1363          136.28
    2       2            8.1636         493.4609             0.0020                  0.45                 0.07                  0.52        0.1353          135.37
    3       2            8.0318         462.4940             0.0022                  0.45                 0.40                  0.85        0.1289          129.65
    4       2            7.9565         227.5581             0.0044                  1.23                 0.82                  2.05        0.0625           63.63
    5       2            7.9507         184.5693             0.0054                  2.54                 2.20                  4.74        0.0515           63.61
    6       3            8.0245         462.4888             0.0022                  0.45                 0.46                  0.91        0.1289          129.63
    7       3            7.8990         220.8960             0.0045                  1.23                 0.89                  2.12        0.0616           62.84
    8       3            7.9131         179.0589             0.0056                  2.54                 2.27                  4.81        0.0506           62.76
    9       3            7.8429         194.4383             0.0051                  1.23                 1.22                  2.45        0.0551           56.98
   10       3            7.8876         154.4892             0.0065                  2.54                 2.60                  5.14        0.0442           57.03
   11       3            7.8636         155.4760             0.0064                  3.32                 3.03                  6.35        0.0434           47.27
   12       4            7.8347         194.4964             0.0051                  1.23                 1.29                  2.52        0.0551           57.00
   13       4            7.8796         154.6579             0.0065                  2.54                 2.67                  5.21        0.0443           57.10
   14       4            7.8247         149.8868             0.0067                  3.32                 3.10                  6.42        0.0424           46.40
   15       4            7.7983         125.4389             0.0080                  3.32                 3.43                  6.75        0.0361           40.71
   16       5            7.7917         125.5041             0.0080                  3.32                 3.50                  6.82        0.0361           40.74

Summary Statistics:
------------------------------------------------------------------------------------------------------------------------
            Comp     Groups  Wall Time/Evt (s)  CPU Time/Evt (s)  Throughput (evt/s)  Write Remote (MB/evt)  Read Remote (MB/evt)  Net Transfer (MB/evt)  CPU Cores/Evt  Memory/Evt (MB)
count  16.000000  16.000000          16.000000         16.000000           16.000000              16.000000             16.000000              16.000000      16.000000        16.000000
mean    8.500000   3.000000           7.934808        249.346580            0.005033               1.884570              1.747558               3.632128       0.069517        74.187200
std     4.760952   1.032796           0.136994        141.285906            0.002033               1.152051              1.234516               2.377983       0.038279        35.726262
min     1.000000   1.000000           7.791703        125.438919            0.001982               0.449172              0.000000               0.449172       0.036079        40.714400
25%     4.750000   2.000000           7.840871        154.615729            0.003836               1.034957              0.734142               1.769099       0.043986        54.548800
50%     8.500000   3.000000           7.893308        189.503847            0.005281               1.884378              1.745458               3.629712       0.053287        59.930200
75%    12.250000   4.000000           7.973537        286.290754            0.006468               2.734264              2.761835               5.496173       0.079068        80.126800
max    16.000000   5.000000           8.294247        504.631602            0.007972               3.320312              3.498180               6.818493       0.136282       136.281600
