Workflow Construction Summary Table
========================================================================================================================

 Comp  Groups Wall Time/Evt (s) CPU Time/Evt (s) Throughput (evt/s) Write Remote (MB/evt) Read Remote (MB/evt) Net Transfer (MB/evt) CPU Cores/Evt Memory/Evt (MB)
    1       2           40.4541         158.4517             0.0063                  0.89                 0.55                  1.44        0.0019            3.74
    2       2           40.4541         158.4517             0.0063                  0.89                 0.55                  1.44        0.0019            3.74
    3       3           40.4591         158.4598             0.0063                  0.89                 0.70                  1.59        0.0019            3.74
    4       3           40.4591         158.4598             0.0063                  0.89                 0.70                  1.59        0.0019            3.74
    5       3           40.4428         158.3761             0.0063                  0.89                 0.70                  1.59        0.0019            3.74
    6       3           40.4428         158.3761             0.0063                  0.89                 0.70                  1.59        0.0019            3.74
    7       3           40.4784         158.4484             0.0063                  1.50                 1.17                  2.67        0.0019            3.74
    8       3           40.4784         158.4484             0.0063                  1.50                 1.17                  2.67        0.0019            3.74
    9       3           40.4157         158.2693             0.0063                  0.89                 1.10                  1.99        0.0019            3.74
   10       3           40.4298         158.2581             0.0063                  2.06                 1.75                  3.81        0.0019            3.75
   11       3           40.4298         158.2581             0.0063                  2.06                 1.75                  3.81        0.0019            3.75
   12       4           40.4419         158.3724             0.0063                  0.89                 0.85                  1.74        0.0019            3.75
   13       4           40.4419         158.3724             0.0063                  0.89                 0.85                  1.74        0.0019            3.75
   14       4           40.4775         158.4449             0.0063                  1.50                 1.32                  2.82        0.0019            3.75
   15       4           40.4775         158.4449             0.0063                  1.50                 1.32                  2.82        0.0019            3.75
   16       4           40.4147         158.2657             0.0063                  0.89                 1.25                  2.14        0.0019            3.74
   17       4           40.4147         158.2657             0.0063                  0.89                 1.25                  2.14        0.0019            3.74
   18       4           40.4511         158.3412             0.0063                  1.50                 1.31                  2.82        0.0019            3.75
   19       4           40.4511         158.3412             0.0063                  1.50                 1.31                  2.82        0.0019            3.75
   20       4           40.4289         158.2544             0.0063                  2.06                 1.90                  3.96        0.0019            3.75
   21       4           40.3737         158.1043             0.0063                  2.68                 2.38                  5.05        0.0019            3.74
   22       4           40.4289         158.2544             0.0063                  2.06                 1.90                  3.96        0.0019            3.75
   23       4           40.3737         158.1043             0.0063                  2.68                 2.38                  5.05        0.0019            3.74
   24       4           40.3897         158.1673             0.0063                  2.06                 1.89                  3.95        0.0019            3.74
   25       4           40.3897         158.1673             0.0063                  2.06                 1.89                  3.95        0.0019            3.74
   26       4           40.3857         158.1516             0.0063                  2.06                 2.29                  4.35        0.0019            3.75
   27       4           40.3899         158.1681             0.0063                  1.50                 1.72                  3.23        0.0019            3.75
   28       5           40.4138         158.2621             0.0063                  0.89                 1.40                  2.29        0.0019            3.75
   29       5           40.4447         158.3266             0.0063                  1.50                 1.46                  2.97        0.0019            3.75
   30       5           40.4447         158.3266             0.0063                  1.50                 1.46                  2.97        0.0019            3.75
   31       5           40.3727         158.1007             0.0063                  2.68                 2.53                  5.20        0.0019            3.75
   32       5           40.3727         158.1007             0.0063                  2.68                 2.53                  5.20        0.0019            3.75
   33       5           40.4234         158.2329             0.0063                  2.06                 2.05                  4.11        0.0019            3.75
   34       5           40.4234         158.2329             0.0063                  2.06                 2.05                  4.11        0.0019            3.75
   35       5           40.3847         158.1478             0.0063                  2.06                 2.44                  4.50        0.0019            3.75
   36       5           40.3847         158.1478             0.0063                  2.06                 2.44                  4.50        0.0019            3.75
   37       5           40.4168         158.2198             0.0063                  1.50                 1.87                  3.38        0.0019            3.75
   38       5           40.4168         158.2198             0.0063                  1.50                 1.87                  3.38        0.0019            3.75
   39       5           40.3682         158.0829             0.0063                  2.68                 2.52                  5.20        0.0019            3.75
   40       5           40.3682         158.0829             0.0063                  2.68                 2.52                  5.20        0.0019            3.75
   41       5           40.3641         158.0668             0.0063                  2.68                 2.92                  5.60        0.0019            3.75
   42       6           40.3804         158.1374             0.0063                  2.06                 2.59                  4.65        0.0019            3.76
   43       6           40.4054         158.1953             0.0063                  1.50                 2.01                  3.52        0.0019            3.75
   44       6           40.3672         158.0792             0.0063                  2.68                 2.67                  5.35        0.0019            3.75
   45       6           40.3672         158.0792             0.0063                  2.68                 2.67                  5.35        0.0019            3.75
   46       6           40.3632         158.0632             0.0063                  2.68                 3.07                  5.75        0.0019            3.75
   47       6           40.3632         158.0632             0.0063                  2.68                 3.07                  5.75        0.0019            3.75
   48       7           40.3553         158.0458             0.0063                  2.68                 3.22                  5.90        0.0019            3.76

Summary Statistics:
------------------------------------------------------------------------------------------------------------------------
        Comp     Groups  Wall Time/Evt (s)  CPU Time/Evt (s)  Throughput (evt/s)  Write Remote (MB/evt)  Read Remote (MB/evt)  Net Transfer (MB/evt)  CPU Cores/Evt  Memory/Evt (MB)
count  48.00  48.000000          48.000000         48.000000           48.000000              48.000000             48.000000              48.000000      48.000000        48.000000
mean   24.50   4.333333          40.414061        158.243566            0.006319               1.782451              1.792186               3.574637       0.001874         3.747067
std    14.00   1.117241           0.037026          0.132786            0.000005               0.668887              0.739598               1.381557       0.000002         0.003972
min     1.00   2.000000          40.355336        158.045837            0.006311               0.888672              0.551620               1.440292       0.001870         3.740800
25%    12.75   4.000000          40.378681        158.129099            0.006315               1.350435              1.248904               2.575429       0.001872         3.744000
50%    24.50   4.000000          40.416203        158.243640            0.006319               1.782451              1.873984               3.662315       0.001874         3.747200
75%    36.25   5.000000          40.443274        158.349020            0.006324               2.214468              2.441029               4.749905       0.001874         3.748800
max    48.00   7.000000          40.478365        158.459820            0.006327               2.676230              3.220282               5.896512       0.001878         3.756800
