Workflow Construction Summary Table
========================================================================================================================

 Comp  Groups Wall Time/Evt (s) CPU Time/Evt (s) Throughput (evt/s) Write Remote (MB/evt) Read Remote (MB/evt) Net Transfer (MB/evt) CPU Cores/Evt Memory/Evt (MB)
    1       1           10.7246         600.9124             0.0017                  0.45                 0.00                  0.45        0.3278          327.78
    2       2           10.4029         579.4767             0.0017                  0.45                 0.07                  0.52        0.3252          325.38
    3       2            9.8873         266.7477             0.0037                  1.23                 0.91                  2.14        0.1498          152.60
    4       2           10.0843         535.6066             0.0019                  0.45                 0.43                  0.88        0.3099          311.70
    5       2            9.8734         212.8449             0.0047                  2.54                 2.44                  4.98        0.1237          152.65
    6       3           10.0673         535.5816             0.0019                  0.45                 0.51                  0.96        0.3100          311.67
    7       3            9.7441         255.1133             0.0039                  1.23                 0.98                  2.21        0.1474          150.36
    8       3            9.6529         179.1759             0.0056                  3.32                 3.35                  6.67        0.1039          113.23
    9       3            9.7821         204.0829             0.0049                  2.54                 2.51                  5.05        0.1214          150.56
   10       3            9.7086         173.9825             0.0057                  2.54                 2.87                  5.41        0.1059          136.62
   11       3            9.6158         221.5574             0.0045                  1.23                 1.35                  2.58        0.1321          136.68
   12       4            9.6916         174.0183             0.0057                  2.54                 2.95                  5.48        0.1060          136.66
   13       4            9.5949         221.3750             0.0045                  1.23                 1.42                  2.65        0.1320          136.48
   14       4            9.5618         170.4917             0.0059                  3.32                 3.42                  6.74        0.1017          111.22
   15       4            9.4935         140.4640             0.0071                  3.32                 3.78                  7.10        0.0862           97.35
   16       5            9.4765         140.4035             0.0071                  3.32                 3.86                  7.18        0.0862           97.29

Summary Statistics:
------------------------------------------------------------------------------------------------------------------------
            Comp     Groups  Wall Time/Evt (s)  CPU Time/Evt (s)  Throughput (evt/s)  Write Remote (MB/evt)  Read Remote (MB/evt)  Net Transfer (MB/evt)  CPU Cores/Evt  Memory/Evt (MB)
count  16.000000  16.000000          16.000000         16.000000           16.000000              16.000000             16.000000              16.000000      16.000000        16.000000
mean    8.500000   3.000000           9.835106        288.239658            0.004413               1.884766              1.927821               3.812586       0.166835       178.014225
std     4.760952   1.032796           0.340620        168.077146            0.001834               1.152134              1.362301               2.505583       0.092225        86.112964
min     1.000000   1.000000           9.476543        140.403490            0.001664               0.449219              0.000000               0.449219       0.086243        97.287200
25%     4.750000   2.000000           9.610579        174.009346            0.003278               1.035156              0.810030               1.845187       0.105389       130.670000
50%     8.500000   3.000000           9.726390        217.109980            0.004608               1.884766              1.928354               3.813119       0.127833       143.517600
75%    12.250000   4.000000           9.932320        333.956142            0.005747               2.734375              3.045204               5.779579       0.189835       192.403300
max    16.000000   5.000000          10.724607        600.912395            0.007122               3.320312              3.857011               7.177324       0.327782       327.782400
