Workflow Construction Summary Table
========================================================================================================================

 Comp  Groups Wall Time/Evt (s) CPU Time/Evt (s) Throughput (evt/s) Write Remote (MB/evt) Read Remote (MB/evt) Net Transfer (MB/evt) CPU Cores/Evt Memory/Evt (MB)
    1       1            7.5330         471.0735             0.0021                  0.45                 0.00                  0.45        0.0643           64.31
    2       2            7.4701         464.0167             0.0022                  0.45                 0.07                  0.52        0.0638           63.86
    3       2            7.3726         214.3611             0.0047                  1.23                 0.80                  2.03        0.0296           30.13
    4       2            7.4049         438.0672             0.0023                  0.45                 0.39                  0.84        0.0608           61.11
    5       2            7.3727         175.6012             0.0057                  2.54                 2.14                  4.68        0.0244           30.12
    6       3            7.4015         438.0982             0.0023                  0.45                 0.45                  0.90        0.0608           61.11
    7       3            7.3454         209.5638             0.0048                  1.23                 0.87                  2.10        0.0292           29.73
    8       3            7.3280         147.8074             0.0068                  3.32                 2.94                  6.27        0.0206           22.39
    9       3            7.3518         171.2713             0.0058                  2.54                 2.21                  4.75        0.0240           29.68
   10       3            7.3327         148.4575             0.0067                  2.54                 2.53                  5.07        0.0209           26.93
   11       3            7.3166         185.8825             0.0054                  1.23                 1.19                  2.42        0.0260           26.94
   12       4            7.3294         148.3607             0.0067                  2.54                 2.59                  5.13        0.0209           26.92
   13       4            7.3132         185.8251             0.0054                  1.23                 1.25                  2.48        0.0260           26.92
   14       4            7.3101         143.6172             0.0070                  3.32                 3.01                  6.33        0.0201           22.00
   15       4            7.2910         120.6384             0.0083                  3.32                 3.33                  6.65        0.0170           19.20
   16       5            7.2927         120.6145             0.0083                  3.32                 3.39                  6.71        0.0170           19.20

Summary Statistics:
------------------------------------------------------------------------------------------------------------------------
            Comp     Groups  Wall Time/Evt (s)  CPU Time/Evt (s)  Throughput (evt/s)  Write Remote (MB/evt)  Read Remote (MB/evt)  Net Transfer (MB/evt)  CPU Cores/Evt  Memory/Evt (MB)
count  16.000000  16.000000          16.000000         16.000000           16.000000              16.000000             16.000000              16.000000      16.000000        16.000000
mean    8.500000   3.000000           7.360345        236.453533            0.005272               1.884766              1.697425               3.582191       0.032833        35.035525
std     4.760952   1.032796           0.065795        131.968657            0.002102               1.152134              1.197887               2.341657       0.018029        16.825729
min     1.000000   1.000000           7.291025        120.614521            0.002123               0.449219              0.000000               0.449219       0.017012        19.203200
25%     4.750000   2.000000           7.315763        148.222350            0.004069               1.035156              0.714040               1.749196       0.020799        25.784500
50%     8.500000   3.000000           7.339047        180.713190            0.005538               1.884766              1.698733               3.583498       0.025227        28.312400
75%    12.250000   4.000000           7.379864        270.287665            0.006747               2.734375              2.679422               5.413797       0.037375        37.877200
max    16.000000   5.000000           7.532959        471.073542            0.008291               3.320312              3.393936               6.714248       0.064307        64.307200
