Workflow Construction Summary Table
========================================================================================================================

 Comp  Groups Wall Time/Evt (s) CPU Time/Evt (s) Throughput (evt/s) Write Remote (MB/evt) Read Remote (MB/evt) Net Transfer (MB/evt) CPU Cores/Evt Memory/Evt (MB)
    1       1            6.9000          55.2000             0.0181                  0.45                 0.00                  0.45        0.0154           15.36
    2       2            6.9000          55.0000             0.0182                  0.45                 0.06                  0.51        0.0153           15.30
    3       2            6.9000          53.6000             0.0187                  0.45                 0.38                  0.83        0.0149           14.92
    4       2            6.9000          47.2000             0.0212                  2.54                 2.09                  4.63        0.0131           13.99
    5       2            6.9000          42.8000             0.0234                  1.23                 0.78                  2.01        0.0119           10.06
    6       3            6.9000          52.9000             0.0189                  0.45                 0.44                  0.89        0.0147           14.92
    7       3            6.9000          47.2000             0.0212                  2.54                 2.15                  4.69        0.0131           13.93
    8       3            6.9000          42.8000             0.0234                  1.23                 0.84                  2.08        0.0119           10.01
    9       3            6.9000          47.2000             0.0212                  2.54                 2.47                  5.00        0.0131           13.55
   10       3            6.9000          42.8000             0.0234                  1.23                 1.16                  2.39        0.0119            9.62
   11       3            6.9000          42.8000             0.0234                  3.32                 2.87                  6.19        0.0119            9.76
   12       4            6.9000          46.5000             0.0215                  2.54                 2.53                  5.07        0.0129           13.55
   13       4            6.9000          42.1000             0.0238                  1.23                 1.22                  2.45        0.0117            9.62
   14       4            6.9000          42.8000             0.0234                  3.32                 2.93                  6.25        0.0119            9.70
   15       4            6.9000          42.8000             0.0234                  3.32                 3.25                  6.57        0.0119            9.32
   16       5            6.9000          42.1000             0.0238                  3.32                 3.31                  6.63        0.0117            9.32

Summary Statistics:
------------------------------------------------------------------------------------------------------------------------
            Comp     Groups  Wall Time/Evt (s)  CPU Time/Evt (s)  Throughput (evt/s)  Write Remote (MB/evt)  Read Remote (MB/evt)  Net Transfer (MB/evt)  CPU Cores/Evt  Memory/Evt (MB)
count  16.000000  16.000000       1.600000e+01         16.000000           16.000000              16.000000             16.000000              16.000000      16.000000        16.000000
mean    8.500000   3.000000       6.900000e+00         46.612500            0.021663               1.884766              1.655273               3.540039       0.012963        12.058250
std     4.760952   1.032796       3.243169e-16          4.908751            0.002132               1.152134              1.168838               2.312666       0.001371         2.521159
min     1.000000   1.000000       6.900000e+00         42.100000            0.018116               0.449219              0.000000               0.449219       0.011704         9.318000
25%     4.750000   2.000000       6.900000e+00         42.800000            0.020616               1.035156              0.695801               1.730957       0.011896         9.682500
50%     8.500000   3.000000       6.900000e+00         44.650000            0.022435               1.884766              1.655273               3.540039       0.012418        11.806500
75%    12.250000   4.000000       6.900000e+00         48.625000            0.023364               2.734375              2.614746               5.349121       0.013530        14.221750
max    16.000000   5.000000       6.900000e+00         55.200000            0.023753               3.320312              3.310547               6.630859       0.015360        15.360000
