Workflow Construction Summary Table
========================================================================================================================

 Comp  Groups Wall Time/Evt (s) CPU Time/Evt (s) Throughput (evt/s) Write Remote (MB/evt) Read Remote (MB/evt) Net Transfer (MB/evt) CPU Cores/Evt Memory/Evt (MB)
    1       1            7.1100         451.5373             0.0022                  0.45                 0.00                  0.45        0.0208           20.80
    2       2            7.0909         447.2659             0.0022                  0.45                 0.06                  0.51        0.0207           20.70
    3       2            7.0738         424.8224             0.0024                  0.45                 0.38                  0.83        0.0197           19.78
    4       2            7.0744         207.3441             0.0048                  1.23                 0.79                  2.02        0.0096            9.76
    5       2            7.1001         172.5732             0.0058                  2.54                 2.12                  4.66        0.0080            9.81
    6       3            7.0733         424.8204             0.0024                  0.45                 0.44                  0.89        0.0197           19.79
    7       3            7.0661         203.7600             0.0049                  1.23                 0.85                  2.08        0.0095            9.67
    8       3            7.0949         169.1930             0.0059                  2.54                 2.19                  4.73        0.0079            9.71
    9       3            7.0607         182.0692             0.0055                  1.23                 1.17                  2.40        0.0085            8.80
   10       3            7.0937         147.7641             0.0068                  2.54                 2.51                  5.05        0.0069            8.85
   11       3            7.1021         145.7198             0.0069                  3.32                 2.90                  6.23        0.0068            7.40
   12       4            7.0603         182.0677             0.0055                  1.23                 1.23                  2.46        0.0085            8.81
   13       4            7.0933         147.7626             0.0068                  2.54                 2.57                  5.11        0.0069            8.86
   14       4            7.0969         142.3358             0.0070                  3.32                 2.97                  6.29        0.0067            7.30
   15       4            7.0955         120.8993             0.0083                  3.32                 3.29                  6.61        0.0057            6.37
   16       5            7.0951         120.8977             0.0083                  3.32                 3.35                  6.67        0.0057            6.38

Summary Statistics:
------------------------------------------------------------------------------------------------------------------------
            Comp     Groups  Wall Time/Evt (s)  CPU Time/Evt (s)  Throughput (evt/s)  Write Remote (MB/evt)  Read Remote (MB/evt)  Net Transfer (MB/evt)  CPU Cores/Evt  Memory/Evt (MB)
count  16.000000  16.000000          16.000000         16.000000           16.000000              16.000000             16.000000              16.000000      16.000000        16.000000
mean    8.500000   3.000000           7.086322        230.677020            0.005347               1.884766              1.676626               3.561392       0.010711        11.424625
std     4.760952   1.032796           0.015674        125.724275            0.002077               1.152134              1.186170               2.329991       0.005780         5.393429
min     1.000000   1.000000           7.060289        120.897713            0.002215               0.449219              0.000000               0.449219       0.005662         6.370000
25%     4.750000   2.000000           7.073666        147.251893            0.004206               1.035156              0.701924               1.737080       0.006875         8.450500
50%     8.500000   3.000000           7.093478        177.320420            0.005644               1.884766              1.676888               3.561654       0.008243         9.263000
75%    12.250000   4.000000           7.095868        261.713152            0.006791               2.734375              2.654949               5.389324       0.012106        12.302000
max    16.000000   5.000000           7.110047        451.537270            0.008271               3.320312              3.352866               6.673179       0.020800        20.800000
