Workflow Construction Summary Table
========================================================================================================================

 Comp  Groups Wall Time/Evt (s) CPU Time/Evt (s) Throughput (evt/s) Write Remote (MB/evt) Read Remote (MB/evt) Net Transfer (MB/evt) CPU Cores/Evt Memory/Evt (MB)
    1       1            9.2254          64.7330             0.0154                  0.45                 0.00                  0.45        0.0017            1.69
    2       2            9.2325          64.7829             0.0154                  0.45                 0.08                  0.53        0.0017            1.69
    3       2            9.2462          64.8535             0.0154                  0.45                 0.46                  0.91        0.0017            1.69
    4       2            9.7664          68.5691             0.0146                  2.54                 2.39                  4.92        0.0017            1.70
    5       2            9.4048          65.9715             0.0152                  1.22                 0.89                  2.12        0.0017            1.69
    6       3            9.2577          64.9228             0.0154                  0.45                 0.54                  0.99        0.0017            1.69
    7       3            9.7863          68.6598             0.0146                  2.54                 2.46                  5.00        0.0017            1.71
    8       3            9.4078          66.0254             0.0151                  1.23                 0.97                  2.20        0.0017            1.70
    9       3            9.7780          68.6299             0.0146                  2.53                 2.76                  5.29        0.0017            1.70
   10       3            9.4460          66.2867             0.0151                  1.23                 1.33                  2.56        0.0017            1.70
   11       3            9.9061          69.5733             0.0144                  3.30                 3.23                  6.52        0.0017            1.69
   12       4            9.7692          68.5829             0.0146                  2.52                 2.82                  5.35        0.0017            1.71
   13       4            9.4513          66.3669             0.0151                  1.23                 1.41                  2.63        0.0017            1.70
   14       4            9.9363          69.7436             0.0143                  3.30                 3.31                  6.61        0.0017            1.71
   15       4           10.0016          70.2344             0.0142                  3.32                 3.69                  7.01        0.0017            1.71
   16       5            9.9833          70.0973             0.0143                  3.29                 3.75                  7.03        0.0017            1.71

Summary Statistics:
------------------------------------------------------------------------------------------------------------------------
            Comp     Groups  Wall Time/Evt (s)  CPU Time/Evt (s)  Throughput (evt/s)  Write Remote (MB/evt)  Read Remote (MB/evt)  Net Transfer (MB/evt)  CPU Cores/Evt  Memory/Evt (MB)
count  16.000000  16.000000          16.000000         16.000000           16.000000              16.000000             16.000000              16.000000      16.000000        16.000000
mean    8.500000   3.000000           9.599930         67.377065            0.014855               1.876083              1.881034               3.757117       0.001698         1.698400
std     4.760952   1.032796           0.291689          2.068849            0.000456               1.145444              1.310576               2.446842       0.000008         0.007751
min     1.000000   1.000000           9.225398         64.732957            0.014238               0.446720              0.000000               0.446969       0.001686         1.686400
25%     4.750000   2.000000           9.368050         65.709337            0.014517               1.030198              0.803814               1.833803       0.001693         1.692800
50%     8.500000   3.000000           9.608809         67.467997            0.014826               1.876237              1.897616               3.779337       0.001696         1.696000
75%    12.250000   4.000000           9.816242         68.888202            0.015219               2.724200              2.923003               5.640468       0.001707         1.707200
max    16.000000   5.000000          10.001576         70.234363            0.015448               3.318282              3.746034               7.031488       0.001710         1.710400
