Workflow Construction Summary Table
========================================================================================================================

 Comp  Groups Wall Time/Evt (s) CPU Time/Evt (s) Throughput (evt/s) Write Remote (MB/evt) Read Remote (MB/evt) Net Transfer (MB/evt) CPU Cores/Evt Memory/Evt (MB)
    1       1            7.2686          57.8253             0.0173                  0.45                 0.00                  0.45        0.0078            7.76
    2       2            7.2092          57.3523             0.0174                  0.45                 0.06                  0.51        0.0078            7.76
    3       2            7.1490          56.8737             0.0176                  0.45                 0.38                  0.83        0.0078            7.76
    4       2            7.1114          56.5745             0.0177                  2.54                 2.10                  4.64        0.0078            7.76
    5       2            7.1146          56.5993             0.0177                  1.23                 0.79                  2.02        0.0078            7.76
    6       3            7.1457          56.8470             0.0176                  0.45                 0.44                  0.89        0.0078            7.76
    7       3            7.0942          56.4373             0.0177                  2.54                 2.17                  4.70        0.0078            7.76
    8       3            7.0876          56.3850             0.0177                  1.23                 0.85                  2.08        0.0078            7.76
    9       3            7.0811          56.3334             0.0178                  2.54                 2.48                  5.02        0.0078            7.76
   10       3            7.0623          56.1839             0.0178                  1.23                 1.16                  2.39        0.0078            7.76
   11       3            7.0703          56.2473             0.0178                  3.32                 2.89                  6.21        0.0078            7.76
   12       4            7.0778          56.3067             0.0178                  2.54                 2.55                  5.08        0.0078            7.76
   13       4            7.0590          56.1571             0.0178                  1.23                 1.23                  2.46        0.0078            7.76
   14       4            7.0530          56.1099             0.0178                  3.32                 2.95                  6.27        0.0078            7.76
   15       4            7.0400          56.0061             0.0179                  3.32                 3.27                  6.59        0.0078            7.76
   16       5            7.0366          55.9794             0.0179                  3.32                 3.33                  6.65        0.0078            7.76

Summary Statistics:
------------------------------------------------------------------------------------------------------------------------
            Comp     Groups  Wall Time/Evt (s)  CPU Time/Evt (s)  Throughput (evt/s)  Write Remote (MB/evt)  Read Remote (MB/evt)  Net Transfer (MB/evt)  CPU Cores/Evt  Memory/Evt (MB)
count  16.000000  16.000000          16.000000         16.000000           16.000000              16.000000             16.000000              16.000000      16.000000         16.00000
mean    8.500000   3.000000           7.103779         56.513639            0.017696               1.884766              1.664675               3.549440       0.007759          7.75910
std     4.760952   1.032796           0.063154          0.502418            0.000156               1.152134              1.176146               2.319964       0.000002          0.00175
min     1.000000   1.000000           7.036626         55.979411            0.017293               0.449219              0.000000               0.449219       0.007757          7.75680
25%     4.750000   2.000000           7.061486         56.177157            0.017649               1.035156              0.699396               1.734552       0.007758          7.75800
50%     8.500000   3.000000           7.084358         56.359184            0.017743               1.884766              1.664178               3.548944       0.007759          7.75920
75%    12.250000   4.000000           7.122342         56.661249            0.017801               2.734375              2.630771               5.365146       0.007760          7.76000
max    16.000000   5.000000           7.268650         57.825339            0.017864               3.320312              3.330029               6.650341       0.007762          7.76160
