Workflow Construction Summary Table
========================================================================================================================

 Comp  Groups Wall Time/Evt (s) CPU Time/Evt (s) Throughput (evt/s) Write Remote (MB/evt) Read Remote (MB/evt) Net Transfer (MB/evt) CPU Cores/Evt Memory/Evt (MB)
    1       1            7.1100          56.4422             0.0177                  0.45                 0.00                  0.45        0.0026            2.60
    2       2            7.0909          56.0866             0.0178                  0.45                 0.06                  0.51        0.0026            2.60
    3       2            7.0738          54.5269             0.0183                  0.45                 0.38                  0.83        0.0025            2.53
    4       2            7.1001          48.0604             0.0208                  2.54                 2.12                  4.66        0.0022            2.37
    5       2            7.0744          43.4396             0.0230                  1.23                 0.79                  2.02        0.0020            1.71
    6       3            7.0733          53.8141             0.0186                  0.45                 0.44                  0.89        0.0025            2.53
    7       3            7.0949          48.0403             0.0208                  2.54                 2.19                  4.73        0.0022            2.37
    8       3            7.0661          43.4067             0.0230                  1.23                 0.85                  2.08        0.0020            1.71
    9       3            7.0937          48.0353             0.0208                  2.54                 2.51                  5.05        0.0022            2.30
   10       3            7.0607          43.3853             0.0230                  1.23                 1.17                  2.40        0.0020            1.64
   11       3            7.1021          43.5495             0.0230                  3.32                 2.90                  6.23        0.0020            1.67
   12       4            7.0933          47.3229             0.0211                  2.54                 2.57                  5.11        0.0022            2.31
   13       4            7.0603          42.6730             0.0234                  1.23                 1.23                  2.46        0.0020            1.65
   14       4            7.0969          43.5291             0.0230                  3.32                 2.97                  6.29        0.0020            1.67
   15       4            7.0955          43.5236             0.0230                  3.32                 3.29                  6.61        0.0020            1.60
   16       5            7.0951          42.8112             0.0234                  3.32                 3.35                  6.67        0.0020            1.61

Summary Statistics:
------------------------------------------------------------------------------------------------------------------------
            Comp     Groups  Wall Time/Evt (s)  CPU Time/Evt (s)  Throughput (evt/s)  Write Remote (MB/evt)  Read Remote (MB/evt)  Net Transfer (MB/evt)  CPU Cores/Evt  Memory/Evt (MB)
count  16.000000  16.000000          16.000000         16.000000           16.000000              16.000000             16.000000              16.000000      16.000000        16.000000
mean    8.500000   3.000000           7.086322         47.415431            0.021303               1.884766              1.676626               3.561392       0.002199         2.055000
std     4.760952   1.032796           0.015674          5.075366            0.002129               1.152134              1.186170               2.329991       0.000231         0.419958
min     1.000000   1.000000           7.060289         42.672956            0.017717               0.449219              0.000000               0.449219       0.001990         1.598000
25%     4.750000   2.000000           7.073666         43.431393            0.020251               1.035156              0.701924               1.737080       0.002019         1.668000
50%     8.500000   3.000000           7.093478         45.436204            0.022047               1.884766              1.676888               3.561654       0.002111         2.006500
75%    12.250000   4.000000           7.095868         49.498854            0.023025               2.734375              2.654949               5.389324       0.002292         2.410250
max    16.000000   5.000000           7.110047         56.442159            0.023434               3.320312              3.352866               6.673179       0.002600         2.600000
