Workflow Construction Summary Table
========================================================================================================================

 Comp  Groups Wall Time/Evt (s) CPU Time/Evt (s) Throughput (evt/s) Write Remote (MB/evt) Read Remote (MB/evt) Net Transfer (MB/evt) CPU Cores/Evt Memory/Evt (MB)
    1       1            7.0395          55.9676             0.0179                  0.45                 0.00                  0.45        0.0013            1.29
    2       2            7.0302          55.8939             0.0179                  0.45                 0.06                  0.51        0.0013            1.30
    3       2            7.0233          55.8391             0.0179                  0.45                 0.38                  0.83        0.0013            1.30
    4       2            7.0554          56.0945             0.0178                  2.54                 2.09                  4.63        0.0013            1.30
    5       2            7.0295          55.8886             0.0179                  1.23                 0.78                  2.01        0.0013            1.30
    6       3            7.0234          55.8398             0.0179                  0.45                 0.44                  0.89        0.0013            1.30
    7       3            7.0532          56.0770             0.0178                  2.54                 2.16                  4.70        0.0013            1.30
    8       3            7.0256          55.8580             0.0179                  1.23                 0.85                  2.08        0.0013            1.30
    9       3            7.0541          56.0847             0.0178                  2.54                 2.47                  5.01        0.0013            1.30
   10       3            7.0246          55.8496             0.0179                  1.23                 1.16                  2.39        0.0013            1.30
   11       3            7.0641          56.1651             0.0178                  3.32                 2.88                  6.20        0.0013            1.30
   12       4            7.0542          56.0853             0.0178                  2.54                 2.53                  5.07        0.0013            1.30
   13       4            7.0246          55.8501             0.0179                  1.23                 1.22                  2.45        0.0013            1.30
   14       4            7.0619          56.1471             0.0178                  3.32                 2.94                  6.26        0.0013            1.30
   15       4            7.0629          56.1550             0.0178                  3.32                 3.26                  6.58        0.0013            1.30
   16       5            7.0630          56.1557             0.0178                  3.32                 3.32                  6.64        0.0013            1.30

Summary Statistics:
------------------------------------------------------------------------------------------------------------------------
            Comp     Groups  Wall Time/Evt (s)  CPU Time/Evt (s)  Throughput (evt/s)  Write Remote (MB/evt)  Read Remote (MB/evt)  Net Transfer (MB/evt)  CPU Cores/Evt  Memory/Evt (MB)
count  16.000000  16.000000          16.000000         16.000000           16.000000              16.000000             16.000000              16.000000      16.000000        16.000000
mean    8.500000   3.000000           7.043091         55.996954            0.017858               1.884766              1.659181               3.543947       0.001298         1.297800
std     4.760952   1.032796           0.016762          0.133635            0.000043               1.152134              1.171981               2.315815       0.000002         0.001927
min     1.000000   1.000000           7.023296         55.839136            0.017805               0.449219              0.000000               0.449219       0.001294         1.294400
25%     4.750000   2.000000           7.025386         55.856002            0.017823               1.035156              0.697434               1.732590       0.001296         1.296000
50%     8.500000   3.000000           7.046322         56.022330            0.017850               1.884766              1.658780               3.543546       0.001298         1.297600
75%    12.250000   4.000000           7.056996         56.107688            0.017903               2.734375              2.620874               5.355249       0.001299         1.299200
max    16.000000   5.000000           7.064149         56.165115            0.017909               3.320312              3.319258               6.639570       0.001302         1.302400
