Workflow Construction Summary Table
========================================================================================================================

 Comp  Groups Wall Time/Evt (s) CPU Time/Evt (s) Throughput (evt/s) Write Remote (MB/evt) Read Remote (MB/evt) Net Transfer (MB/evt) CPU Cores/Evt Memory/Evt (MB)
    1       1            9.2528          74.0226             0.0135                  0.45                 0.00                  0.45        0.0615           61.54
    2       2            8.7868          70.2943             0.0142                  0.45                 0.06                  0.51        0.0615           61.52
    3       2            8.3404          66.7230             0.0150                  0.45                 0.38                  0.83        0.0615           61.54
    4       2            8.4188          67.3506             0.0148                  2.54                 2.09                  4.63        0.0615           61.50
    5       2            8.1832          65.4657             0.0153                  1.23                 0.78                  2.01        0.0615           61.50
    6       3            8.3200          66.5602             0.0150                  0.45                 0.44                  0.89        0.0615           61.54
    7       3            8.2888          66.3104             0.0151                  2.54                 2.15                  4.69        0.0615           61.53
    8       3            7.9754          63.8029             0.0157                  1.23                 0.84                  2.08        0.0615           61.47
    9       3            8.2165          65.7319             0.0152                  2.54                 2.47                  5.00        0.0615           61.52
   10       3            7.8069          62.4554             0.0160                  1.23                 1.16                  2.39        0.0615           61.50
   11       3            8.2469          65.9755             0.0152                  3.32                 2.87                  6.19        0.0615           61.47
   12       4            8.1961          65.5691             0.0153                  2.54                 2.53                  5.07        0.0615           61.52
   13       4            7.7866          62.2926             0.0161                  1.23                 1.22                  2.45        0.0615           61.50
   14       4            8.1169          64.9353             0.0154                  3.32                 2.93                  6.25        0.0615           61.50
   15       4            8.0446          64.3568             0.0155                  3.32                 3.25                  6.57        0.0615           61.49
   16       5            8.0242          64.1940             0.0156                  3.32                 3.31                  6.63        0.0615           61.49

Summary Statistics:
------------------------------------------------------------------------------------------------------------------------
            Comp     Groups  Wall Time/Evt (s)  CPU Time/Evt (s)  Throughput (evt/s)  Write Remote (MB/evt)  Read Remote (MB/evt)  Net Transfer (MB/evt)  CPU Cores/Evt  Memory/Evt (MB)
count  16.000000  16.000000          16.000000         16.000000           16.000000              16.000000             16.000000              16.000000      16.000000        16.000000
mean    8.500000   3.000000           8.250315         66.002521            0.015177               1.884766              1.655273               3.540039       0.061507        61.507000
std     4.760952   1.032796           0.359883          2.879064            0.000629               1.152134              1.168838               2.312666       0.000023         0.022604
min     1.000000   1.000000           7.786577         62.292617            0.013509               0.449219              0.000000               0.449219       0.061472        61.472000
25%     4.750000   2.000000           8.039510         64.316082            0.015015               1.035156              0.695801               1.730957       0.061494        61.494000
50%     8.500000   3.000000           8.206312         65.650497            0.015232               1.884766              1.655273               3.540039       0.061500        61.500000
75%    12.250000   4.000000           8.325115         66.600922            0.015548               2.734375              2.614746               5.349121       0.061522        61.522000
max    16.000000   5.000000           9.252822         74.022575            0.016053               3.320312              3.310547               6.630859       0.061544        61.544000
