Workflow Construction Summary Table
========================================================================================================================

 Comp  Groups Wall Time/Evt (s) CPU Time/Evt (s) Throughput (evt/s) Write Remote (MB/evt) Read Remote (MB/evt) Net Transfer (MB/evt) CPU Cores/Evt Memory/Evt (MB)
    1       2           42.8026        2529.3312             0.0004                  0.89                 0.56                  1.45        0.0306           30.73
    2       2           42.8026        2529.3312             0.0004                  0.89                 0.56                  1.45        0.0306           30.73
    3       3           42.8156        2528.3740             0.0004                  0.89                 0.71                  1.60        0.0306           30.70
    4       3           42.8156        2528.3740             0.0004                  0.89                 0.71                  1.60        0.0306           30.70
    5       3           42.7464        2506.9332             0.0004                  0.89                 0.71                  1.60        0.0304           30.48
    6       3           42.7464        2506.9332             0.0004                  0.89                 0.71                  1.60        0.0304           30.48
    7       3           42.7961        2525.3668             0.0004                  1.50                 1.21                  2.71        0.0306           30.70
    8       3           42.7961        2525.3668             0.0004                  1.50                 1.21                  2.71        0.0306           30.70
    9       3           42.6703        2441.2151             0.0004                  0.89                 1.12                  2.01        0.0296           29.77
   10       3           42.6673         751.8646             0.0013                  2.06                 1.79                  3.85        0.0091           12.29
   11       3           42.6673         751.8646             0.0013                  2.06                 1.79                  3.85        0.0091           12.29
   12       4           42.7538        2506.0067             0.0004                  0.89                 0.86                  1.75        0.0304           30.45
   13       4           42.7538        2506.0067             0.0004                  0.89                 0.86                  1.75        0.0304           30.45
   14       4           42.7976        2524.9834             0.0004                  1.50                 1.35                  2.86        0.0306           30.68
   15       4           42.7976        2524.9834             0.0004                  1.50                 1.35                  2.86        0.0306           30.68
   16       4           42.6708        2440.8309             0.0004                  0.89                 1.27                  2.16        0.0296           29.76
   17       4           42.6708        2440.8309             0.0004                  0.89                 1.27                  2.16        0.0296           29.76
   18       4           42.7862        2505.2311             0.0004                  1.50                 1.35                  2.86        0.0304           30.50
   19       4           42.7862        2505.2311             0.0004                  1.50                 1.35                  2.86        0.0304           30.50
   20       4           42.6861         750.3465             0.0013                  2.06                 1.95                  4.01        0.0091           12.25
   21       4           42.7335         626.6022             0.0016                  2.68                 2.44                  5.12        0.0076           12.30
   22       4           42.6861         750.3465             0.0013                  2.06                 1.95                  4.01        0.0091           12.25
   23       4           42.7335         626.6022             0.0016                  2.68                 2.44                  5.12        0.0076           12.30
   24       4           42.6643         732.4787             0.0014                  2.06                 1.94                  4.00        0.0089           12.08
   25       4           42.6643         732.4787             0.0014                  2.06                 1.94                  4.00        0.0089           12.08
   26       4           42.6816         670.9306             0.0015                  2.06                 2.35                  4.41        0.0082           11.43
   27       4           42.7057        2439.4653             0.0004                  1.50                 1.76                  3.27        0.0296           29.79
   28       5           42.6548        2440.3600             0.0004                  0.89                 1.41                  2.30        0.0296           29.74
   29       5           42.7705        2504.2409             0.0004                  1.50                 1.50                  3.01        0.0304           30.47
   30       5           42.7705        2504.2409             0.0004                  1.50                 1.50                  3.01        0.0304           30.47
   31       5           42.7140         625.1132             0.0016                  2.68                 2.60                  5.27        0.0076           12.26
   32       5           42.7140         625.1132             0.0016                  2.68                 2.60                  5.27        0.0076           12.26
   33       5           42.6824         731.0635             0.0014                  2.06                 2.10                  4.16        0.0089           12.04
   34       5           42.6824         731.0635             0.0014                  2.06                 2.10                  4.16        0.0089           12.04
   35       5           42.6641         670.4050             0.0015                  2.06                 2.50                  4.56        0.0082           11.40
   36       5           42.6641         670.4050             0.0015                  2.06                 2.50                  4.56        0.0082           11.40
   37       5           42.7167        2439.0756             0.0004                  1.50                 1.91                  3.42        0.0296           29.78
   38       5           42.7167        2439.0756             0.0004                  1.50                 1.91                  3.42        0.0296           29.78
   39       5           42.6397         606.6184             0.0016                  2.68                 2.58                  5.26        0.0074           12.05
   40       5           42.6397         606.6184             0.0016                  2.68                 2.58                  5.26        0.0074           12.05
   41       5           42.6224         543.4424             0.0018                  2.68                 3.00                  5.67        0.0066           11.38
   42       6           42.6827         669.1316             0.0015                  2.06                 2.65                  4.71        0.0081           11.38
   43       6           42.7206        2437.5982             0.0004                  1.50                 2.07                  3.58        0.0296           29.73
   44       6           42.6403         605.1683             0.0017                  2.68                 2.74                  5.41        0.0073           12.02
   45       6           42.6403         605.1683             0.0017                  2.68                 2.74                  5.41        0.0073           12.02
   46       6           42.6404         542.5476             0.0018                  2.68                 3.16                  5.83        0.0066           11.36
   47       6           42.6404         542.5476             0.0018                  2.68                 3.16                  5.83        0.0066           11.36
   48       7           42.6428         541.6482             0.0018                  2.68                 3.30                  5.98        0.0066           11.35

Summary Statistics:
------------------------------------------------------------------------------------------------------------------------
        Comp     Groups  Wall Time/Evt (s)  CPU Time/Evt (s)  Throughput (evt/s)  Write Remote (MB/evt)  Read Remote (MB/evt)  Net Transfer (MB/evt)  CPU Cores/Evt  Memory/Evt (MB)
count  48.00  48.000000          48.000000         48.000000           48.000000              48.000000             48.000000              48.000000      48.000000        48.000000
mean   24.50   4.333333          42.711612       1572.686566            0.000974               1.782451              1.836274               3.618726       0.019073        21.109025
std    14.00   1.117241           0.058652        929.648842            0.000592               0.668887              0.760778               1.403056       0.011261         9.311822
min     1.00   2.000000          42.622394        541.648159            0.000395               0.888672              0.557344               1.446016       0.006587        11.348000
25%    12.75   4.000000          42.664312        658.499238            0.000399               1.350435              1.268894               2.608394       0.008012        12.052000
50%    24.50   4.000000          42.695928       1594.731422            0.000870               1.782451              1.914088               3.712940       0.019348        21.018200
75%    36.25   5.000000          42.757939       2505.424998            0.001520               2.214468              2.497990               4.813687       0.030382        30.471600
max    48.00   7.000000          42.815590       2529.331154            0.001846               2.676230              3.304121               5.980352       0.030634        30.734400
