Workflow Construction Summary Table
========================================================================================================================

 Comp  Groups Wall Time/Evt (s) CPU Time/Evt (s) Throughput (evt/s) Write Remote (MB/evt) Read Remote (MB/evt) Net Transfer (MB/evt) CPU Cores/Evt Memory/Evt (MB)
    1       2           44.8128        2637.5995             0.0004                  0.89                 0.57                  1.46        0.3709          372.07
    2       2           44.8128        2637.5995             0.0004                  0.89                 0.57                  1.46        0.3709          372.07
    3       3           44.8100        2636.5502             0.0004                  0.89                 0.72                  1.61        0.3707          371.69
    4       3           44.8100        2636.5502             0.0004                  0.89                 0.72                  1.61        0.3707          371.69
    5       3           44.4701        2595.5434             0.0004                  0.89                 0.72                  1.61        0.3671          368.37
    6       3           44.4701        2595.5434             0.0004                  0.89                 0.72                  1.61        0.3671          368.37
    7       3           44.5908        2618.4051             0.0004                  1.50                 1.21                  2.72        0.3690          370.17
    8       3           44.5908        2618.4051             0.0004                  1.50                 1.21                  2.72        0.3690          370.17
    9       3           44.1582        2510.1470             0.0004                  0.89                 1.13                  2.02        0.3587          361.07
   10       3           44.0681         782.3539             0.0013                  2.06                 1.80                  3.86        0.1100          148.32
   11       3           44.0681         782.3539             0.0013                  2.06                 1.80                  3.86        0.1100          148.32
   12       4           44.4680        2594.7302             0.0004                  0.89                 0.87                  1.76        0.3670          368.04
   13       4           44.4680        2594.7302             0.0004                  0.89                 0.87                  1.76        0.3670          368.04
   14       4           44.5885        2617.8018             0.0004                  1.50                 1.36                  2.87        0.3690          369.90
   15       4           44.5885        2617.8018             0.0004                  1.50                 1.36                  2.87        0.3690          369.90
   16       4           44.1558        2509.3177             0.0004                  0.89                 1.28                  2.17        0.3586          360.74
   17       4           44.1558        2509.3177             0.0004                  0.89                 1.28                  2.17        0.3586          360.74
   18       4           44.2632        2576.9415             0.0004                  1.50                 1.37                  2.87        0.3671          368.36
   19       4           44.2632        2576.9415             0.0004                  1.50                 1.37                  2.87        0.3671          368.36
   20       4           44.0642         781.4915             0.0013                  2.06                 1.95                  4.01        0.1099          147.99
   21       4           43.9172         652.9186             0.0015                  2.68                 2.45                  5.12        0.0914          148.06
   22       4           44.0642         781.4915             0.0013                  2.06                 1.95                  4.01        0.1099          147.99
   23       4           43.9172         652.9186             0.0015                  2.68                 2.45                  5.12        0.0914          148.06
   24       4           44.0063         757.6562             0.0013                  2.06                 1.95                  4.01        0.1071          145.44
   25       4           44.0063         757.6562             0.0013                  2.06                 1.95                  4.01        0.1071          145.44
   26       4           43.9899         690.0037             0.0014                  2.06                 2.36                  4.43        0.0978          137.39
   27       4           43.9538        2491.4521             0.0004                  1.50                 1.78                  3.29        0.3568          359.19
   28       5           44.1631        2508.1422             0.0004                  0.89                 1.44                  2.33        0.3584          360.32
   29       5           44.2589        2576.2099             0.0004                  1.50                 1.52                  3.02        0.3671          368.07
   30       5           44.2589        2576.2099             0.0004                  1.50                 1.52                  3.02        0.3671          368.07
   31       5           43.9227         651.9212             0.0015                  2.68                 2.60                  5.28        0.0913          147.67
   32       5           43.9227         651.9212             0.0015                  2.68                 2.60                  5.28        0.0913          147.67
   33       5           44.0103         756.7491             0.0013                  2.06                 2.11                  4.17        0.1069          145.09
   34       5           44.0103         756.7491             0.0013                  2.06                 2.11                  4.17        0.1069          145.09
   35       5           43.9910         689.1092             0.0015                  2.06                 2.52                  4.58        0.0977          137.05
   36       5           43.9910         689.1092             0.0015                  2.06                 2.52                  4.58        0.0977          137.05
   37       5           43.9572        2490.5482             0.0004                  1.50                 1.94                  3.44        0.3567          358.84
   38       5           43.9572        2490.5482             0.0004                  1.50                 1.94                  3.44        0.3567          358.84
   39       5           43.8629         628.3786             0.0016                  2.68                 2.60                  5.28        0.0885          145.18
   40       5           43.8629         628.3786             0.0016                  2.68                 2.60                  5.28        0.0885          145.18
   41       5           43.8580         561.2049             0.0018                  2.68                 3.02                  5.69        0.0794          137.27
   42       6           43.9984         688.0702             0.0015                  2.06                 2.67                  4.73        0.0976          136.67
   43       6           43.9562        2489.3609             0.0004                  1.50                 2.09                  3.59        0.3565          358.42
   44       6           43.8700         627.6199             0.0016                  2.68                 2.76                  5.43        0.0884          144.86
   45       6           43.8700         627.6199             0.0016                  2.68                 2.76                  5.43        0.0884          144.86
   46       6           43.8588         560.0007             0.0018                  2.68                 3.17                  5.85        0.0792          136.87
   47       6           43.8588         560.0007             0.0018                  2.68                 3.17                  5.85        0.0792          136.87
   48       7           43.8694         558.9616             0.0018                  2.68                 3.33                  6.00        0.0791          136.47

Summary Statistics:
------------------------------------------------------------------------------------------------------------------------
        Comp     Groups  Wall Time/Evt (s)  CPU Time/Evt (s)  Throughput (evt/s)  Write Remote (MB/evt)  Read Remote (MB/evt)  Net Transfer (MB/evt)  CPU Cores/Evt  Memory/Evt (MB)
count  48.00  48.000000          48.000000         48.000000           48.000000              48.000000             48.000000              48.000000      48.000000        48.000000
mean   24.50   4.333333          44.163351       1624.604908            0.000941               1.782451              1.849327               3.631778       0.230238       254.841408
std    14.00   1.117241           0.298802        958.811231            0.000571               0.668887              0.762533               1.404148       0.136315       112.753406
min     1.00   2.000000          43.857977        558.961568            0.000379               0.888672              0.566456               1.455127       0.079082       136.473800
25%    12.75   4.000000          43.946040        679.282284            0.000387               1.350435              1.282722               2.621272       0.096039       145.160550
50%    24.50   4.000000          44.037234       1635.857403            0.000840               1.782451              1.935886               3.728035       0.233242       253.370800
75%    36.25   5.000000          44.314440       2581.388682            0.001473               2.214468              2.516912               4.830942       0.367090       368.140100
max    48.00   7.000000          44.812768       2637.599518            0.001789               2.676230              3.325614               6.001844       0.370864       372.068800
