Workflow Construction Summary Table
========================================================================================================================

 Comp  Groups Wall Time/Evt (s) CPU Time/Evt (s) Throughput (evt/s) Write Remote (MB/evt) Read Remote (MB/evt) Net Transfer (MB/evt) CPU Cores/Evt Memory/Evt (MB)
    1       1            7.7893          59.3388             0.0169                  0.45                 0.00                  0.45        0.0042            4.24
    2       2            7.7578          59.0978             0.0169                  0.45                 0.07                  0.51        0.0042            4.24
    3       2            7.7313          58.8969             0.0170                  0.45                 0.40                  0.85        0.0042            4.24
    4       2            7.7528          59.0599             0.0169                  2.54                 2.21                  4.75        0.0042            4.24
    5       2            7.7254          58.8523             0.0170                  1.23                 0.82                  2.05        0.0042            4.24
    6       3            7.7289          58.8832             0.0170                  0.45                 0.47                  0.92        0.0042            4.25
    7       3            7.7415          58.9830             0.0170                  2.54                 2.28                  4.81        0.0042            4.24
    8       3            7.7115          58.7460             0.0170                  1.23                 0.89                  2.12        0.0042            4.25
    9       3            7.7354          58.9338             0.0170                  2.54                 2.61                  5.14        0.0042            4.25
   10       3            7.6974          58.6404             0.0171                  1.23                 1.22                  2.45        0.0042            4.24
   11       3            7.7471          59.0179             0.0169                  3.32                 3.02                  6.34        0.0042            4.24
   12       4            7.7355          58.9419             0.0170                  2.54                 2.67                  5.21        0.0043            4.25
   13       4            7.6955          58.6290             0.0171                  1.23                 1.28                  2.51        0.0042            4.25
   14       4            7.7383          58.9512             0.0170                  3.32                 3.09                  6.41        0.0043            4.25
   15       4            7.7280          58.8967             0.0170                  3.32                 3.42                  6.74        0.0042            4.25
   16       5            7.7301          58.9011             0.0170                  3.32                 3.48                  6.80        0.0042            4.25

Summary Statistics:
------------------------------------------------------------------------------------------------------------------------
            Comp     Groups  Wall Time/Evt (s)  CPU Time/Evt (s)  Throughput (evt/s)  Write Remote (MB/evt)  Read Remote (MB/evt)  Net Transfer (MB/evt)  CPU Cores/Evt  Memory/Evt (MB)
count  16.000000  16.000000          16.000000         16.000000           16.000000              16.000000             16.000000              16.000000      16.000000        16.000000
mean    8.500000   3.000000           7.734104         58.923118            0.016971               1.884615              1.744662               3.629278       0.004246         4.245700
std     4.760952   1.032796           0.022684          0.171686            0.000049               1.152149              1.231284               2.374873       0.000004         0.003874
min     1.000000   1.000000           7.695542         58.628966            0.016852               0.449031              0.000000               0.449031       0.004238         4.238400
25%     4.750000   2.000000           7.727350         58.875452            0.016952               1.034855              0.732806               1.767962       0.004243         4.242800
50%     8.500000   3.000000           7.733331         58.917445            0.016973               1.884152              1.746880               3.631445       0.004246         4.245600
75%    12.250000   4.000000           7.742859         58.991706            0.016985               2.734375              2.759234               5.493609       0.004248         4.248000
max    16.000000   5.000000           7.789332         59.338814            0.017056               3.320312              3.484455               6.804767       0.004253         4.252800
