Workflow Construction Summary Table
========================================================================================================================

 Comp  Groups Wall Time/Evt (s) CPU Time/Evt (s) Throughput (evt/s) Write Remote (MB/evt) Read Remote (MB/evt) Net Transfer (MB/evt) CPU Cores/Evt Memory/Evt (MB)
    1       1            9.1320          64.2419             0.0156                  0.45                 0.00                  0.45        0.0008            0.84
    2       2            9.0918          64.0643             0.0156                  0.45                 0.07                  0.52        0.0008            0.84
    3       2            9.0931          64.0979             0.0156                  1.23                 0.90                  2.13        0.0008            0.84
    4       2            9.0836          64.0241             0.0156                  0.45                 0.40                  0.85        0.0008            0.84
    5       2            9.0170          63.8973             0.0157                  2.54                 2.31                  4.85        0.0008            0.83
    6       3            9.0795          64.0090             0.0156                  0.45                 0.45                  0.90        0.0008            0.85
    7       3            9.1401          64.2800             0.0156                  1.23                 0.97                  2.20        0.0009            0.85
    8       3            9.1280          64.3905             0.0155                  3.32                 3.29                  6.61        0.0008            0.84
    9       3            9.0465          64.0123             0.0156                  2.54                 2.40                  4.94        0.0008            0.84
   10       3            9.0513          64.0398             0.0156                  2.54                 2.75                  5.29        0.0008            0.84
   11       3            9.0861          64.0680             0.0156                  1.23                 1.33                  2.56        0.0008            0.85
   12       4            9.0649          64.0955             0.0156                  2.54                 2.83                  5.37        0.0008            0.85
   13       4            9.0655          63.9872             0.0156                  1.23                 1.40                  2.63        0.0008            0.85
   14       4            9.1170          64.3432             0.0155                  3.32                 3.36                  6.68        0.0009            0.85
   15       4            9.1191          64.3597             0.0155                  3.32                 3.70                  7.02        0.0008            0.85
   16       5            9.1279          64.3963             0.0155                  3.32                 3.79                  7.11        0.0008            0.85

Summary Statistics:
------------------------------------------------------------------------------------------------------------------------
            Comp     Groups  Wall Time/Evt (s)  CPU Time/Evt (s)  Throughput (evt/s)  Write Remote (MB/evt)  Read Remote (MB/evt)  Net Transfer (MB/evt)  CPU Cores/Evt  Memory/Evt (MB)
count  16.000000  16.000000          16.000000         16.000000           16.000000              16.000000             16.000000              16.000000      16.000000        16.000000
mean    8.500000   3.000000           9.090209         64.144181            0.015590               1.884766              1.872491               3.757256       0.000846         0.845500
std     4.760952   1.032796           0.035452          0.163613            0.000040               1.152134              1.331271               2.474727       0.000005         0.005092
min     1.000000   1.000000           9.016999         63.897264            0.015529               0.449219              0.000000               0.449219       0.000832         0.832000
25%     4.750000   2.000000           9.065384         64.021151            0.015553               1.035156              0.790034               1.825190       0.000843         0.843200
50%     8.500000   3.000000           9.088940         64.081747            0.015605               1.884766              1.855472               3.740237       0.000846         0.845600
75%    12.250000   4.000000           9.121261         64.295824            0.015620               2.734375              2.944910               5.679285       0.000848         0.848400
max    16.000000   5.000000           9.140126         64.396293            0.015650               3.320312              3.788216               7.108529       0.000853         0.852800
