Workflow Construction Summary Table
========================================================================================================================

 Comp  Groups Wall Time/Evt (s) CPU Time/Evt (s) Throughput (evt/s) Write Remote (MB/evt) Read Remote (MB/evt) Net Transfer (MB/evt) CPU Cores/Evt Memory/Evt (MB)
    1       1            7.9299         483.7654             0.0021                  0.45                 0.00                  0.45        0.0677           67.71
    2       2            7.8655         476.5724             0.0021                  0.45                 0.07                  0.52        0.0672           67.29
    3       2            7.7998         450.7461             0.0022                  0.45                 0.39                  0.84        0.0642           64.61
    4       2            7.7577         219.1830             0.0046                  1.23                 0.82                  2.05        0.0310           31.57
    5       2            7.7587         179.1683             0.0056                  2.54                 2.18                  4.72        0.0256           31.60
    6       3            7.8059         450.0877             0.0022                  0.45                 0.47                  0.92        0.0641           64.45
    7       3            7.7267         214.0863             0.0047                  1.23                 0.89                  2.12        0.0305           31.14
    8       3            7.7376         174.6917             0.0057                  2.54                 2.25                  4.79        0.0250           31.10
    9       3            7.7012         189.7738             0.0053                  1.23                 1.22                  2.45        0.0272           28.19
   10       3            7.7297         151.9866             0.0066                  2.54                 2.60                  5.14        0.0220           28.41
   11       3            7.7070         150.9056             0.0066                  3.32                 3.01                  6.33        0.0215           23.49
   12       4            7.7004         189.9851             0.0053                  1.23                 1.29                  2.52        0.0273           28.27
   13       4            7.7287         152.4136             0.0066                  2.54                 2.68                  5.22        0.0221           28.54
   14       4            7.6923         146.6224             0.0068                  3.32                 3.08                  6.40        0.0211           23.15
   15       4            7.6802         122.8014             0.0081                  3.32                 3.41                  6.73        0.0177           20.07
   16       5            7.6913         123.0348             0.0081                  3.32                 3.48                  6.80        0.0178           20.13

Summary Statistics:
------------------------------------------------------------------------------------------------------------------------
            Comp     Groups  Wall Time/Evt (s)  CPU Time/Evt (s)  Throughput (evt/s)  Write Remote (MB/evt)  Read Remote (MB/evt)  Net Transfer (MB/evt)  CPU Cores/Evt  Memory/Evt (MB)
count  16.000000  16.000000          16.000000         16.000000           16.000000              16.000000             16.000000              16.000000      16.000000        16.000000
mean    8.500000   3.000000           7.750782        242.239006            0.005159               1.884766              1.740014               3.624780       0.034512        36.858000
std     4.760952   1.032796           0.068958        136.001127            0.002065               1.152134              1.228429               2.371604       0.019069        17.792827
min     1.000000   1.000000           7.680186        122.801395            0.002067               0.449219              0.000000               0.449219       0.017711        20.070000
25%     4.750000   2.000000           7.700975        151.716379            0.003977               1.035156              0.732393               1.767549       0.021890        27.017000
50%     8.500000   3.000000           7.729210        184.471008            0.005425               1.884766              1.735984               3.620749       0.026388        29.821000
75%    12.250000   4.000000           7.768945        276.909143            0.006591               2.734375              2.760991               5.495366       0.039257        39.813500
max    16.000000   5.000000           7.929923        483.765369            0.008143               3.320312              3.484369               6.804682       0.067712        67.712000
