Workflow Construction Summary Table
========================================================================================================================

 Comp  Groups Wall Time/Evt (s) CPU Time/Evt (s) Throughput (evt/s) Write Remote (MB/evt) Read Remote (MB/evt) Net Transfer (MB/evt) CPU Cores/Evt Memory/Evt (MB)
    1       1            7.3526         460.6929             0.0022                  0.45                 0.00                  0.45        0.0321           32.06
    2       2            7.3369         456.2219             0.0022                  0.45                 0.06                  0.51        0.0319           31.94
    3       2            7.3069         433.0891             0.0023                  0.45                 0.38                  0.83        0.0305           30.66
    4       2            7.2882         210.7897             0.0047                  1.23                 0.80                  2.03        0.0149           15.14
    5       2            7.2781         173.0341             0.0058                  2.54                 2.14                  4.68        0.0123           15.17
    6       3            7.3042         432.6139             0.0023                  0.45                 0.44                  0.89        0.0305           30.66
    7       3            7.2884         206.0442             0.0049                  1.23                 0.89                  2.12        0.0145           14.83
    8       3            7.2704         169.2724             0.0059                  2.54                 2.20                  4.74        0.0120           14.90
    9       3            7.2756         183.6022             0.0054                  1.23                 1.20                  2.43        0.0130           13.50
   10       3            7.2707         147.2030             0.0068                  2.54                 2.53                  5.07        0.0105           13.49
   11       3            7.2801         146.3401             0.0068                  3.32                 2.95                  6.27        0.0105           11.40
   12       4            7.2629         184.8802             0.0054                  1.23                 1.25                  2.48        0.0132           13.68
   13       4            7.2749         147.6420             0.0068                  2.54                 2.61                  5.15        0.0105           13.56
   14       4            7.2364         141.3946             0.0071                  3.32                 3.00                  6.32        0.0101           11.05
   15       4            7.2644         119.3982             0.0084                  3.32                 3.33                  6.65        0.0086            9.69
   16       5            7.2525         119.8048             0.0083                  3.32                 3.40                  6.72        0.0086            9.74

Summary Statistics:
------------------------------------------------------------------------------------------------------------------------
            Comp     Groups  Wall Time/Evt (s)  CPU Time/Evt (s)  Throughput (evt/s)  Write Remote (MB/evt)  Read Remote (MB/evt)  Net Transfer (MB/evt)  CPU Cores/Evt  Memory/Evt (MB)
count  16.000000  16.000000          16.000000         16.000000           16.000000              16.000000             16.000000              16.000000      16.000000        16.000000
mean    8.500000   3.000000           7.283949        233.251468            0.005332               1.884714              1.698491               3.583205       0.016472        17.591125
std     4.760952   1.032796           0.029587        129.473874            0.002115               1.152203              1.199596               2.343371       0.008989         8.382148
min     1.000000   1.000000           7.236391        119.398199            0.002171               0.448386              0.000000               0.449219       0.008555         9.690000
25%     4.750000   2.000000           7.268908        146.987289            0.004136               1.035156              0.710770               1.745718       0.010464        12.965500
50%     8.500000   3.000000           7.276855        178.318152            0.005613               1.884766              1.691885               3.576651       0.012670        14.253000
75%    12.250000   4.000000           7.292344        266.245792            0.006803               2.734375              2.692697               5.427072       0.018766        19.040000
max    16.000000   5.000000           7.352608        460.692903            0.008375               3.320312              3.397301               6.717613       0.032064        32.064000
