Workflow Construction Summary Table
========================================================================================================================

 Comp  Groups Wall Time/Evt (s) CPU Time/Evt (s) Throughput (evt/s) Write Remote (MB/evt) Read Remote (MB/evt) Net Transfer (MB/evt) CPU Cores/Evt Memory/Evt (MB)
    1       1            7.8158          59.1513             0.0169                  0.45                 0.00                  0.45        0.0022            2.15
    2       2            7.8286          58.9431             0.0170                  0.45                 0.06                  0.51        0.0022            2.16
    3       2            7.8120          57.3530             0.0174                  0.45                 0.39                  0.84        0.0021            2.11
    4       2            7.8016          50.4835             0.0198                  2.54                 2.20                  4.73        0.0019            1.97
    5       2            7.8020          45.8011             0.0218                  1.23                 0.82                  2.05        0.0017            1.41
    6       3            7.8111          56.6188             0.0177                  0.45                 0.45                  0.90        0.0021            2.12
    7       3            7.7721          50.4744             0.0198                  2.54                 2.24                  4.77        0.0019            1.98
    8       3            7.7949          45.7741             0.0218                  1.23                 0.89                  2.12        0.0017            1.43
    9       3            7.7937          50.4532             0.0198                  2.54                 2.59                  5.13        0.0019            1.93
   10       3            7.7878          45.7468             0.0219                  1.23                 1.22                  2.45        0.0017            1.35
   11       3            7.7629          45.7019             0.0219                  3.32                 3.01                  6.33        0.0017            1.39
   12       4            7.7928          49.7481             0.0201                  2.54                 2.66                  5.20        0.0019            1.95
   13       4            7.7872          45.0425             0.0222                  1.23                 1.27                  2.50        0.0017            1.38
   14       4            7.7667          45.7009             0.0219                  3.32                 3.08                  6.40        0.0017            1.38
   15       4            7.7543          45.6693             0.0219                  3.32                 3.40                  6.72        0.0017            1.32
   16       5            7.7535          44.9647             0.0222                  3.32                 3.47                  6.79        0.0017            1.34

Summary Statistics:
------------------------------------------------------------------------------------------------------------------------
            Comp     Groups  Wall Time/Evt (s)  CPU Time/Evt (s)  Throughput (evt/s)  Write Remote (MB/evt)  Read Remote (MB/evt)  Net Transfer (MB/evt)  CPU Cores/Evt  Memory/Evt (MB)
count  16.000000  16.000000          16.000000         16.000000           16.000000              16.000000             16.000000              16.000000      16.000000        16.000000
mean    8.500000   3.000000           7.789804         49.851678            0.020259               1.884766              1.733698               3.618464       0.001846         1.710938
std     4.760952   1.032796           0.022547          5.299024            0.002010               1.152134              1.226166               2.369749       0.000185         0.354455
min     1.000000   1.000000           7.753487         44.964730            0.016906               0.449219              0.000000               0.449219       0.001682         1.318000
25%     4.750000   2.000000           7.770768         45.701621            0.019272               1.035156              0.729606               1.764763       0.001695         1.381750
50%     8.500000   3.000000           7.793210         47.774617            0.020967               1.884766              1.730853               3.615618       0.001780         1.675500
75%    12.250000   4.000000           7.804282         52.017353            0.021881               2.734375              2.747658               5.482033       0.001930         2.010750
max    16.000000   5.000000           7.828599         59.151250            0.022240               3.320312              3.473547               6.793860       0.002164         2.164000
