Workflow Construction Summary Table
========================================================================================================================

 Comp  Groups Wall Time/Evt (s) CPU Time/Evt (s) Throughput (evt/s) Write Remote (MB/evt) Read Remote (MB/evt) Net Transfer (MB/evt) CPU Cores/Evt Memory/Evt (MB)
    1       1           12.2710          85.9495             0.0116                  0.45                 0.00                  0.45        0.0816           81.61
    2       2           11.6542          81.3527             0.0123                  0.45                 0.07                  0.52        0.0813           81.30
    3       2           11.0584          75.1457             0.0133                  0.45                 0.44                  0.88        0.0792           79.23
    4       2           11.1683          65.9109             0.0152                  2.53                 2.42                  4.96        0.0698           74.33
    5       2           10.8500          57.1975             0.0175                  1.23                 0.91                  2.13        0.0633           53.42
    6       3           11.0305          74.0905             0.0135                  0.45                 0.51                  0.95        0.0782           79.25
    7       3           10.9964          65.3103             0.0153                  2.53                 2.50                  5.03        0.0698           74.07
    8       3           10.5762          56.2384             0.0178                  1.23                 0.98                  2.21        0.0632           53.10
    9       3           10.8955          64.9508             0.0154                  2.53                 2.86                  5.39        0.0698           71.95
   10       3           10.3523          55.4479             0.0180                  1.23                 1.34                  2.57        0.0632           51.06
   11       3           10.9302          57.4768             0.0174                  3.30                 3.33                  6.63        0.0632           51.73
   12       4           10.8690          63.8927             0.0157                  2.53                 2.93                  5.46        0.0688           71.98
   13       4           10.3275          54.3931             0.0184                  1.23                 1.42                  2.64        0.0622           51.09
   14       4           10.7616          56.8887             0.0176                  3.31                 3.40                  6.71        0.0633           51.48
   15       4           10.6684          56.5691             0.0177                  3.31                 3.77                  7.08        0.0633           49.46
   16       5           10.6463          55.5121             0.0180                  3.31                 3.84                  7.15        0.0622           49.44

Summary Statistics:
------------------------------------------------------------------------------------------------------------------------
            Comp     Groups  Wall Time/Evt (s)  CPU Time/Evt (s)  Throughput (evt/s)  Write Remote (MB/evt)  Read Remote (MB/evt)  Net Transfer (MB/evt)  CPU Cores/Evt  Memory/Evt (MB)
count  16.000000  16.000000          16.000000         16.000000           16.000000              16.000000             16.000000              16.000000      16.000000        16.000000
mean    8.500000   3.000000          10.940996         64.145423            0.015913               1.877215              1.920209               3.797424       0.068911        64.032200
std     4.760952   1.032796           0.477435         10.024024            0.002227               1.147371              1.356132               2.494610       0.007268        13.427824
min     1.000000   1.000000          10.327457         54.393123            0.011635               0.447366              0.000000               0.447455       0.062219        49.440200
25%     4.750000   2.000000          10.662886         56.486457            0.014753               1.030993              0.806713               1.837678       0.063245        51.383900
50%     8.500000   3.000000          10.882266         60.684763            0.016525               1.877264              1.921594               3.799664       0.066029        62.683200
75%    12.250000   4.000000          11.037522         67.955790            0.017703               2.723746              3.030978               5.753538       0.071934        75.558000
max    16.000000   5.000000          12.271048         85.949457            0.018385               3.307629              3.843795               7.151134       0.081614        81.614400
