Workflow Construction Summary Table
========================================================================================================================

 Comp  Groups Wall Time/Evt (s) CPU Time/Evt (s) Throughput (evt/s) Write Remote (MB/evt) Read Remote (MB/evt) Net Transfer (MB/evt) CPU Cores/Evt Memory/Evt (MB)
    1       2           43.2501         323.6779             0.0031                  0.89                 0.56                  1.45        0.0117           11.90
    2       2           43.2501         323.6779             0.0031                  0.89                 0.56                  1.45        0.0117           11.60
    3       3           43.2429         323.6729             0.0031                  0.89                 0.72                  1.60        0.0117           11.90
    4       3           43.2429         323.6729             0.0031                  0.89                 0.72                  1.60        0.0117           11.60
    5       3           43.1508         321.7004             0.0031                  0.89                 0.72                  1.61        0.0117           11.83
    6       3           43.1508         321.7004             0.0031                  0.89                 0.72                  1.61        0.0117           11.60
    7       3           43.1551         164.4746             0.0061                  1.50                 1.21                  2.72        0.0060           11.88
    8       3           43.1551         164.4746             0.0061                  1.50                 1.21                  2.72        0.0060           11.58
    9       3           43.0874         316.8390             0.0032                  0.89                 1.13                  2.02        0.0115           11.59
   10       3           42.9991         290.7978             0.0034                  2.06                 1.81                  3.87        0.0106           11.90
   11       3           42.9991         290.7978             0.0034                  2.06                 1.81                  3.87        0.0106           11.59
   12       4           43.1521         321.6774             0.0031                  0.89                 0.88                  1.76        0.0117           11.84
   13       4           43.1521         321.6774             0.0031                  0.89                 0.88                  1.76        0.0117           11.60
   14       4           43.1549         164.4717             0.0061                  1.50                 1.36                  2.87        0.0060           11.89
   15       4           43.1549         164.4717             0.0061                  1.50                 1.36                  2.87        0.0060           11.58
   16       4           43.0716         316.8167             0.0032                  0.89                 1.29                  2.18        0.0115           11.61
   17       4           43.0716         316.8167             0.0032                  0.89                 1.29                  2.18        0.0115           11.59
   18       4           43.0390         164.0876             0.0061                  1.50                 1.36                  2.87        0.0060           11.81
   19       4           43.0390         164.0876             0.0061                  1.50                 1.36                  2.87        0.0060           11.59
   20       4           43.0059         290.8435             0.0034                  2.06                 1.96                  4.02        0.0106           11.90
   21       4           42.9583         163.7225             0.0061                  2.68                 2.45                  5.12        0.0060           11.89
   22       4           43.0059         290.8435             0.0034                  2.06                 1.96                  4.02        0.0106           11.60
   23       4           42.9583         163.7225             0.0061                  2.68                 2.45                  5.12        0.0060           11.58
   24       4           42.9847         290.7402             0.0034                  2.06                 1.96                  4.02        0.0106           11.83
   25       4           42.9847         290.7402             0.0034                  2.06                 1.96                  4.02        0.0106           11.60
   26       4           42.9585         290.6835             0.0034                  2.06                 2.37                  4.43        0.0106           11.59
   27       4           42.9897         163.8436             0.0061                  1.50                 1.78                  3.28        0.0060           11.58
   28       5           43.0852         316.8413             0.0032                  0.89                 1.44                  2.33        0.0115           11.60
   29       5           43.0378         164.0828             0.0061                  1.50                 1.52                  3.02        0.0060           11.82
   30       5           43.0378         164.0828             0.0061                  1.50                 1.52                  3.02        0.0060           11.59
   31       5           42.9607         163.7250             0.0061                  2.68                 2.60                  5.28        0.0060           11.90
   32       5           42.9607         163.7250             0.0061                  2.68                 2.60                  5.28        0.0060           11.59
   33       5           42.9801         290.7169             0.0034                  2.06                 2.11                  4.17        0.0106           11.83
   34       5           42.9801         290.7169             0.0034                  2.06                 2.11                  4.17        0.0106           11.60
   35       5           42.9459         290.6325             0.0034                  2.06                 2.52                  4.58        0.0106           11.59
   36       5           42.9459         290.6325             0.0034                  2.06                 2.52                  4.58        0.0106           11.58
   37       5           43.0056         163.8732             0.0061                  1.50                 1.94                  3.44        0.0060           11.59
   38       5           43.0056         163.8732             0.0061                  1.50                 1.94                  3.44        0.0060           11.59
   39       5           42.9319         163.6410             0.0061                  2.68                 2.60                  5.28        0.0060           11.82
   40       5           42.9319         163.6410             0.0061                  2.68                 2.60                  5.28        0.0060           11.59
   41       5           42.9466         163.6545             0.0061                  2.68                 3.02                  5.70        0.0060           11.58
   42       6           42.9286         290.5955             0.0034                  2.06                 2.67                  4.73        0.0106           11.59
   43       6           42.9942         163.8478             0.0061                  1.50                 2.09                  3.60        0.0060           11.59
   44       6           42.9215         163.6178             0.0061                  2.68                 2.76                  5.43        0.0060           11.82
   45       6           42.9215         163.6178             0.0061                  2.68                 2.76                  5.43        0.0060           11.58
   46       6           42.9394         163.6375             0.0061                  2.68                 3.17                  5.85        0.0060           11.60
   47       6           42.9394         163.6375             0.0061                  2.68                 3.17                  5.85        0.0060           11.58
   48       7           42.9361         163.6284             0.0061                  2.68                 3.33                  6.00        0.0060           11.58

Summary Statistics:
------------------------------------------------------------------------------------------------------------------------
        Comp     Groups  Wall Time/Evt (s)  CPU Time/Evt (s)  Throughput (evt/s)  Write Remote (MB/evt)  Read Remote (MB/evt)  Net Transfer (MB/evt)  CPU Cores/Evt  Memory/Evt (MB)
count  48.00  48.000000          48.000000         48.000000           48.000000              48.000000             48.000000              48.000000      48.000000         48.00000
mean   24.50   4.333333          43.035442        234.815693            0.004690               1.782451              1.850278               3.632729       0.008524         11.68030
std    14.00   1.117241           0.098751         72.476601            0.001431               0.668887              0.763855               1.405245       0.002622          0.13026
min     1.00   2.000000          42.921547        163.617765            0.003089               0.888672              0.564476               1.453148       0.005952         11.57960
25%    12.75   4.000000          42.958272        163.813971            0.003368               1.350435              1.286343               2.619359       0.005957         11.58780
50%    24.50   4.000000          43.002378        227.535049            0.004761               1.782451              1.937886               3.730960       0.008262         11.59620
75%    36.25   5.000000          43.103237        297.336820            0.006104               2.214468              2.521740               4.829880       0.010802         11.82390
max    48.00   7.000000          43.250073        323.677942            0.006112               2.676230              3.328720               6.004950       0.011700         11.90240
