Workflow Construction Summary Table
========================================================================================================================

 Comp  Groups Wall Time/Evt (s) CPU Time/Evt (s) Throughput (evt/s) Write Remote (MB/evt) Read Remote (MB/evt) Net Transfer (MB/evt) CPU Cores/Evt Memory/Evt (MB)
    1       1            7.0755          56.3696             0.0177                  0.45                 0.00                  0.45        0.0019            1.94
    2       2            7.0670          56.0723             0.0178                  0.45                 0.06                  0.51        0.0019            1.93
    3       2            7.0833          54.6462             0.0183                  0.45                 0.38                  0.83        0.0019            1.88
    4       2            7.4563          50.3432             0.0199                  2.54                 2.09                  4.63        0.0017            1.77
    5       2            7.1941          44.3208             0.0226                  1.23                 0.78                  2.01        0.0015            1.27
    6       3            7.0889          53.8789             0.0186                  0.45                 0.44                  0.89        0.0019            1.89
    7       3            7.4584          50.3516             0.0199                  2.54                 2.15                  4.69        0.0017            1.77
    8       3            7.1938          44.3193             0.0226                  1.23                 0.84                  2.08        0.0015            1.27
    9       3            7.4865          50.4639             0.0198                  2.54                 2.47                  5.00        0.0017            1.72
   10       3            7.2188          44.4193             0.0225                  1.23                 1.16                  2.39        0.0015            1.22
   11       3            7.6011          45.9485             0.0218                  3.32                 2.87                  6.19        0.0015            1.24
   12       4            7.4920          49.6966             0.0201                  2.54                 2.53                  5.07        0.0016            1.73
   13       4            7.2243          43.6519             0.0229                  1.23                 1.22                  2.45        0.0015            1.23
   14       4            7.6031          45.9566             0.0218                  3.32                 2.93                  6.25        0.0015            1.24
   15       4            7.6311          46.0684             0.0217                  3.32                 3.25                  6.57        0.0015            1.18
   16       5            7.6366          45.3010             0.0221                  3.32                 3.31                  6.63        0.0015            1.19

Summary Statistics:
------------------------------------------------------------------------------------------------------------------------
            Comp     Groups  Wall Time/Evt (s)  CPU Time/Evt (s)  Throughput (evt/s)  Write Remote (MB/evt)  Read Remote (MB/evt)  Net Transfer (MB/evt)  CPU Cores/Evt  Memory/Evt (MB)
count  16.000000  16.000000          16.000000         16.000000           16.000000              16.000000             16.000000              16.000000      16.000000        16.000000
mean    8.500000   3.000000           7.344413         48.863006            0.020622               1.884766              1.655273               3.540039       0.001645         1.529500
std     4.760952   1.032796           0.220007          4.473715            0.001826               1.152134              1.168838               2.312666       0.000169         0.315922
min     1.000000   1.000000           7.067014         43.651906            0.017740               0.449219              0.000000               0.449219       0.001490         1.183000
25%     4.750000   2.000000           7.167545         45.080567            0.019502               1.035156              0.695801               1.730957       0.001512         1.235750
50%     8.500000   3.000000           7.340298         47.882478            0.020914               1.884766              1.655273               3.540039       0.001582         1.496500
75%    12.250000   4.000000           7.519290         51.317626            0.022184               2.734375              2.614746               5.349121       0.001717         1.799250
max    16.000000   5.000000           7.636563         56.369624            0.022909               3.320312              3.310547               6.630859       0.001936         1.936000
