Workflow Construction Summary Table
========================================================================================================================

 Comp  Groups Wall Time/Evt (s) CPU Time/Evt (s) Throughput (evt/s) Write Remote (MB/evt) Read Remote (MB/evt) Net Transfer (MB/evt) CPU Cores/Evt Memory/Evt (MB)
    1       1           10.2294          77.7637             0.0129                  0.45                 0.00                  0.45        0.0683           68.33
    2       2            9.7054          73.5504             0.0136                  0.45                 0.07                  0.52        0.0681           68.06
    3       2            9.1791          67.8522             0.0147                  0.45                 0.40                  0.84        0.0664           66.36
    4       2            8.8861          57.3129             0.0174                  2.54                 2.21                  4.74        0.0584           62.22
    5       2            8.8845          50.9201             0.0196                  1.23                 0.82                  2.05        0.0530           44.73
    6       3            9.1501          66.9476             0.0149                  0.45                 0.46                  0.91        0.0655           66.36
    7       3            8.7348          56.7378             0.0176                  2.54                 2.27                  4.81        0.0584           62.00
    8       3            8.6467          50.0154             0.0200                  1.23                 0.89                  2.12        0.0530           44.45
    9       3            8.6226          56.2973             0.0178                  2.54                 2.60                  5.14        0.0584           60.23
   10       3            8.4305          49.1903             0.0203                  1.23                 1.22                  2.45        0.0530           42.74
   11       3            8.5388          49.6047             0.0202                  3.32                 3.03                  6.35        0.0530           43.36
   12       4            8.5936          55.3952             0.0181                  2.54                 2.67                  5.21        0.0575           60.27
   13       4            8.4013          48.2816             0.0207                  1.23                 1.29                  2.52        0.0521           42.78
   14       4            8.3871          49.0273             0.0204                  3.32                 3.10                  6.41        0.0530           43.13
   15       4            8.2771          48.6097             0.0206                  3.32                 3.43                  6.75        0.0530           41.38
   16       5            8.2478          47.6995             0.0210                  3.32                 3.49                  6.81        0.0521           41.39

Summary Statistics:
------------------------------------------------------------------------------------------------------------------------
            Comp     Groups  Wall Time/Evt (s)  CPU Time/Evt (s)  Throughput (evt/s)  Write Remote (MB/evt)  Read Remote (MB/evt)  Net Transfer (MB/evt)  CPU Cores/Evt  Memory/Evt (MB)
count  16.000000  16.000000          16.000000         16.000000           16.000000              16.000000             16.000000              16.000000      16.000000        16.000000
mean    8.500000   3.000000           8.807179         56.575356            0.018112               1.884551              1.746707               3.631258       0.057689        53.611938
std     4.760952   1.032796           0.538977          9.729777            0.002725               1.151999              1.233546               2.376995       0.006084        11.240721
min     1.000000   1.000000           8.247807         47.699470            0.012859               0.449184              0.000000               0.449184       0.052098        41.380200
25%     4.750000   2.000000           8.423179         49.149521            0.016820               1.034913              0.733604               1.768610       0.052962        43.042200
50%     8.500000   3.000000           8.634624         53.157660            0.018845               1.884502              1.746312               3.630996       0.055256        52.478700
75%    12.250000   4.000000           8.952091         59.721600            0.020346               2.734166              2.760301               5.494269       0.060197        63.257900
max    16.000000   5.000000          10.229440         77.763735            0.020965               3.320233              3.493977               6.814210       0.068334        68.334400
