Workflow Construction Summary Table
========================================================================================================================

 Comp  Groups Wall Time/Evt (s) CPU Time/Evt (s) Throughput (evt/s) Write Remote (MB/evt) Read Remote (MB/evt) Net Transfer (MB/evt) CPU Cores/Evt Memory/Evt (MB)
    1       2           52.3789         183.6210             0.0054                  0.89                 0.62                  1.51        0.0143           28.57
    2       2           52.3789         183.6210             0.0054                  0.89                 0.62                  1.51        0.0143           28.57
    3       3           52.3828         183.6183             0.0054                  0.89                 0.79                  1.68        0.0143           28.58
    4       3           52.3828         183.6183             0.0054                  0.89                 0.79                  1.68        0.0143           28.58
    5       3           52.1598         182.8644             0.0055                  0.89                 0.79                  1.68        0.0143           28.58
    6       3           52.1598         182.8644             0.0055                  0.89                 0.79                  1.68        0.0143           28.58
    7       3           52.1946         182.9404             0.0055                  1.50                 1.34                  2.85        0.0143           28.54
    8       3           52.1946         182.9404             0.0055                  1.50                 1.34                  2.85        0.0143           28.54
    9       3           51.9146         182.0591             0.0055                  0.89                 1.25                  2.14        0.0143           28.55
   10       3           51.7775         181.5481             0.0055                  2.06                 1.99                  4.05        0.0143           28.53
   11       3           51.7775         181.5481             0.0055                  2.06                 1.99                  4.05        0.0143           28.53
   12       4           52.1379         182.8100             0.0055                  0.89                 0.96                  1.85        0.0143           28.58
   13       4           52.1379         182.8100             0.0055                  0.89                 0.96                  1.85        0.0143           28.58
   14       4           52.2095         182.9596             0.0055                  1.50                 1.51                  3.02        0.0143           28.56
   15       4           52.2095         182.9596             0.0055                  1.50                 1.51                  3.02        0.0143           28.56
   16       4           51.9010         182.0215             0.0055                  0.89                 1.42                  2.31        0.0143           28.55
   17       4           51.9010         182.0215             0.0055                  0.89                 1.42                  2.31        0.0143           28.55
   18       4           51.9828         182.2014             0.0055                  1.50                 1.51                  3.01        0.0143           28.56
   19       4           51.9828         182.2014             0.0055                  1.50                 1.51                  3.01        0.0143           28.56
   20       4           51.7527         181.4881             0.0055                  2.06                 2.15                  4.21        0.0143           28.53
   21       4           51.6070         180.9588             0.0055                  2.68                 2.70                  5.38        0.0143           28.51
   22       4           51.7527         181.4881             0.0055                  2.06                 2.15                  4.21        0.0143           28.53
   23       4           51.6070         180.9588             0.0055                  2.68                 2.70                  5.38        0.0143           28.51
   24       4           51.7181         181.3664             0.0055                  2.06                 2.16                  4.22        0.0143           28.54
   25       4           51.7181         181.3664             0.0055                  2.06                 2.16                  4.22        0.0143           28.54
   26       4           51.7032         181.2899             0.0055                  2.06                 2.60                  4.67        0.0143           28.54
   27       4           51.7641         181.4587             0.0055                  1.50                 1.96                  3.47        0.0143           28.53
   28       5           51.8924         181.9937             0.0055                  0.89                 1.59                  2.48        0.0143           28.55
   29       5           51.9516         182.1286             0.0055                  1.50                 1.68                  3.19        0.0143           28.55
   30       5           51.9516         182.1286             0.0055                  1.50                 1.68                  3.19        0.0143           28.55
   31       5           51.5953         180.9251             0.0055                  2.68                 2.87                  5.55        0.0143           28.52
   32       5           51.5953         180.9251             0.0055                  2.68                 2.87                  5.55        0.0143           28.52
   33       5           51.7196         181.3588             0.0055                  2.06                 2.32                  4.38        0.0143           28.54
   34       5           51.7196         181.3588             0.0055                  2.06                 2.32                  4.38        0.0143           28.54
   35       5           51.6290         181.1310             0.0055                  2.06                 2.76                  4.82        0.0143           28.52
   36       5           51.6290         181.1310             0.0055                  2.06                 2.76                  4.82        0.0143           28.52
   37       5           51.7900         181.4999             0.0055                  1.50                 2.14                  3.64        0.0143           28.57
   38       5           51.7900         181.4999             0.0055                  1.50                 2.14                  3.64        0.0143           28.57
   39       5           51.5370         180.7560             0.0055                  2.68                 2.87                  5.55        0.0143           28.51
   40       5           51.5370         180.7560             0.0055                  2.68                 2.87                  5.55        0.0143           28.51
   41       5           51.4474         180.5302             0.0055                  2.68                 3.32                  5.99        0.0142           28.48
   42       6           51.6801         181.2226             0.0055                  2.06                 2.95                  5.01        0.0143           28.55
   43       6           51.7404         181.3901             0.0055                  1.50                 2.30                  3.80        0.0143           28.53
   44       6           51.4736         180.6186             0.0055                  2.68                 3.04                  5.71        0.0142           28.49
   45       6           51.4736         180.6186             0.0055                  2.68                 3.04                  5.71        0.0142           28.49
   46       6           51.4458         180.5162             0.0055                  2.68                 3.48                  6.16        0.0142           28.49
   47       6           51.4458         180.5162             0.0055                  2.68                 3.48                  6.16        0.0142           28.49
   48       7           51.4544         180.5228             0.0055                  2.68                 3.66                  6.34        0.0143           28.50

Summary Statistics:
------------------------------------------------------------------------------------------------------------------------
        Comp     Groups  Wall Time/Evt (s)  CPU Time/Evt (s)  Throughput (evt/s)  Write Remote (MB/evt)  Read Remote (MB/evt)  Net Transfer (MB/evt)  CPU Cores/Evt  Memory/Evt (MB)
count  48.00  48.000000          48.000000         48.000000           48.000000              48.000000             48.000000              48.000000      48.000000        48.000000
mean   24.50   4.333333          51.839288        181.773577            0.005501               1.782451              2.038890               3.821341       0.014270        28.540000
std    14.00   1.117241           0.280121          0.934520            0.000028               0.668887              0.838876               1.479659       0.000014         0.027614
min     1.00   2.000000          51.445786        180.516181            0.005446               0.888672              0.621255               1.509926       0.014240        28.480000
25%    12.75   4.000000          51.623505        181.087962            0.005484               1.350435              1.418733               2.754617       0.014260        28.519600
50%    24.50   4.000000          51.770783        181.493958            0.005510               1.782451              2.136644               3.927594       0.014271        28.542400
75%    36.25   5.000000          52.021548        182.353585            0.005522               2.214468              2.759824               5.101981       0.014280        28.559600
max    48.00   7.000000          52.382806        183.621046            0.005540               2.676230              3.659030               6.335260       0.014292        28.584000
