Workflow Construction Summary Table
========================================================================================================================

 Comp  Groups Wall Time/Evt (s) CPU Time/Evt (s) Throughput (evt/s) Write Remote (MB/evt) Read Remote (MB/evt) Net Transfer (MB/evt) CPU Cores/Evt Memory/Evt (MB)
    1       1            8.2433         503.0205             0.0020                  0.45                 0.00                  0.45        0.1355          135.49
    2       2            8.1137         491.8207             0.0020                  0.45                 0.07                  0.52        0.1345          134.55
    3       2            7.9824         461.3843             0.0022                  0.45                 0.39                  0.84        0.1284          129.08
    4       2            7.9064         225.9326             0.0044                  1.23                 0.82                  2.05        0.0617           62.88
    5       2            7.8940         182.9751             0.0055                  2.54                 2.18                  4.72        0.0508           62.88
    6       3            7.9691         461.4576             0.0022                  0.45                 0.45                  0.90        0.1284          129.13
    7       3            7.8417         218.8484             0.0046                  1.23                 0.88                  2.11        0.0608           62.01
    8       3            7.8607         177.4494             0.0056                  2.54                 2.25                  4.79        0.0499           62.08
    9       3            7.7932         193.1942             0.0052                  1.23                 1.21                  2.44        0.0545           56.44
   10       3            7.8338         154.2685             0.0065                  2.54                 2.60                  5.14        0.0442           56.98
   11       3            7.8095         153.7853             0.0065                  3.32                 3.01                  6.33        0.0427           46.60
   12       4            7.7816         193.0754             0.0052                  1.23                 1.28                  2.51        0.0545           56.44
   13       4            7.8268         154.0066             0.0065                  2.54                 2.67                  5.21        0.0441           56.85
   14       4            7.7730         148.4401             0.0067                  3.32                 3.07                  6.39        0.0419           45.88
   15       4            7.7388         123.8581             0.0081                  3.32                 3.40                  6.72        0.0354           40.07
   16       5            7.7323         123.3129             0.0081                  3.32                 3.46                  6.78        0.0352           39.81

Summary Statistics:
------------------------------------------------------------------------------------------------------------------------
            Comp     Groups  Wall Time/Evt (s)  CPU Time/Evt (s)  Throughput (evt/s)  Write Remote (MB/evt)  Read Remote (MB/evt)  Net Transfer (MB/evt)  CPU Cores/Evt  Memory/Evt (MB)
count  16.000000  16.000000          16.000000         16.000000           16.000000              16.000000             16.000000              16.000000      16.000000        16.000000
mean    8.500000   3.000000           7.881268        247.926855            0.005075               1.884670              1.733647               3.618317       0.068911        73.573250
std     4.760952   1.032796           0.138590        141.305984            0.002063               1.152076              1.225289               2.368756       0.038234        35.696563
min     1.000000   1.000000           7.732315        123.312898            0.001988               0.449219              0.000000               0.449219       0.035150        39.806000
25%     4.750000   2.000000           7.790270        153.951293            0.003861               1.035156              0.726560               1.761716       0.043765        53.979000
50%     8.500000   3.000000           7.837773        188.025229            0.005322               1.883999              1.730316               3.614315       0.052664        59.493000
75%    12.250000   4.000000           7.922086        284.795508            0.006496               2.734375              2.752361               5.486736       0.078374        79.433500
max    16.000000   5.000000           8.243345        503.020472            0.008109               3.320312              3.460695               6.781008       0.135488       135.488000
