Workflow Construction Summary Table
========================================================================================================================

 Comp  Groups Wall Time/Evt (s) CPU Time/Evt (s) Throughput (evt/s) Write Remote (MB/evt) Read Remote (MB/evt) Net Transfer (MB/evt) CPU Cores/Evt Memory/Evt (MB)
    1       1            7.6775         466.4797             0.0021                  0.45                 0.00                  0.45        0.0228           22.78
    2       2            7.6775         463.4810             0.0022                  0.45                 0.06                  0.51        0.0227           22.70
    3       2            7.6776         441.8346             0.0023                  0.45                 0.39                  0.84        0.0216           21.72
    4       2            7.6545         212.0575             0.0047                  1.23                 0.82                  2.05        0.0104           10.57
    5       2            7.6776         175.1487             0.0057                  2.54                 2.18                  4.72        0.0085           10.54
    6       3            7.6776         441.8346             0.0023                  0.45                 0.45                  0.90        0.0216           21.73
    7       3            7.6638         209.3552             0.0048                  1.23                 0.88                  2.11        0.0103           10.47
    8       3            7.6776         172.7530             0.0058                  2.54                 2.26                  4.80        0.0084           10.50
    9       3            7.6580         184.7977             0.0054                  1.23                 1.20                  2.43        0.0090            9.32
   10       3            7.6776         150.5007             0.0066                  2.54                 2.57                  5.11        0.0074            9.54
   11       3            7.6743         146.7969             0.0068                  3.32                 3.00                  6.32        0.0072            7.84
   12       4            7.6580         184.7977             0.0054                  1.23                 1.26                  2.49        0.0090            9.33
   13       4            7.6776         150.5007             0.0066                  2.54                 2.64                  5.18        0.0074            9.55
   14       4            7.6743         143.7964             0.0070                  3.32                 3.06                  6.38        0.0070            7.68
   15       4            7.6743         122.1489             0.0082                  3.32                 3.39                  6.71        0.0061            6.83
   16       5            7.6743         122.1489             0.0082                  3.32                 3.46                  6.78        0.0061            6.83

Summary Statistics:
------------------------------------------------------------------------------------------------------------------------
            Comp     Groups  Wall Time/Evt (s)  CPU Time/Evt (s)  Throughput (evt/s)  Write Remote (MB/evt)  Read Remote (MB/evt)  Net Transfer (MB/evt)  CPU Cores/Evt  Memory/Evt (MB)
count  16.000000  16.000000          16.000000         16.000000           16.000000              16.000000             16.000000              16.000000      16.000000        16.000000
mean    8.500000   3.000000           7.671999        236.777010            0.005254               1.884766              1.726682               3.611447       0.011579        12.370500
std     4.760952   1.032796           0.008300        131.865429            0.002075               1.152134              1.222723               2.366648       0.006438         6.012291
min     1.000000   1.000000           7.654544        122.148853            0.002144               0.449219              0.000000               0.449219       0.006051         6.832000
25%     4.750000   2.000000           7.671674        149.574746            0.004103               1.035156              0.727144               1.762300       0.007325         8.946500
50%     8.500000   3.000000           7.675895        179.973188            0.005560               1.884766              1.720421               3.605187       0.008747        10.012000
75%    12.250000   4.000000           7.677578        269.501803            0.006686               2.734375              2.729373               5.463748       0.013178        13.358500
max    16.000000   5.000000           7.677582        466.479744            0.008187               3.320312              3.458079               6.778392       0.022784        22.784000
