Workflow Construction Summary Table
========================================================================================================================

 Comp  Groups Wall Time/Evt (s) CPU Time/Evt (s) Throughput (evt/s) Write Remote (MB/evt) Read Remote (MB/evt) Net Transfer (MB/evt) CPU Cores/Evt Memory/Evt (MB)
    1       1            9.1662          64.3175             0.0155                  0.45                 0.00                  0.45        0.0017            1.69
    2       2            9.1634          64.3023             0.0156                  0.45                 0.08                  0.52        0.0017            1.69
    3       2            9.1492          64.1713             0.0156                  0.45                 0.44                  0.89        0.0017            1.69
    4       2            9.1607          64.2981             0.0156                  2.54                 2.39                  4.92        0.0017            1.70
    5       2            9.1414          64.1182             0.0156                  1.22                 0.89                  2.12        0.0017            1.69
    6       3            9.1541          64.2237             0.0156                  0.45                 0.52                  0.97        0.0017            1.70
    7       3            9.1701          64.2899             0.0156                  2.53                 2.46                  5.00        0.0017            1.71
    8       3            9.1343          64.1066             0.0156                  1.23                 0.98                  2.21        0.0017            1.69
    9       3            9.1353          64.1075             0.0156                  2.53                 2.88                  5.41        0.0017            1.70
   10       3            9.1318          64.0801             0.0156                  1.23                 1.33                  2.56        0.0017            1.70
   11       3            9.1171          63.9590             0.0156                  3.28                 3.24                  6.52        0.0017            1.69
   12       4            9.1030          63.9068             0.0156                  2.52                 2.91                  5.43        0.0017            1.69
   13       4            9.1212          64.0699             0.0156                  1.23                 1.40                  2.63        0.0017            1.69
   14       4            9.1280          64.0603             0.0156                  3.31                 3.32                  6.64        0.0017            1.71
   15       4            9.1578          64.2056             0.0156                  3.30                 3.68                  6.98        0.0017            1.71
   16       5            9.1372          64.0865             0.0156                  3.29                 3.75                  7.03        0.0017            1.71

Summary Statistics:
------------------------------------------------------------------------------------------------------------------------
            Comp     Groups  Wall Time/Evt (s)  CPU Time/Evt (s)  Throughput (evt/s)  Write Remote (MB/evt)  Read Remote (MB/evt)  Net Transfer (MB/evt)  CPU Cores/Evt  Memory/Evt (MB)
count  16.000000  16.000000          16.000000         16.000000           16.000000              16.000000             16.000000              16.000000      16.000000         16.00000
mean    8.500000   3.000000           9.141933         64.143968            0.015590               1.875107              1.891887               3.766993       0.001697          1.69740
std     4.760952   1.032796           0.019371          0.122436            0.000030               1.144063              1.324690               2.459044       0.000007          0.00676
min     1.000000   1.000000           9.103031         63.906813            0.015548               0.446969              0.000000               0.446969       0.001686          1.68640
25%     4.750000   2.000000           9.130847         64.077566            0.015567               1.030239              0.799316               1.829555       0.001694          1.69400
50%     8.500000   3.000000           9.139313         64.112840            0.015597               1.876005              1.895681               3.777402       0.001695          1.69520
75%    12.250000   4.000000           9.158509         64.240274            0.015606               2.722072              2.991224               5.704723       0.001700          1.69960
max    16.000000   5.000000           9.170109         64.317531            0.015648               3.314813              3.746034               7.031488       0.001710          1.71040
