Workflow Construction Summary Table
========================================================================================================================

 Comp  Groups Wall Time/Evt (s) CPU Time/Evt (s) Throughput (evt/s) Write Remote (MB/evt) Read Remote (MB/evt) Net Transfer (MB/evt) CPU Cores/Evt Memory/Evt (MB)
    1       2           43.2501         164.5979             0.0061                  0.89                 0.56                  1.45        0.0059           11.90
    2       2           43.2501         164.5979             0.0061                  0.89                 0.56                  1.45        0.0059           11.90
    3       3           43.2429         164.5812             0.0061                  0.89                 0.72                  1.60        0.0060           11.90
    4       3           43.2429         164.5812             0.0061                  0.89                 0.72                  1.60        0.0060           11.90
    5       3           43.1508         164.2431             0.0061                  0.89                 0.72                  1.61        0.0060           11.91
    6       3           43.1508         164.2431             0.0061                  0.89                 0.72                  1.61        0.0060           11.91
    7       3           43.1551         164.2763             0.0061                  1.50                 1.21                  2.72        0.0059           11.89
    8       3           43.1551         164.2763             0.0061                  1.50                 1.21                  2.72        0.0059           11.89
    9       3           43.0874         163.9665             0.0061                  0.89                 1.13                  2.02        0.0059           11.90
   10       3           42.9991         163.7065             0.0061                  2.06                 1.81                  3.87        0.0059           11.90
   11       3           42.9991         163.7065             0.0061                  2.06                 1.81                  3.87        0.0059           11.90
   12       4           43.1521         164.2434             0.0061                  0.89                 0.88                  1.76        0.0060           11.91
   13       4           43.1521         164.2434             0.0061                  0.89                 0.88                  1.76        0.0060           11.91
   14       4           43.1549         164.2735             0.0061                  1.50                 1.36                  2.87        0.0059           11.90
   15       4           43.1549         164.2735             0.0061                  1.50                 1.36                  2.87        0.0059           11.90
   16       4           43.0716         163.9325             0.0061                  0.89                 1.29                  2.18        0.0060           11.90
   17       4           43.0716         163.9325             0.0061                  0.89                 1.29                  2.18        0.0060           11.90
   18       4           43.0390         163.8893             0.0061                  1.50                 1.36                  2.87        0.0059           11.89
   19       4           43.0390         163.8893             0.0061                  1.50                 1.36                  2.87        0.0059           11.89
   20       4           43.0059         163.7176             0.0061                  2.06                 1.96                  4.02        0.0060           11.90
   21       4           42.9583         163.5242             0.0061                  2.68                 2.45                  5.12        0.0059           11.90
   22       4           43.0059         163.7176             0.0061                  2.06                 1.96                  4.02        0.0060           11.90
   23       4           42.9583         163.5242             0.0061                  2.68                 2.45                  5.12        0.0059           11.90
   24       4           42.9847         163.6490             0.0061                  2.06                 1.96                  4.02        0.0060           11.90
   25       4           42.9847         163.6490             0.0061                  2.06                 1.96                  4.02        0.0060           11.90
   26       4           42.9585         163.5807             0.0061                  2.06                 2.37                  4.43        0.0059           11.90
   27       4           42.9897         163.6453             0.0061                  1.50                 1.78                  3.28        0.0059           11.89
   28       5           43.0852         163.9572             0.0061                  0.89                 1.44                  2.33        0.0060           11.91
   29       5           43.0378         163.8845             0.0061                  1.50                 1.52                  3.02        0.0059           11.90
   30       5           43.0378         163.8845             0.0061                  1.50                 1.52                  3.02        0.0059           11.90
   31       5           42.9607         163.5267             0.0061                  2.68                 2.60                  5.28        0.0060           11.91
   32       5           42.9607         163.5267             0.0061                  2.68                 2.60                  5.28        0.0060           11.91
   33       5           42.9801         163.6372             0.0061                  2.06                 2.11                  4.17        0.0060           11.91
   34       5           42.9801         163.6372             0.0061                  2.06                 2.11                  4.17        0.0060           11.91
   35       5           42.9459         163.5528             0.0061                  2.06                 2.52                  4.58        0.0059           11.89
   36       5           42.9459         163.5528             0.0061                  2.06                 2.52                  4.58        0.0059           11.89
   37       5           43.0056         163.6749             0.0061                  1.50                 1.94                  3.44        0.0060           11.91
   38       5           43.0056         163.6749             0.0061                  1.50                 1.94                  3.44        0.0060           11.91
   39       5           42.9319         163.4427             0.0061                  2.68                 2.60                  5.28        0.0060           11.90
   40       5           42.9319         163.4427             0.0061                  2.68                 2.60                  5.28        0.0060           11.90
   41       5           42.9466         163.4562             0.0061                  2.68                 3.02                  5.70        0.0060           11.90
   42       6           42.9286         163.5158             0.0061                  2.06                 2.67                  4.73        0.0059           11.90
   43       6           42.9942         163.6495             0.0061                  1.50                 2.09                  3.60        0.0060           11.91
   44       6           42.9215         163.4195             0.0061                  2.68                 2.76                  5.43        0.0060           11.90
   45       6           42.9215         163.4195             0.0061                  2.68                 2.76                  5.43        0.0060           11.90
   46       6           42.9394         163.4392             0.0061                  2.68                 3.17                  5.85        0.0060           11.90
   47       6           42.9394         163.4392             0.0061                  2.68                 3.17                  5.85        0.0060           11.90
   48       7           42.9361         163.4301             0.0061                  2.68                 3.33                  6.00        0.0060           11.91

Summary Statistics:
------------------------------------------------------------------------------------------------------------------------
        Comp     Groups  Wall Time/Evt (s)  CPU Time/Evt (s)  Throughput (evt/s)  Write Remote (MB/evt)  Read Remote (MB/evt)  Net Transfer (MB/evt)  CPU Cores/Evt  Memory/Evt (MB)
count  48.00  48.000000          48.000000         48.000000           48.000000              48.000000             48.000000              48.000000      48.000000        48.000000
mean   24.50   4.333333          43.035442        163.825538            0.006104               1.782451              1.850278               3.632729       0.005950        11.900800
std    14.00   1.117241           0.098751          0.359923            0.000013               0.668887              0.763855               1.405245       0.000003         0.005783
min     1.00   2.000000          42.921547        163.419484            0.006075               0.888672              0.564476               1.453148       0.005945        11.889600
25%    12.75   4.000000          42.958272        163.526735            0.006096               1.350435              1.286343               2.619359       0.005949        11.897600
50%    24.50   4.000000          43.002378        163.690706            0.006109               1.782451              1.937886               3.730960       0.005951        11.901600
75%    36.25   5.000000          43.103237        164.035664            0.006115               2.214468              2.521740               4.829880       0.005953        11.905600
max    48.00   7.000000          43.250073        164.597926            0.006119               2.676230              3.328720               6.004950       0.005957        11.913600
