Workflow Construction Summary Table
========================================================================================================================

 Comp  Groups Wall Time/Evt (s) CPU Time/Evt (s) Throughput (evt/s) Write Remote (MB/evt) Read Remote (MB/evt) Net Transfer (MB/evt) CPU Cores/Evt Memory/Evt (MB)
    1       1            7.6082         464.2622             0.0022                  0.45                 0.00                  0.45        0.1355          135.49
    2       2            7.6085         461.2708             0.0022                  0.45                 0.06                  0.51        0.1346          134.66
    3       2            7.6082         439.1815             0.0023                  0.45                 0.39                  0.84        0.1282          128.97
    4       2            7.6090         211.9643             0.0047                  1.23                 0.82                  2.05        0.0617           62.88
    5       2            7.6034         174.8904             0.0057                  2.54                 2.18                  4.72        0.0508           62.88
    6       3            7.6024         439.1699             0.0023                  0.45                 0.46                  0.91        0.1282          128.97
    7       3            7.6028         208.6245             0.0048                  1.23                 0.88                  2.11        0.0608           62.06
    8       3            7.6070         171.9125             0.0058                  2.54                 2.25                  4.79        0.0500           62.19
    9       3            7.6088         187.0031             0.0053                  1.23                 1.21                  2.44        0.0545           56.44
   10       3            7.6083         149.1444             0.0067                  2.54                 2.57                  5.11        0.0432           56.07
   11       3            7.6090         146.8386             0.0068                  3.32                 3.01                  6.33        0.0427           46.60
   12       4            7.6042         186.9939             0.0053                  1.23                 1.28                  2.51        0.0545           56.42
   13       4            7.6090         149.3618             0.0067                  2.54                 2.64                  5.18        0.0433           56.18
   14       4            7.6093         143.9323             0.0069                  3.32                 3.07                  6.39        0.0420           45.94
   15       4            7.6061         121.3136             0.0082                  3.32                 3.39                  6.71        0.0351           39.79
   16       5            7.6041         121.2638             0.0082                  3.32                 3.46                  6.78        0.0352           39.81

Summary Statistics:
------------------------------------------------------------------------------------------------------------------------
            Comp     Groups  Wall Time/Evt (s)  CPU Time/Evt (s)  Throughput (evt/s)  Write Remote (MB/evt)  Read Remote (MB/evt)  Net Transfer (MB/evt)  CPU Cores/Evt  Memory/Evt (MB)
count  16.000000  16.000000          16.000000         16.000000           16.000000              16.000000             16.000000              16.000000      16.000000        16.000000
mean    8.500000   3.000000           7.606769        236.070482            0.005267               1.884670              1.729834               3.614504       0.068781        73.459375
std     4.760952   1.032796           0.002514        130.939136            0.002086               1.152076              1.221905               2.365590       0.038307        35.742907
min     1.000000   1.000000           7.602363        121.263815            0.002154               0.449219              0.000000               0.449219       0.035126        39.786000
25%     4.750000   2.000000           7.604215        148.567948            0.004108               1.035156              0.728264               1.763420       0.043076        53.704500
50%     8.500000   3.000000           7.608183        180.942172            0.005533               1.883999              1.730063               3.614061       0.052664        59.251000
75%    12.250000   4.000000           7.608854        268.765715            0.006731               2.734375              2.729177               5.463552       0.078344        79.404500
max    16.000000   5.000000           7.609279        464.262250            0.008246               3.320312              3.460695               6.781008       0.135488       135.488000
