Workflow Construction Summary Table
========================================================================================================================

 Comp  Groups Wall Time/Evt (s) CPU Time/Evt (s) Throughput (evt/s) Write Remote (MB/evt) Read Remote (MB/evt) Net Transfer (MB/evt) CPU Cores/Evt Memory/Evt (MB)
    1       1            7.5372          58.9173             0.0170                  0.45                 0.00                  0.45        0.0080            8.04
    2       2            7.4750          58.4357             0.0171                  0.45                 0.07                  0.52        0.0080            8.04
    3       2            7.3916          57.7872             0.0173                  1.23                 0.80                  2.03        0.0080            8.04
    4       2            7.4127          57.9611             0.0173                  0.45                 0.39                  0.83        0.0080            8.04
    5       2            7.4164          57.9777             0.0172                  2.54                 2.14                  4.68        0.0080            8.04
    6       3            7.4099          57.9391             0.0173                  0.45                 0.45                  0.90        0.0080            8.04
    7       3            7.3649          57.5766             0.0174                  1.23                 0.87                  2.10        0.0080            8.04
    8       3            7.3865          57.7573             0.0173                  3.32                 2.94                  6.27        0.0080            8.04
    9       3            7.3973          57.8357             0.0173                  2.54                 2.21                  4.75        0.0080            8.04
   10       3            7.3799          57.7269             0.0173                  2.54                 2.53                  5.06        0.0080            8.03
   11       3            7.3392          57.3859             0.0174                  1.23                 1.19                  2.42        0.0080            8.04
   12       4            7.3771          57.7048             0.0173                  2.54                 2.59                  5.13        0.0080            8.03
   13       4            7.3363          57.3639             0.0174                  1.23                 1.25                  2.48        0.0080            8.04
   14       4            7.3633          57.5989             0.0174                  3.32                 3.01                  6.33        0.0080            8.03
   15       4            7.3531          57.5187             0.0174                  3.32                 3.33                  6.65        0.0080            8.03
   16       5            7.3554          57.5172             0.0174                  3.32                 3.39                  6.71        0.0080            8.05

Summary Statistics:
------------------------------------------------------------------------------------------------------------------------
            Comp     Groups  Wall Time/Evt (s)  CPU Time/Evt (s)  Throughput (evt/s)  Write Remote (MB/evt)  Read Remote (MB/evt)  Net Transfer (MB/evt)  CPU Cores/Evt  Memory/Evt (MB)
count  16.000000  16.000000          16.000000         16.000000           16.000000              16.000000             16.000000              16.000000      16.000000        16.000000
mean    8.500000   3.000000           7.393486         57.812746            0.017298               1.884766              1.696867               3.581633       0.008038         8.038200
std     4.760952   1.032796           0.051642          0.396286            0.000117               1.152134              1.197596               2.341371       0.000004         0.004445
min     1.000000   1.000000           7.336346         57.363880            0.016973               0.449219              0.000000               0.449219       0.008030         8.030400
25%     4.750000   2.000000           7.361334         57.562095            0.017258               1.035156              0.714040               1.749196       0.008035         8.034800
50%     8.500000   3.000000           7.383219         57.742098            0.017318               1.884766              1.698310               3.583075       0.008038         8.038400
75%    12.250000   4.000000           7.410566         57.944568            0.017373               2.734375              2.678697               5.413072       0.008042         8.041600
max    16.000000   5.000000           7.537196         58.917312            0.017433               3.320312              3.393936               6.714248       0.008046         8.046400
