Workflow Construction Summary Table
========================================================================================================================

 Comp  Groups Wall Time/Evt (s) CPU Time/Evt (s) Throughput (evt/s) Write Remote (MB/evt) Read Remote (MB/evt) Net Transfer (MB/evt) CPU Cores/Evt Memory/Evt (MB)
    1       1            7.5796          59.2485             0.0169                  0.45                 0.00                  0.45        0.0080            8.04
    2       2            7.5223          58.5768             0.0171                  0.45                 0.06                  0.51        0.0080            8.01
    3       2            7.4906          56.7176             0.0176                  0.45                 0.39                  0.83        0.0078            7.80
    4       2            7.8536          51.9350             0.0193                  2.54                 2.14                  4.68        0.0069            7.32
    5       2            7.5826          45.6235             0.0219                  1.23                 0.80                  2.03        0.0062            5.28
    6       3            7.4939          55.9106             0.0179                  0.45                 0.45                  0.90        0.0077            7.80
    7       3            7.8389          51.8872             0.0193                  2.54                 2.21                  4.75        0.0069            7.30
    8       3            7.5607          45.5361             0.0220                  1.23                 0.87                  2.10        0.0062            5.26
    9       3            7.8516          51.9462             0.0193                  2.54                 2.52                  5.06        0.0069            7.08
   10       3            7.5646          45.5563             0.0220                  1.23                 1.19                  2.42        0.0062            5.05
   11       3            7.9719          47.1466             0.0212                  3.32                 2.94                  6.27        0.0062            5.12
   12       4            7.8547          51.1419             0.0196                  2.54                 2.59                  5.13        0.0068            7.08
   13       4            7.5677          44.7537             0.0223                  1.23                 1.25                  2.48        0.0061            5.05
   14       4            7.9543          47.0902             0.0212                  3.32                 3.01                  6.33        0.0062            5.09
   15       4            7.9752          47.1686             0.0212                  3.32                 3.33                  6.65        0.0062            4.88
   16       5            7.9825          46.3741             0.0216                  3.32                 3.39                  6.71        0.0061            4.89

Summary Statistics:
------------------------------------------------------------------------------------------------------------------------
            Comp     Groups  Wall Time/Evt (s)  CPU Time/Evt (s)  Throughput (evt/s)  Write Remote (MB/evt)  Read Remote (MB/evt)  Net Transfer (MB/evt)  CPU Cores/Evt  Memory/Evt (MB)
count  16.000000  16.000000          16.000000         16.000000           16.000000              16.000000             16.000000              16.000000      16.000000        16.000000
mean    8.500000   3.000000           7.727787         50.413319            0.020011               1.884766              1.696598               3.581363       0.006781         6.315700
std     4.760952   1.032796           0.195458          4.986276            0.001897               1.152134              1.197760               2.341521       0.000718         1.313099
min     1.000000   1.000000           7.490581         44.753713            0.016878               0.449219              0.000000               0.449219       0.006123         4.882600
25%     4.750000   2.000000           7.563594         46.186490            0.018909               1.035156              0.713974               1.749131       0.006222         5.077150
50%     8.500000   3.000000           7.710742         49.155214            0.020377               1.884766              1.698310               3.583075       0.006493         6.182700
75%    12.250000   4.000000           7.879632         52.937326            0.021652               2.734375              2.678637               5.413012       0.007076         7.444400
max    16.000000   5.000000           7.982460         59.248509            0.022345               3.320312              3.393936               6.714248       0.008038         8.038400
