Workflow Construction Summary Table
========================================================================================================================

 Comp  Groups Wall Time/Evt (s) CPU Time/Evt (s) Throughput (evt/s) Write Remote (MB/evt) Read Remote (MB/evt) Net Transfer (MB/evt) CPU Cores/Evt Memory/Evt (MB)
    1       1            6.9720          55.7764             0.0179                  0.45                 0.00                  0.45        0.0019            1.92
    2       2            6.9573          55.4578             0.0180                  0.45                 0.06                  0.51        0.0019            1.91
    3       2            6.9424          53.9326             0.0185                  0.45                 0.38                  0.83        0.0019            1.86
    4       2            6.9336          47.4172             0.0211                  2.54                 2.09                  4.63        0.0016            1.76
    5       2            6.9340          42.9682             0.0233                  1.23                 0.78                  2.01        0.0015            1.26
    6       3            6.9417          53.2279             0.0188                  0.45                 0.44                  0.89        0.0018            1.87
    7       3            6.9293          47.4000             0.0211                  2.54                 2.15                  4.69        0.0016            1.75
    8       3            6.9273          42.9413             0.0233                  1.23                 0.84                  2.08        0.0015            1.25
    9       3            6.9261          47.3872             0.0211                  2.54                 2.47                  5.00        0.0016            1.70
   10       3            6.9211          42.9165             0.0233                  1.23                 1.16                  2.39        0.0015            1.20
   11       3            6.9235          42.9259             0.0233                  3.32                 2.87                  6.19        0.0015            1.23
   12       4            6.9253          46.6824             0.0214                  2.54                 2.53                  5.07        0.0016            1.71
   13       4            6.9203          42.2117             0.0237                  1.23                 1.22                  2.45        0.0015            1.21
   14       4            6.9192          42.9087             0.0233                  3.32                 2.93                  6.25        0.0015            1.22
   15       4            6.9160          42.8958             0.0233                  3.32                 3.25                  6.57        0.0015            1.17
   16       5            6.9152          42.1911             0.0237                  3.32                 3.31                  6.63        0.0015            1.18

Summary Statistics:
------------------------------------------------------------------------------------------------------------------------
            Comp     Groups  Wall Time/Evt (s)  CPU Time/Evt (s)  Throughput (evt/s)  Write Remote (MB/evt)  Read Remote (MB/evt)  Net Transfer (MB/evt)  CPU Cores/Evt  Memory/Evt (MB)
count  16.000000  16.000000          16.000000         16.000000           16.000000              16.000000             16.000000              16.000000      16.000000        16.000000
mean    8.500000   3.000000           6.931517         46.827540            0.021573               1.884766              1.655273               3.540039       0.001624         1.512500
std     4.760952   1.032796           0.015471          5.040869            0.002165               1.152134              1.168838               2.312666       0.000170         0.313748
min     1.000000   1.000000           6.915183         42.191077            0.017929               0.449219              0.000000               0.449219       0.001466         1.173000
25%     4.750000   2.000000           6.920925         42.914514            0.020514               1.035156              0.695801               1.730957       0.001488         1.217750
50%     8.500000   3.000000           6.926694         44.825286            0.022347               1.884766              1.655273               3.540039       0.001559         1.480500
75%    12.250000   4.000000           6.935948         48.869910            0.023302               2.734375              2.614746               5.349121       0.001697         1.783750
max    16.000000   5.000000           6.972045         55.776359            0.023702               3.320312              3.310547               6.630859       0.001920         1.920000
