Workflow Construction Summary Table
========================================================================================================================

 Comp  Groups Wall Time/Evt (s) CPU Time/Evt (s) Throughput (evt/s) Write Remote (MB/evt) Read Remote (MB/evt) Net Transfer (MB/evt) CPU Cores/Evt Memory/Evt (MB)
    1       1            7.8350          61.2403             0.0163                  0.45                 0.00                  0.45        0.0161           16.09
    2       2            7.7111          60.2768             0.0166                  0.45                 0.06                  0.51        0.0161           16.09
    3       2            7.5874          59.3056             0.0169                  0.45                 0.39                  0.84        0.0161           16.10
    4       2            7.5080          58.6881             0.0170                  2.54                 2.14                  4.68        0.0161           16.08
    5       2            7.5145          58.7395             0.0170                  1.23                 0.80                  2.03        0.0161           16.08
    6       3            7.5804          59.2506             0.0169                  0.45                 0.45                  0.90        0.0161           16.10
    7       3            7.4722          58.4082             0.0171                  2.54                 2.20                  4.74        0.0161           16.09
    8       3            7.4586          58.3025             0.0172                  1.23                 0.87                  2.10        0.0161           16.08
    9       3            7.4456          58.1985             0.0172                  2.54                 2.53                  5.06        0.0161           16.09
   10       3            7.4059          57.8921             0.0173                  1.23                 1.19                  2.42        0.0161           16.08
   11       3            7.4222          58.0184             0.0172                  3.32                 2.94                  6.26        0.0161           16.08
   12       4            7.4386          58.1439             0.0172                  2.54                 2.59                  5.13        0.0161           16.09
   13       4            7.3992          57.8384             0.0173                  1.23                 1.25                  2.48        0.0161           16.09
   14       4            7.3864          57.7386             0.0173                  3.32                 3.01                  6.33        0.0161           16.08
   15       4            7.3591          57.5261             0.0174                  3.32                 3.33                  6.65        0.0161           16.08
   16       5            7.3520          57.4711             0.0174                  3.32                 3.39                  6.71        0.0161           16.08

Summary Statistics:
------------------------------------------------------------------------------------------------------------------------
            Comp     Groups  Wall Time/Evt (s)  CPU Time/Evt (s)  Throughput (evt/s)  Write Remote (MB/evt)  Read Remote (MB/evt)  Net Transfer (MB/evt)  CPU Cores/Evt  Memory/Evt (MB)
count  16.000000  16.000000          16.000000         16.000000           16.000000              16.000000             16.000000              16.000000      16.000000        16.000000
mean    8.500000   3.000000           7.492261         58.564910            0.017080               1.884763              1.695456               3.580219       0.016087        16.086800
std     4.760952   1.032796           0.131438          1.026153            0.000293               1.152138              1.196910               2.340613       0.000007         0.006674
min     1.000000   1.000000           7.352011         57.471113            0.016329               0.449172              0.000000               0.449172       0.016077        16.076800
25%     4.750000   2.000000           7.404266         57.878649            0.016988               1.035156              0.713206               1.748363       0.016082        16.081600
50%     8.500000   3.000000           7.452085         58.250522            0.017167               1.884766              1.694654               3.579420       0.016086        16.085600
75%    12.250000   4.000000           7.530984         58.867268            0.017278               2.734375              2.678389               5.412764       0.016091        16.091200
max    16.000000   5.000000           7.834977         61.240251            0.017400               3.320312              3.390608               6.710921       0.016099        16.099200
