Workflow Construction Summary Table
========================================================================================================================

 Comp  Groups Wall Time/Evt (s) CPU Time/Evt (s) Throughput (evt/s) Write Remote (MB/evt) Read Remote (MB/evt) Net Transfer (MB/evt) CPU Cores/Evt Memory/Evt (MB)
    1       1            6.9764          55.8115             0.0179                  0.45                 0.00                  0.45        0.0019            1.92
    2       2            6.9624          55.4955             0.0180                  0.45                 0.06                  0.51        0.0019            1.91
    3       2            6.9539          43.0786             0.0232                  1.23                 0.78                  2.01        0.0015            1.26
    4       2            6.9506          53.9799             0.0185                  0.45                 0.38                  0.83        0.0019            1.86
    5       2            6.9792          47.6823             0.0210                  2.54                 2.09                  4.63        0.0016            1.75
    6       3            6.9504          53.2688             0.0188                  0.45                 0.44                  0.89        0.0018            1.86
    7       3            6.9479          43.0544             0.0232                  1.23                 0.84                  2.08        0.0015            1.25
    8       3            6.9847          43.2015             0.0231                  3.32                 2.87                  6.19        0.0015            1.22
    9       3            6.9756          47.6677             0.0210                  2.54                 2.15                  4.69        0.0016            1.74
   10       3            6.9755          47.6672             0.0210                  2.54                 2.47                  5.00        0.0016            1.69
   11       3            6.9447          43.0419             0.0232                  1.23                 1.16                  2.39        0.0015            1.20
   12       4            6.9753          46.9562             0.0213                  2.54                 2.53                  5.07        0.0016            1.69
   13       4            6.9445          42.3308             0.0236                  1.23                 1.22                  2.45        0.0015            1.20
   14       4            6.9810          43.1869             0.0232                  3.32                 2.93                  6.25        0.0015            1.21
   15       4            6.9809          43.1865             0.0232                  3.32                 3.25                  6.57        0.0015            1.16
   16       5            6.9807          42.4755             0.0235                  3.32                 3.31                  6.63        0.0015            1.16

Summary Statistics:
------------------------------------------------------------------------------------------------------------------------
            Comp     Groups  Wall Time/Evt (s)  CPU Time/Evt (s)  Throughput (evt/s)  Write Remote (MB/evt)  Read Remote (MB/evt)  Net Transfer (MB/evt)  CPU Cores/Evt  Memory/Evt (MB)
count  16.000000  16.000000          16.000000         16.000000           16.000000              16.000000             16.000000              16.000000      16.000000        16.000000
mean    8.500000   3.000000           6.966477         47.005319            0.021485               1.884766              1.655273               3.540039       0.001620         1.506500
std     4.760952   1.032796           0.015153          4.977189            0.002127               1.152134              1.168838               2.312666       0.000171         0.314461
min     1.000000   1.000000           6.944528         42.330788            0.017917               0.449219              0.000000               0.449219       0.001463         1.164200
25%     4.750000   2.000000           6.950525         43.072518            0.020422               1.035156              0.695801               1.730957       0.001487         1.210350
50%     8.500000   3.000000           6.975386         45.078859            0.022222               1.884766              1.655273               3.540039       0.001551         1.475300
75%    12.250000   4.000000           6.979605         49.078902            0.023217               2.734375              2.614746               5.349121       0.001690         1.776750
max    16.000000   5.000000           6.984654         55.811458            0.023623               3.320312              3.310547               6.630859       0.001918         1.918400
