Workflow Construction Summary Table
========================================================================================================================

 Comp  Groups Wall Time/Evt (s) CPU Time/Evt (s) Throughput (evt/s) Write Remote (MB/evt) Read Remote (MB/evt) Net Transfer (MB/evt) CPU Cores/Evt Memory/Evt (MB)
    1       1            8.2987          63.1131             0.0158                  0.45                 0.00                  0.45        0.0170           17.04
    2       2            8.1688          62.1245             0.0161                  0.45                 0.07                  0.52        0.0170           17.03
    3       2            8.0400          61.1458             0.0164                  0.45                 0.40                  0.85        0.0170           17.04
    4       2            7.9969          60.8180             0.0164                  2.54                 2.20                  4.74        0.0170           17.02
    5       2            7.9766          60.6616             0.0165                  1.23                 0.82                  2.05        0.0170           17.02
    6       3            8.0334          61.0949             0.0164                  0.45                 0.46                  0.91        0.0170           17.04
    7       3            7.9600          60.5362             0.0165                  2.54                 2.27                  4.81        0.0170           17.03
    8       3            7.9197          60.2292             0.0166                  1.23                 0.89                  2.12        0.0170           17.03
    9       3            7.9377          60.3652             0.0166                  2.54                 2.60                  5.14        0.0170           17.03
   10       3            7.8668          59.8271             0.0167                  1.23                 1.22                  2.45        0.0170           17.02
   11       3            7.9256          60.2744             0.0166                  3.32                 3.03                  6.35        0.0170           17.02
   12       4            7.9303          60.3117             0.0166                  2.54                 2.67                  5.21        0.0170           17.04
   13       4            7.8592          59.7694             0.0167                  1.23                 1.29                  2.52        0.0170           17.03
   14       4            7.8874          59.9817             0.0167                  3.32                 3.10                  6.42        0.0170           17.03
   15       4            7.8640          59.8031             0.0167                  3.32                 3.43                  6.75        0.0170           17.03
   16       5            7.8580          59.7582             0.0167                  3.32                 3.50                  6.82        0.0170           17.04

Summary Statistics:
------------------------------------------------------------------------------------------------------------------------
            Comp     Groups  Wall Time/Evt (s)  CPU Time/Evt (s)  Throughput (evt/s)  Write Remote (MB/evt)  Read Remote (MB/evt)  Net Transfer (MB/evt)  CPU Cores/Evt  Memory/Evt (MB)
count  16.000000  16.000000          16.000000         16.000000           16.000000              16.000000             16.000000              16.000000      16.000000        16.000000
mean    8.500000   3.000000           7.970204         60.613376            0.016501               1.884570              1.747558               3.632128       0.017031        17.030500
std     4.760952   1.032796           0.120553          0.917601            0.000245               1.152051              1.234516               2.377983       0.000007         0.007378
min     1.000000   1.000000           7.858041         59.758151            0.015845               0.449172              0.000000               0.449172       0.017018        17.017600
25%     4.750000   2.000000           7.882251         59.943071            0.016424               1.034957              0.734142               1.769099       0.017026        17.026400
50%     8.500000   3.000000           7.933997         60.338429            0.016573               1.884378              1.745458               3.629712       0.017030        17.030400
75%    12.250000   4.000000           8.006040         60.887214            0.016683               2.734264              2.761835               5.496173       0.017036        17.035600
max    16.000000   5.000000           8.298733         63.113062            0.016734               3.320312              3.498180               6.818493       0.017043        17.043200
