Workflow Construction Summary Table
========================================================================================================================

 Comp  Groups Wall Time/Evt (s) CPU Time/Evt (s) Throughput (evt/s) Write Remote (MB/evt) Read Remote (MB/evt) Net Transfer (MB/evt) CPU Cores/Evt Memory/Evt (MB)
    1       1            7.6530          58.4057             0.0171                  0.45                 0.00                  0.45        0.0014            1.41
    2       2            7.6380          58.0974             0.0172                  0.45                 0.07                  0.52        0.0014            1.40
    3       2            7.6268          45.1231             0.0222                  1.23                 0.82                  2.05        0.0011            0.92
    4       2            7.6319          56.6027             0.0177                  0.45                 0.38                  0.83        0.0014            1.37
    5       2            7.6204          49.8144             0.0201                  2.54                 2.18                  4.71        0.0012            1.28
    6       3            7.6296          55.8635             0.0179                  0.45                 0.45                  0.90        0.0014            1.37
    7       3            7.6220          45.1048             0.0222                  1.23                 0.88                  2.11        0.0011            0.92
    8       3            7.5930          45.0492             0.0222                  3.32                 2.99                  6.31        0.0011            0.89
    9       3            7.6174          49.8028             0.0201                  2.54                 2.24                  4.78        0.0012            1.28
   10       3            7.6175          49.7648             0.0201                  2.54                 2.58                  5.12        0.0012            1.25
   11       3            7.6178          45.0887             0.0222                  1.23                 1.22                  2.45        0.0011            0.88
   12       4            7.6150          49.0221             0.0204                  2.54                 2.65                  5.19        0.0012            1.25
   13       4            7.6086          44.3501             0.0225                  1.23                 1.27                  2.50        0.0011            0.89
   14       4            7.5973          45.0522             0.0222                  3.32                 3.06                  6.38        0.0011            0.89
   15       4            7.5923          45.0385             0.0222                  3.32                 3.39                  6.71        0.0011            0.86
   16       5            7.6091          44.3433             0.0226                  3.32                 3.47                  6.79        0.0011            0.86

Summary Statistics:
------------------------------------------------------------------------------------------------------------------------
            Comp     Groups  Wall Time/Evt (s)  CPU Time/Evt (s)  Throughput (evt/s)  Write Remote (MB/evt)  Read Remote (MB/evt)  Net Transfer (MB/evt)  CPU Cores/Evt  Memory/Evt (MB)
count  16.000000  16.000000          16.000000         16.000000           16.000000              16.000000             16.000000              16.000000      16.000000        16.000000
mean    8.500000   3.000000           7.618109         49.157701            0.020547               1.884766              1.728372               3.613137       0.001193         1.108237
std     4.760952   1.032796           0.016217          5.249300            0.002048               1.152134              1.221929               2.365394       0.000125         0.231139
min     1.000000   1.000000           7.592283         44.343333            0.017122               0.449219              0.000000               0.449219       0.001078         0.855400
25%     4.750000   2.000000           7.608981         45.051445            0.019531               1.035156              0.727859               1.763016       0.001094         0.890400
50%     8.500000   3.000000           7.617669         47.072617            0.021280               1.884766              1.722796               3.607562       0.001144         1.085500
75%    12.250000   4.000000           7.627505         51.326686            0.022197               2.734375              2.736542               5.470917       0.001246         1.305650
max    16.000000   5.000000           7.653038         58.405707            0.022551               3.320312              3.468495               6.788808       0.001408         1.408000
