Workflow Construction Summary Table
========================================================================================================================

 Comp  Groups Wall Time/Evt (s) CPU Time/Evt (s) Throughput (evt/s) Write Remote (MB/evt) Read Remote (MB/evt) Net Transfer (MB/evt) CPU Cores/Evt Memory/Evt (MB)
    1       1            7.3530         460.7193             0.0022                  0.45                 0.00                  0.45        0.0321           32.06
    2       2            7.3374         456.2481             0.0022                  0.45                 0.06                  0.51        0.0319           31.94
    3       2            7.3076         433.1129             0.0023                  0.45                 0.38                  0.83        0.0305           30.66
    4       2            7.2901         210.8631             0.0047                  1.23                 0.80                  2.03        0.0149           15.14
    5       2            7.2824         173.1991             0.0058                  2.54                 2.14                  4.68        0.0123           15.17
    6       3            7.3050         432.6380             0.0023                  0.45                 0.44                  0.89        0.0305           30.66
    7       3            7.2904         206.1171             0.0049                  1.23                 0.89                  2.12        0.0145           14.83
    8       3            7.2748         169.4370             0.0059                  2.54                 2.20                  4.74        0.0120           14.90
    9       3            7.2779         183.6727             0.0054                  1.23                 1.20                  2.43        0.0130           13.50
   10       3            7.2755         147.3653             0.0068                  2.54                 2.53                  5.07        0.0105           13.49
   11       3            7.2859         146.5125             0.0068                  3.32                 2.95                  6.27        0.0105           11.40
   12       4            7.2652         184.9513             0.0054                  1.23                 1.25                  2.48        0.0132           13.68
   13       4            7.2797         147.8052             0.0068                  2.54                 2.61                  5.15        0.0105           13.56
   14       4            7.2423         141.5653             0.0071                  3.32                 3.00                  6.32        0.0101           11.05
   15       4            7.2706         119.5665             0.0084                  3.32                 3.33                  6.65        0.0086            9.69
   16       5            7.2588         119.9739             0.0083                  3.32                 3.40                  6.72        0.0086            9.74

Summary Statistics:
------------------------------------------------------------------------------------------------------------------------
            Comp     Groups  Wall Time/Evt (s)  CPU Time/Evt (s)  Throughput (evt/s)  Write Remote (MB/evt)  Read Remote (MB/evt)  Net Transfer (MB/evt)  CPU Cores/Evt  Memory/Evt (MB)
count  16.000000  16.000000          16.000000         16.000000           16.000000              16.000000             16.000000              16.000000      16.000000        16.000000
mean    8.500000   3.000000           7.287293        233.359207            0.005328               1.884714              1.698491               3.583205       0.016472        17.591125
std     4.760952   1.032796           0.027871        129.418998            0.002111               1.152203              1.199596               2.343371       0.008989         8.382148
min     1.000000   1.000000           7.242289        119.566451            0.002171               0.448386              0.000000               0.449219       0.008555         9.690000
25%     4.750000   2.000000           7.273774        147.152103            0.004135               1.035156              0.710770               1.745718       0.010464        12.965500
50%     8.500000   3.000000           7.281066        178.435918            0.005609               1.884766              1.691885               3.576651       0.012670        14.253000
75%    12.250000   4.000000           7.294049        266.306846            0.006796               2.734375              2.692697               5.427072       0.018766        19.040000
max    16.000000   5.000000           7.353030        460.719345            0.008364               3.320312              3.397301               6.717613       0.032064        32.064000
