Workflow Construction Summary Table
========================================================================================================================

 Comp  Groups Wall Time/Evt (s) CPU Time/Evt (s) Throughput (evt/s) Write Remote (MB/evt) Read Remote (MB/evt) Net Transfer (MB/evt) CPU Cores/Evt Memory/Evt (MB)
    1       1            7.0454          55.8779             0.0179                  0.45                 0.00                  0.45        0.0007            0.65
    2       2            7.0405          55.8384             0.0179                  0.45                 0.06                  0.51        0.0007            0.65
    3       2            7.0354          55.7986             0.0179                  0.45                 0.38                  0.83        0.0007            0.65
    4       2            7.0327          55.7767             0.0179                  2.54                 2.13                  4.67        0.0007            0.65
    5       2            7.0327          55.7767             0.0179                  1.23                 0.79                  2.02        0.0007            0.65
    6       3            7.0351          55.7964             0.0179                  0.45                 0.45                  0.90        0.0007            0.65
    7       3            7.0312          55.7651             0.0179                  2.54                 2.19                  4.73        0.0007            0.65
    8       3            7.0304          55.7588             0.0179                  1.23                 0.86                  2.09        0.0007            0.65
    9       3            7.0301          55.7565             0.0179                  2.54                 2.51                  5.05        0.0007            0.65
   10       3            7.0283          55.7422             0.0179                  1.23                 1.18                  2.41        0.0007            0.65
   11       3            7.0294          55.7503             0.0179                  3.32                 2.91                  6.23        0.0007            0.65
   12       4            7.0298          55.7543             0.0179                  2.54                 2.57                  5.11        0.0007            0.65
   13       4            7.0280          55.7400             0.0179                  1.23                 1.24                  2.47        0.0007            0.65
   14       4            7.0279          55.7391             0.0179                  3.32                 2.98                  6.30        0.0007            0.66
   15       4            7.0269          55.7305             0.0179                  3.32                 3.30                  6.62        0.0007            0.66
   16       5            7.0266          55.7284             0.0179                  3.32                 3.36                  6.68        0.0007            0.66

Summary Statistics:
------------------------------------------------------------------------------------------------------------------------
            Comp     Groups  Wall Time/Evt (s)  CPU Time/Evt (s)  Throughput (evt/s)  Write Remote (MB/evt)  Read Remote (MB/evt)  Net Transfer (MB/evt)  CPU Cores/Evt  Memory/Evt (MB)
count  16.000000  16.000000          16.000000         16.000000           16.000000              16.000000             16.000000              16.000000      16.000000        16.000000
mean    8.500000   3.000000           7.031907         55.770622            0.017931               1.884766              1.681388               3.566153       0.000654         0.653800
std     4.760952   1.032796           0.005124          0.040663            0.000013               1.152134              1.186696               2.330402       0.000002         0.002013
min     1.000000   1.000000           7.026581         55.728417            0.017896               0.449219              0.000000               0.449219       0.000651         0.651200
25%     4.750000   2.000000           7.028259         55.741656            0.017927               1.035156              0.706286               1.741442       0.000653         0.652800
50%     8.500000   3.000000           7.030271         55.757637            0.017935               1.884766              1.682970               3.567736       0.000653         0.652800
75%    12.250000   4.000000           7.033316         55.781669            0.017940               2.734375              2.657661               5.392036       0.000654         0.654400
max    16.000000   5.000000           7.045419         55.877854            0.017944               3.320312              3.359820               6.680132       0.000659         0.659200
