Workflow Construction Summary Table
========================================================================================================================

 Comp  Groups Wall Time/Evt (s) CPU Time/Evt (s) Throughput (evt/s) Write Remote (MB/evt) Read Remote (MB/evt) Net Transfer (MB/evt) CPU Cores/Evt Memory/Evt (MB)
    1       1            7.5372         471.3385             0.0021                  0.45                 0.00                  0.45        0.0643           64.31
    2       2            7.4750         464.2786             0.0022                  0.45                 0.07                  0.52        0.0638           63.86
    3       2            7.3916         215.0955             0.0046                  1.23                 0.80                  2.03        0.0296           30.13
    4       2            7.4127         438.3940             0.0023                  0.45                 0.39                  0.83        0.0608           61.13
    5       2            7.4164         177.2561             0.0056                  2.54                 2.14                  4.68        0.0244           30.12
    6       3            7.4099         438.3388             0.0023                  0.45                 0.45                  0.90        0.0608           61.11
    7       3            7.3649         210.2953             0.0048                  1.23                 0.87                  2.10        0.0292           29.73
    8       3            7.3865         149.5269             0.0067                  3.32                 2.94                  6.27        0.0206           22.39
    9       3            7.3973         172.9206             0.0058                  2.54                 2.21                  4.75        0.0240           29.71
   10       3            7.3799         150.0014             0.0067                  2.54                 2.53                  5.06        0.0209           26.91
   11       3            7.3392         186.5900             0.0054                  1.23                 1.19                  2.42        0.0260           26.94
   12       4            7.3771         149.9020             0.0067                  2.54                 2.59                  5.13        0.0208           26.88
   13       4            7.3363         186.5790             0.0054                  1.23                 1.25                  2.48        0.0260           26.94
   14       4            7.3633         144.9754             0.0069                  3.32                 3.01                  6.33        0.0200           21.91
   15       4            7.3531         122.3292             0.0082                  3.32                 3.33                  6.65        0.0170           19.20
   16       5            7.3554         122.3075             0.0082                  3.32                 3.39                  6.71        0.0170           19.20

Summary Statistics:
------------------------------------------------------------------------------------------------------------------------
            Comp     Groups  Wall Time/Evt (s)  CPU Time/Evt (s)  Throughput (evt/s)  Write Remote (MB/evt)  Read Remote (MB/evt)  Net Transfer (MB/evt)  CPU Cores/Evt  Memory/Evt (MB)
count  16.000000  16.000000          16.000000         16.000000           16.000000              16.000000             16.000000              16.000000      16.000000        16.000000
mean    8.500000   3.000000           7.393486        237.508059            0.005229               1.884766              1.696867               3.581633       0.032827        35.030600
std     4.760952   1.032796           0.051642        131.451730            0.002065               1.152134              1.197596               2.341371       0.018037        16.833288
min     1.000000   1.000000           7.336346        122.307478            0.002122               0.449219              0.000000               0.449219       0.017012        19.203200
25%     4.750000   2.000000           7.361334        149.808203            0.004057               1.035156              0.714040               1.749196       0.020771        25.758100
50%     8.500000   3.000000           7.383219        181.917556            0.005501               1.884766              1.698310               3.583075       0.025232        28.327600
75%    12.250000   4.000000           7.410566        270.906351            0.006675               2.734375              2.678697               5.413072       0.037379        37.877900
max    16.000000   5.000000           7.537196        471.338499            0.008176               3.320312              3.393936               6.714248       0.064307        64.307200
