Workflow Construction Summary Table
========================================================================================================================

 Comp  Groups Wall Time/Evt (s) CPU Time/Evt (s) Throughput (evt/s) Write Remote (MB/evt) Read Remote (MB/evt) Net Transfer (MB/evt) CPU Cores/Evt Memory/Evt (MB)
    1       2           40.8330         313.9422             0.0032                  0.89                 0.54                  1.43        0.0074            7.49
    2       2           40.8330         313.9422             0.0032                  0.89                 0.54                  1.43        0.0074            7.31
    3       3           40.8467         313.9778             0.0032                  0.89                 0.69                  1.58        0.0074            7.50
    4       3           40.8467         313.9778             0.0032                  0.89                 0.69                  1.58        0.0074            7.31
    5       3           40.7941         312.3055             0.0032                  0.89                 0.70                  1.59        0.0073            7.45
    6       3           40.7941         312.3055             0.0032                  0.89                 0.70                  1.59        0.0073            7.31
    7       3           40.9366         160.5570             0.0062                  1.50                 1.18                  2.68        0.0038            7.49
    8       3           40.9366         160.5570             0.0062                  1.50                 1.18                  2.68        0.0038            7.30
    9       3           40.8006         307.9168             0.0032                  0.89                 1.10                  1.99        0.0072            7.30
   10       3           40.9456         283.8713             0.0035                  2.06                 1.75                  3.81        0.0067            7.49
   11       3           40.9456         283.8713             0.0035                  2.06                 1.75                  3.81        0.0067            7.31
   12       4           40.8079         312.3412             0.0032                  0.89                 0.85                  1.74        0.0073            7.45
   13       4           40.8079         312.3412             0.0032                  0.89                 0.85                  1.74        0.0073            7.31
   14       4           40.9505         160.6106             0.0062                  1.50                 1.33                  2.83        0.0038            7.49
   15       4           40.9505         160.6106             0.0062                  1.50                 1.33                  2.83        0.0038            7.30
   16       4           40.8047         307.9507             0.0032                  0.89                 1.25                  2.14        0.0072            7.31
   17       4           40.8047         307.9507             0.0032                  0.89                 1.25                  2.14        0.0072            7.31
   18       4           40.9057         160.4194             0.0062                  1.50                 1.33                  2.84        0.0038            7.45
   19       4           40.9057         160.4194             0.0062                  1.50                 1.33                  2.84        0.0038            7.30
   20       4           40.9586         283.9229             0.0035                  2.06                 1.90                  3.96        0.0067            7.50
   21       4           41.0240         160.9303             0.0062                  2.68                 2.38                  5.05        0.0038            7.49
   22       4           40.9586         283.9229             0.0035                  2.06                 1.90                  3.96        0.0067            7.31
   23       4           41.0240         160.9303             0.0062                  2.68                 2.38                  5.05        0.0038            7.30
   24       4           40.9320         283.8521             0.0035                  2.06                 1.90                  3.96        0.0067            7.44
   25       4           40.9320         283.8521             0.0035                  2.06                 1.90                  3.96        0.0067            7.30
   26       4           40.9836         284.0353             0.0035                  2.06                 2.30                  4.36        0.0067            7.30
   27       4           40.8685         160.3211             0.0062                  1.50                 1.73                  3.23        0.0037            7.29
   28       5           40.8339         308.0348             0.0032                  0.89                 1.40                  2.29        0.0072            7.31
   29       5           40.9043         160.4424             0.0062                  1.50                 1.48                  2.98        0.0038            7.45
   30       5           40.9043         160.4424             0.0062                  1.50                 1.48                  2.98        0.0038            7.30
   31       5           41.0368         160.9817             0.0062                  2.68                 2.53                  5.20        0.0038            7.49
   32       5           41.0368         160.9817             0.0062                  2.68                 2.53                  5.20        0.0038            7.30
   33       5           40.9451         283.9041             0.0035                  2.06                 2.04                  4.10        0.0067            7.45
   34       5           40.9451         283.9041             0.0035                  2.06                 2.04                  4.10        0.0067            7.30
   35       5           40.9785         284.0507             0.0035                  2.06                 2.45                  4.51        0.0067            7.31
   36       5           40.9785         284.0507             0.0035                  2.06                 2.45                  4.51        0.0067            7.31
   37       5           40.8781         160.3658             0.0062                  1.50                 1.88                  3.38        0.0038            7.30
   38       5           40.8781         160.3658             0.0062                  1.50                 1.88                  3.38        0.0038            7.29
   39       5           41.0288         160.9481             0.0062                  2.68                 2.53                  5.20        0.0038            7.44
   40       5           41.0288         160.9481             0.0062                  2.68                 2.53                  5.20        0.0038            7.30
   41       5           41.0609         161.0747             0.0062                  2.68                 2.93                  5.60        0.0038            7.30
   42       6           40.9867         284.0929             0.0035                  2.06                 2.60                  4.66        0.0067            7.30
   43       6           40.8939         160.4232             0.0062                  1.50                 2.03                  3.53        0.0038            7.29
   44       6           41.0416         160.9994             0.0062                  2.68                 2.68                  5.35        0.0038            7.45
   45       6           41.0416         160.9994             0.0062                  2.68                 2.68                  5.35        0.0038            7.30
   46       6           41.0745         161.1276             0.0062                  2.68                 3.08                  5.75        0.0038            7.30
   47       6           41.0745         161.1276             0.0062                  2.68                 3.08                  5.75        0.0038            7.30
   48       7           41.0810         161.1663             0.0062                  2.68                 3.23                  5.90        0.0038            7.30

Summary Statistics:
------------------------------------------------------------------------------------------------------------------------
        Comp     Groups  Wall Time/Evt (s)  CPU Time/Evt (s)  Throughput (evt/s)  Write Remote (MB/evt)  Read Remote (MB/evt)  Net Transfer (MB/evt)  CPU Cores/Evt  Memory/Evt (MB)
count  48.00  48.000000          48.000000         48.000000           48.000000              48.000000             48.000000              48.000000      48.000000        48.000000
mean   24.50   4.333333          40.932568        229.209723            0.004794               1.782451              1.795493               3.577944       0.005370         7.357608
std    14.00   1.117241           0.086355         69.899427            0.001447               0.668887              0.741211               1.383051       0.001651         0.081251
min     1.00   2.000000          40.794141        160.321053            0.003185               0.888672              0.544249               1.432921       0.003750         7.291600
25%    12.75   4.000000          40.863062        160.850412            0.003452               1.350435              1.246713               2.582757       0.003753         7.299800
50%    24.50   4.000000          40.940859        222.509166            0.004864               1.782451              1.878069               3.670266       0.005205         7.305400
75%    36.25   5.000000          40.996062        290.048867            0.006217               2.214468              2.446627               4.756382       0.006807         7.448200
max    48.00   7.000000          41.081031        313.977784            0.006237               2.676230              3.227041               5.903271       0.007369         7.497600
