Workflow Construction Summary Table
========================================================================================================================

 Comp  Groups Wall Time/Evt (s) CPU Time/Evt (s) Throughput (evt/s) Write Remote (MB/evt) Read Remote (MB/evt) Net Transfer (MB/evt) CPU Cores/Evt Memory/Evt (MB)
    1       2           40.7650         318.9461             0.0031                  0.89                 0.54                  1.43        0.0428           43.54
    2       2           40.7650         318.9461             0.0031                  0.89                 0.54                  1.43        0.0428           42.45
    3       3           40.7689         318.9614             0.0031                  0.89                 0.68                  1.57        0.0428           43.54
    4       3           40.7689         318.9614             0.0031                  0.89                 0.68                  1.57        0.0428           42.45
    5       3           40.4548         315.1765             0.0032                  0.89                 0.69                  1.57        0.0425           43.19
    6       3           40.4548         315.1765             0.0032                  0.89                 0.69                  1.57        0.0425           42.35
    7       3           40.5708         161.8992             0.0062                  1.50                 1.16                  2.66        0.0217           43.34
    8       3           40.5708         161.8992             0.0062                  1.50                 1.16                  2.66        0.0217           42.25
    9       3           40.1767         308.6658             0.0032                  0.89                 1.08                  1.97        0.0421           42.43
   10       3           40.1173         282.9428             0.0035                  2.06                 1.72                  3.78        0.0386           43.46
   11       3           40.1173         282.9428             0.0035                  2.06                 1.72                  3.78        0.0386           42.38
   12       4           40.4586         315.1918             0.0032                  0.89                 0.83                  1.72        0.0425           43.19
   13       4           40.4586         315.1918             0.0032                  0.89                 0.83                  1.72        0.0425           42.35
   14       4           40.5746         161.9145             0.0062                  1.50                 1.30                  2.81        0.0217           43.34
   15       4           40.5746         161.9145             0.0062                  1.50                 1.30                  2.81        0.0217           42.25
   16       4           40.1806         308.6812             0.0032                  0.89                 1.22                  2.11        0.0421           42.43
   17       4           40.1806         308.6812             0.0032                  0.89                 1.22                  2.11        0.0421           42.43
   18       4           40.2680         160.6965             0.0062                  1.50                 1.30                  2.81        0.0218           43.21
   19       4           40.2680         160.6965             0.0062                  1.50                 1.30                  2.81        0.0218           42.37
   20       4           40.1211         282.9581             0.0035                  2.06                 1.86                  3.92        0.0386           43.47
   21       4           39.9884         159.5812             0.0063                  2.68                 2.33                  5.01        0.0217           43.34
   22       4           40.1211         282.9581             0.0035                  2.06                 1.86                  3.92        0.0386           42.38
   23       4           39.9884         159.5812             0.0063                  2.68                 2.33                  5.01        0.0217           42.25
   24       4           40.0666         282.7441             0.0035                  2.06                 1.86                  3.92        0.0386           43.21
   25       4           40.0666         282.7441             0.0035                  2.06                 1.86                  3.92        0.0386           42.38
   26       4           40.0580         282.7097             0.0035                  2.06                 2.26                  4.32        0.0386           42.37
   27       4           39.9969         159.6151             0.0063                  1.50                 1.70                  3.20        0.0217           42.24
   28       5           40.1844         308.6965             0.0032                  0.89                 1.37                  2.26        0.0421           42.43
   29       5           40.2719         160.7119             0.0062                  1.50                 1.45                  2.95        0.0218           43.21
   30       5           40.2719         160.7119             0.0062                  1.50                 1.45                  2.95        0.0218           42.37
   31       5           39.9922         159.5966             0.0063                  2.68                 2.48                  5.16        0.0217           43.34
   32       5           39.9922         159.5966             0.0063                  2.68                 2.48                  5.16        0.0217           42.25
   33       5           40.0704         282.7593             0.0035                  2.06                 2.01                  4.07        0.0386           43.21
   34       5           40.0704         282.7593             0.0035                  2.06                 2.01                  4.07        0.0386           42.38
   35       5           40.0618         282.7251             0.0035                  2.06                 2.40                  4.46        0.0386           42.37
   36       5           40.0618         282.7251             0.0035                  2.06                 2.40                  4.46        0.0386           42.37
   37       5           40.0007         159.6304             0.0063                  1.50                 1.84                  3.35        0.0217           42.24
   38       5           40.0007         159.6304             0.0063                  1.50                 1.84                  3.35        0.0217           42.25
   39       5           39.9391         159.3853             0.0063                  2.68                 2.48                  5.16        0.0217           43.09
   40       5           39.9391         159.3853             0.0063                  2.68                 2.48                  5.16        0.0217           42.25
   41       5           39.9306         159.3512             0.0063                  2.68                 2.87                  5.55        0.0217           42.24
   42       6           40.0657         282.7405             0.0035                  2.06                 2.55                  4.61        0.0386           42.37
   43       6           40.0046         159.6458             0.0063                  1.50                 1.99                  3.49        0.0217           42.25
   44       6           39.9430         159.4007             0.0063                  2.68                 2.63                  5.30        0.0217           43.09
   45       6           39.9430         159.4007             0.0063                  2.68                 2.63                  5.30        0.0217           42.25
   46       6           39.9344         159.3665             0.0063                  2.68                 3.02                  5.70        0.0217           42.25
   47       6           39.9344         159.3665             0.0063                  2.68                 3.02                  5.70        0.0217           42.25
   48       7           39.9383         159.3820             0.0063                  2.68                 3.17                  5.84        0.0217           42.25

Summary Statistics:
------------------------------------------------------------------------------------------------------------------------
        Comp     Groups  Wall Time/Evt (s)  CPU Time/Evt (s)  Throughput (evt/s)  Write Remote (MB/evt)  Read Remote (MB/evt)  Net Transfer (MB/evt)  CPU Cores/Evt  Memory/Evt (MB)
count  48.00  48.000000          48.000000         48.000000           48.000000              48.000000             48.000000              48.000000      48.000000        48.000000
mean   24.50   4.333333          40.196906        229.319688            0.004803               1.782451              1.763073               3.545524       0.031138        42.653358
std    14.00   1.117241           0.260214         70.886982            0.001465               0.668887              0.727200               1.369437       0.009619         0.473155
min     1.00   2.000000          39.930575        159.351209            0.003135               0.888672              0.538002               1.426674       0.021705        42.239800
25%    12.75   4.000000          39.995730        159.610435            0.003461               1.350435              1.224332               2.560885       0.021709        42.253400
50%    24.50   4.000000          40.093848        222.312121            0.004857               1.782451              1.843393               3.635541       0.030204        42.379000
75%    36.25   5.000000          40.317592        289.385022            0.006265               2.214468              2.401957               4.709817       0.039498        43.196250
max    48.00   7.000000          40.768874        318.961429            0.006275               2.676230              3.168130               5.844360       0.042815        43.542400
