Workflow Construction Summary Table
========================================================================================================================

 Comp  Groups Wall Time/Evt (s) CPU Time/Evt (s) Throughput (evt/s) Write Remote (MB/evt) Read Remote (MB/evt) Net Transfer (MB/evt) CPU Cores/Evt Memory/Evt (MB)
    1       1            7.2442          56.7702             0.0176                  0.45                 0.00                  0.45        0.0013            1.33
    2       2            7.2341          56.4902             0.0177                  0.45                 0.06                  0.51        0.0013            1.33
    3       2            7.2194          43.8409             0.0228                  1.23                 0.80                  2.03        0.0010            0.88
    4       2            7.2241          55.0063             0.0182                  0.45                 0.38                  0.83        0.0013            1.30
    5       2            7.2128          48.4098             0.0207                  2.54                 2.12                  4.66        0.0011            1.22
    6       3            7.2236          54.2764             0.0184                  0.45                 0.44                  0.89        0.0013            1.30
    7       3            7.2148          43.8231             0.0228                  1.23                 0.86                  2.09        0.0010            0.87
    8       3            7.1986          43.7930             0.0228                  3.32                 2.92                  6.24        0.0010            0.85
    9       3            7.2186          48.4333             0.0206                  2.54                 2.18                  4.72        0.0011            1.21
   10       3            7.2167          48.3910             0.0207                  2.54                 2.51                  5.05        0.0011            1.18
   11       3            7.2108          43.8073             0.0228                  1.23                 1.18                  2.41        0.0010            0.84
   12       4            7.2162          47.6872             0.0210                  2.54                 2.57                  5.11        0.0011            1.18
   13       4            7.2103          43.0949             0.0232                  1.23                 1.24                  2.47        0.0010            0.84
   14       4            7.1958          43.7819             0.0228                  3.32                 2.98                  6.30        0.0010            0.84
   15       4            7.1939          43.7744             0.0228                  3.32                 3.30                  6.62        0.0010            0.81
   16       5            7.1934          43.0619             0.0232                  3.32                 3.36                  6.68        0.0010            0.81

Summary Statistics:
------------------------------------------------------------------------------------------------------------------------
            Comp     Groups  Wall Time/Evt (s)  CPU Time/Evt (s)  Throughput (evt/s)  Write Remote (MB/evt)  Read Remote (MB/evt)  Net Transfer (MB/evt)  CPU Cores/Evt  Memory/Evt (MB)
count  16.000000  16.000000          16.000000         16.000000           16.000000              16.000000             16.000000              16.000000      16.000000        16.000000
mean    8.500000   3.000000           7.214194         47.777598            0.021141               1.884766              1.682038               3.566803       0.001128         1.049037
std     4.760952   1.032796           0.014118          5.108245            0.002111               1.152134              1.187982               2.331699       0.000119         0.218894
min     1.000000   1.000000           7.193414         43.061912            0.017615               0.449219              0.000000               0.449219       0.001019         0.810600
25%     4.750000   2.000000           7.207378         43.790238            0.020091               1.035156              0.709208               1.744365       0.001034         0.842550
50%     8.500000   3.000000           7.215500         45.764054            0.021890               1.884766              1.679885               3.564651       0.001082         1.026700
75%    12.250000   4.000000           7.220410         49.894032            0.022836               2.734375              2.660623               5.394998       0.001181         1.235950
max    16.000000   5.000000           7.244168         56.770227            0.023222               3.320312              3.362303               6.682615       0.001333         1.332800
