Workflow Construction Summary Table
========================================================================================================================

 Comp  Groups Wall Time/Evt (s) CPU Time/Evt (s) Throughput (evt/s) Write Remote (MB/evt) Read Remote (MB/evt) Net Transfer (MB/evt) CPU Cores/Evt Memory/Evt (MB)
    1       1            8.1487          64.8291             0.0154                  0.45                 0.00                  0.45        0.0311           31.12
    2       2            7.9103          62.9331             0.0159                  0.45                 0.06                  0.51        0.0311           31.11
    3       2            7.6723          61.0389             0.0164                  0.45                 0.38                  0.83        0.0311           31.13
    4       2            7.5574          60.1240             0.0166                  2.54                 2.10                  4.64        0.0310           31.05
    5       2            7.5449          60.0237             0.0167                  1.23                 0.79                  2.02        0.0311           31.06
    6       3            7.6595          60.9372             0.0164                  0.45                 0.44                  0.89        0.0312           31.15
    7       3            7.4888          59.5783             0.0168                  2.54                 2.17                  4.70        0.0311           31.06
    8       3            7.4375          59.1690             0.0169                  1.23                 0.85                  2.08        0.0311           31.07
    9       3            7.4397          59.1876             0.0169                  2.54                 2.48                  5.02        0.0310           31.05
   10       3            7.3395          58.3902             0.0171                  1.23                 1.17                  2.40        0.0311           31.08
   11       3            7.4079          58.9354             0.0170                  3.32                 2.89                  6.21        0.0311           31.07
   12       4            7.4270          59.0867             0.0169                  2.54                 2.55                  5.08        0.0311           31.08
   13       4            7.3266          58.2875             0.0172                  1.23                 1.23                  2.46        0.0311           31.09
   14       4            7.3397          58.3924             0.0171                  3.32                 2.95                  6.27        0.0311           31.10
   15       4            7.2907          58.0015             0.0172                  3.32                 3.27                  6.59        0.0311           31.09
   16       5            7.2778          57.8991             0.0173                  3.32                 3.33                  6.65        0.0311           31.10

Summary Statistics:
------------------------------------------------------------------------------------------------------------------------
            Comp     Groups  Wall Time/Evt (s)  CPU Time/Evt (s)  Throughput (evt/s)  Write Remote (MB/evt)  Read Remote (MB/evt)  Net Transfer (MB/evt)  CPU Cores/Evt  Memory/Evt (MB)
count  16.000000  16.000000          16.000000         16.000000           16.000000              16.000000             16.000000              16.000000      16.000000        16.000000
mean    8.500000   3.000000           7.516766         59.800862            0.016737               1.884766              1.665326               3.550091       0.031088        31.088000
std     4.760952   1.032796           0.236822          1.884583            0.000506               1.152134              1.175720               2.319488       0.000030         0.029503
min     1.000000   1.000000           7.277775         57.899134            0.015425               0.449219              0.000000               0.449219       0.031048        31.048000
25%     4.750000   2.000000           7.339689         58.391818            0.016577               1.035156              0.700094               1.735250       0.031070        31.070000
50%     8.500000   3.000000           7.438611         59.178327            0.016898               1.884766              1.664837               3.549603       0.031084        31.084000
75%    12.250000   4.000000           7.582895         60.327294            0.017126               2.734375              2.630887               5.365262       0.031106        31.106000
max    16.000000   5.000000           8.148684         64.829106            0.017271               3.320312              3.330954               6.651266       0.031152        31.152000
