Workflow Construction Summary Table
========================================================================================================================

 Comp  Groups Wall Time/Evt (s) CPU Time/Evt (s) Throughput (evt/s) Write Remote (MB/evt) Read Remote (MB/evt) Net Transfer (MB/evt) CPU Cores/Evt Memory/Evt (MB)
    1       1            9.0318         509.3567             0.0020                  0.45                 0.00                  0.45        0.1608          160.83
    2       2            9.0362         505.4256             0.0020                  0.45                 0.09                  0.54        0.1593          159.45
    3       2            9.0209         481.9634             0.0021                  0.45                 0.42                  0.87        0.1525          153.31
    4       2            9.0305         231.9393             0.0043                  1.23                 0.90                  2.12        0.0729           74.34
    5       2            9.0262         192.5527             0.0052                  2.53                 2.41                  4.94        0.0608           75.04
    6       3            9.0209         481.7477             0.0021                  0.45                 0.49                  0.94        0.1523          153.15
    7       3            9.0310         228.4987             0.0044                  1.23                 0.96                  2.19        0.0718           73.29
    8       3            9.0310         188.9646             0.0053                  2.53                 2.48                  5.02        0.0596           74.02
    9       3            9.0370         203.8137             0.0049                  1.23                 1.33                  2.56        0.0639           66.19
   10       3            9.0234         164.8536             0.0061                  2.53                 2.85                  5.38        0.0520           67.19
   11       3            9.0307         162.3705             0.0062                  3.32                 3.30                  6.61        0.0515           55.94
   12       4            9.0289         203.6082             0.0049                  1.23                 1.41                  2.63        0.0637           66.02
   13       4            9.0347         164.8819             0.0061                  2.54                 2.93                  5.46        0.0521           67.21
   14       4            9.0294         159.3349             0.0063                  3.32                 3.37                  6.69        0.0506           55.09
   15       4            9.0220         135.3912             0.0074                  3.31                 3.73                  7.04        0.0432           48.47
   16       5            9.0264         135.6511             0.0074                  3.32                 3.81                  7.13        0.0433           48.55

Summary Statistics:
------------------------------------------------------------------------------------------------------------------------
            Comp     Groups  Wall Time/Evt (s)  CPU Time/Evt (s)  Throughput (evt/s)  Write Remote (MB/evt)  Read Remote (MB/evt)  Net Transfer (MB/evt)  CPU Cores/Evt  Memory/Evt (MB)
count  16.000000  16.000000          16.000000         16.000000           16.000000              16.000000             16.000000              16.000000      16.000000        16.000000
mean    8.500000   3.000000           9.028813        259.397120            0.004775               1.880690              1.904825               3.785515       0.081894        87.381000
std     4.760952   1.032796           0.005128        143.134798            0.001866               1.150083              1.346827               2.488031       0.045188        42.215066
min     1.000000   1.000000           9.020893        135.391213            0.001963               0.447318              0.000000               0.448283       0.043167        48.472000
25%     4.750000   2.000000           9.025468        164.232825            0.003753               1.032373              0.795082               1.827153       0.051892        63.497500
50%     8.500000   3.000000           9.029969        198.080478            0.005052               1.879173              1.905654               3.784338       0.062237        70.251000
75%    12.250000   4.000000           9.031227        294.391393            0.006089               2.728567              3.019774               5.750272       0.092789        94.567000
max    16.000000   5.000000           9.036964        509.356675            0.007386               3.316545              3.813134               7.129641       0.160832       160.832000
