Workflow Construction Summary Table
========================================================================================================================

 Comp  Groups Wall Time/Evt (s) CPU Time/Evt (s) Throughput (evt/s) Write Remote (MB/evt) Read Remote (MB/evt) Net Transfer (MB/evt) CPU Cores/Evt Memory/Evt (MB)
    1       1            9.7916         552.2067             0.0018                  0.45                 0.00                  0.45        0.1608          160.83
    2       2            9.6387         539.6901             0.0019                  0.45                 0.08                  0.53        0.1595          159.61
    3       2            9.4901         505.7553             0.0020                  0.45                 0.44                  0.89        0.1519          152.82
    4       2            9.4087         248.1389             0.0040                  1.23                 0.90                  2.12        0.0729           74.34
    5       2            9.4316         203.5207             0.0049                  2.53                 2.41                  4.94        0.0608           75.04
    6       3            9.4712         505.9096             0.0020                  0.45                 0.50                  0.95        0.1522          153.05
    7       3            9.3407         240.5856             0.0042                  1.23                 0.97                  2.19        0.0718           73.23
    8       3            9.3860         197.5959             0.0051                  2.53                 2.48                  5.01        0.0597           74.10
    9       3            9.2862         211.4208             0.0047                  1.23                 1.33                  2.56        0.0639           66.19
   10       3            9.3576         170.1902             0.0059                  2.53                 2.82                  5.35        0.0520           67.16
   11       3            9.3494         172.1999             0.0058                  3.32                 3.30                  6.61        0.0515           55.94
   12       4            9.2694         211.9547             0.0047                  1.23                 1.39                  2.62        0.0642           66.42
   13       4            9.3365         169.7421             0.0059                  2.53                 2.89                  5.42        0.0519           67.07
   14       4            9.3009         166.7082             0.0060                  3.31                 3.37                  6.68        0.0508           55.35
   15       4            9.2739         136.6414             0.0073                  3.31                 3.71                  7.02        0.0414           46.95
   16       5            9.2484         137.3006             0.0073                  3.30                 3.77                  7.07        0.0419           47.40

Summary Statistics:
------------------------------------------------------------------------------------------------------------------------
            Comp     Groups  Wall Time/Evt (s)  CPU Time/Evt (s)  Throughput (evt/s)  Write Remote (MB/evt)  Read Remote (MB/evt)  Net Transfer (MB/evt)  CPU Cores/Evt  Memory/Evt (MB)
count  16.000000  16.000000          16.000000         16.000000           16.000000              16.000000             16.000000              16.000000      16.000000        16.000000
mean    8.500000   3.000000           9.398807        273.097554            0.004588               1.878488              1.896789               3.775277       0.081702        87.218250
std     4.760952   1.032796           0.144991        154.251056            0.001848               1.147442              1.335951               2.474804       0.045300        42.317742
min     1.000000   1.000000           9.248402        136.641424            0.001811               0.447971              0.000000               0.448283       0.041395        46.946000
25%     4.750000   2.000000           9.297193        170.078152            0.003517               1.032390              0.797103               1.829337       0.051820        63.629500
50%     8.500000   3.000000           9.353494        207.470745            0.004822               1.879033              1.899933               3.778366       0.062321        70.196000
75%    12.250000   4.000000           9.441520        312.543039            0.005880               2.722213              2.989679               5.715999       0.092686        94.484000
max    16.000000   5.000000           9.791556        552.206688            0.007318               3.316545              3.772331               7.067478       0.160832       160.832000
