Workflow Construction Summary Table
========================================================================================================================

 Comp  Groups Wall Time/Evt (s) CPU Time/Evt (s) Throughput (evt/s) Write Remote (MB/evt) Read Remote (MB/evt) Net Transfer (MB/evt) CPU Cores/Evt Memory/Evt (MB)
    1       2           51.6403         181.3722             0.0055                  0.89                 0.62                  1.50        0.0047            9.48
    2       2           51.6403         181.3722             0.0055                  0.89                 0.62                  1.50        0.0047            9.48
    3       3           51.6521         181.4215             0.0055                  0.89                 0.78                  1.67        0.0047            9.48
    4       3           51.6521         181.4215             0.0055                  0.89                 0.78                  1.67        0.0047            9.48
    5       3           51.5473         181.1090             0.0055                  0.89                 0.78                  1.67        0.0047            9.48
    6       3           51.5473         181.1090             0.0055                  0.89                 0.78                  1.67        0.0047            9.48
    7       3           51.7296         181.6927             0.0055                  1.50                 1.32                  2.83        0.0047            9.48
    8       3           51.7296         181.6927             0.0055                  1.50                 1.32                  2.83        0.0047            9.48
    9       3           51.5704         181.1284             0.0055                  0.89                 1.24                  2.13        0.0047            9.48
   10       3           51.7399         181.7489             0.0055                  2.06                 1.99                  4.05        0.0047            9.48
   11       3           51.7399         181.7489             0.0055                  2.06                 1.99                  4.05        0.0047            9.48
   12       4           51.6112         181.2627             0.0055                  0.89                 0.96                  1.85        0.0047            9.49
   13       4           51.6112         181.2627             0.0055                  0.89                 0.96                  1.85        0.0047            9.49
   14       4           51.7436         181.7464             0.0055                  1.50                 1.49                  2.99        0.0047            9.48
   15       4           51.7436         181.7464             0.0055                  1.50                 1.49                  2.99        0.0047            9.48
   16       4           51.5954         181.2043             0.0055                  0.89                 1.40                  2.29        0.0047            9.50
   17       4           51.5954         181.2043             0.0055                  0.89                 1.40                  2.29        0.0047            9.50
   18       4           51.6479         181.4536             0.0055                  1.50                 1.50                  3.00        0.0047            9.48
   19       4           51.6479         181.4536             0.0055                  1.50                 1.50                  3.00        0.0047            9.48
   20       4           51.7218         181.7385             0.0055                  2.06                 2.14                  4.21        0.0047            9.48
   21       4           51.7992         182.0306             0.0055                  2.68                 2.70                  5.37        0.0047            9.46
   22       4           51.7218         181.7385             0.0055                  2.06                 2.14                  4.21        0.0047            9.48
   23       4           51.7992         182.0306             0.0055                  2.68                 2.70                  5.37        0.0047            9.46
   24       4           51.6660         181.6094             0.0055                  2.06                 2.13                  4.19        0.0047            9.47
   25       4           51.6660         181.6094             0.0055                  2.06                 2.13                  4.19        0.0047            9.47
   26       4           51.6686         181.6770             0.0055                  2.06                 2.60                  4.66        0.0047            9.46
   27       4           51.5623         181.2584             0.0055                  1.50                 1.95                  3.45        0.0047            9.46
   28       5           51.6090         181.2572             0.0055                  0.89                 1.57                  2.46        0.0047            9.49
   29       5           51.6530         181.4894             0.0055                  1.50                 1.66                  3.17        0.0047            9.49
   30       5           51.6530         181.4894             0.0055                  1.50                 1.66                  3.17        0.0047            9.49
   31       5           51.8564         182.1708             0.0055                  2.68                 2.86                  5.54        0.0047            9.49
   32       5           51.8564         182.1708             0.0055                  2.68                 2.86                  5.54        0.0047            9.49
   33       5           51.7261         181.7553             0.0055                  2.06                 2.31                  4.37        0.0047            9.48
   34       5           51.7261         181.7553             0.0055                  2.06                 2.31                  4.37        0.0047            9.48
   35       5           51.7062         181.7777             0.0055                  2.06                 2.77                  4.83        0.0047            9.47
   36       5           51.7062         181.7777             0.0055                  2.06                 2.77                  4.83        0.0047            9.47
   37       5           51.5603         181.2799             0.0055                  1.50                 2.11                  3.61        0.0047            9.46
   38       5           51.5603         181.2799             0.0055                  1.50                 2.11                  3.61        0.0047            9.46
   39       5           51.7672         181.9747             0.0055                  2.68                 2.86                  5.54        0.0047            9.46
   40       5           51.7672         181.9747             0.0055                  2.68                 2.86                  5.54        0.0047            9.46
   41       5           51.7595         182.0218             0.0055                  2.68                 3.32                  6.00        0.0047            9.46
   42       6           51.7053         181.8018             0.0055                  2.06                 2.92                  4.98        0.0047            9.47
   43       6           51.5727         181.3307             0.0055                  1.50                 2.26                  3.77        0.0047            9.48
   44       6           51.7816         182.0293             0.0055                  2.68                 3.01                  5.69        0.0047            9.48
   45       6           51.7816         182.0293             0.0055                  2.68                 3.01                  5.69        0.0047            9.48
   46       6           51.6809         181.8902             0.0055                  2.68                 3.47                  6.15        0.0047            9.45
   47       6           51.6809         181.8902             0.0055                  2.68                 3.47                  6.15        0.0047            9.45
   48       7           51.7515         182.0571             0.0055                  2.68                 3.64                  6.32        0.0047            9.47

Summary Statistics:
------------------------------------------------------------------------------------------------------------------------
        Comp     Groups  Wall Time/Evt (s)  CPU Time/Evt (s)  Throughput (evt/s)  Write Remote (MB/evt)  Read Remote (MB/evt)  Net Transfer (MB/evt)  CPU Cores/Evt  Memory/Evt (MB)
count  48.00  48.000000          48.000000         48.000000           48.000000              48.000000             48.000000              48.000000      48.000000        48.000000
mean   24.50   4.333333          51.684401        181.625977            0.005506               1.782451              2.025922               3.808374       0.004738         9.475467
std    14.00   1.117241           0.080663          0.308998            0.000009               0.668887              0.838615               1.479675       0.000006         0.011549
min     1.00   2.000000          51.547273        181.109000            0.005489               0.888672              0.615462               1.504134       0.004726         9.451200
25%    12.75   4.000000          51.632995        181.361807            0.005500               1.350435              1.404174               2.736410       0.004734         9.467200
50%    24.50   4.000000          51.680942        181.692726            0.005504               1.782451              2.109886               3.905548       0.004738         9.475200
75%    36.25   5.000000          51.740790        181.823896            0.005514               2.214468              2.766343               5.081210       0.004742         9.483200
max    48.00   7.000000          51.856427        182.170770            0.005522               2.676230              3.642828               6.319058       0.004748         9.496000
