Workflow Construction Summary Table
========================================================================================================================

 Comp  Groups Wall Time/Evt (s) CPU Time/Evt (s) Throughput (evt/s) Write Remote (MB/evt) Read Remote (MB/evt) Net Transfer (MB/evt) CPU Cores/Evt Memory/Evt (MB)
    1       1            7.7226          58.7784             0.0170                  0.45                 0.00                  0.45        0.0021            2.12
    2       2            7.7006          58.6317             0.0171                  0.45                 0.07                  0.52        0.0021            2.13
    3       2            7.6781          58.4821             0.0171                  0.45                 0.40                  0.85        0.0021            2.12
    4       2            7.6350          58.2735             0.0172                  2.54                 2.21                  4.75        0.0021            2.11
    5       2            7.6691          58.4124             0.0171                  1.23                 0.82                  2.05        0.0021            2.12
    6       3            7.6774          58.4762             0.0171                  0.45                 0.46                  0.91        0.0021            2.13
    7       3            7.6424          58.2863             0.0172                  2.54                 2.28                  4.82        0.0021            2.12
    8       3            7.6675          58.3798             0.0171                  1.23                 0.89                  2.12        0.0021            2.13
    9       3            7.6397          58.2628             0.0172                  2.54                 2.61                  5.14        0.0021            2.12
   10       3            7.6533          58.2979             0.0172                  1.23                 1.22                  2.45        0.0021            2.12
   11       3            7.6401          58.2541             0.0172                  3.32                 3.02                  6.34        0.0021            2.12
   12       4            7.6373          58.2501             0.0172                  2.54                 2.67                  5.21        0.0021            2.13
   13       4            7.6519          58.2889             0.0172                  1.23                 1.28                  2.51        0.0021            2.13
   14       4            7.6380          58.2288             0.0172                  3.32                 3.09                  6.41        0.0021            2.13
   15       4            7.6087          58.0984             0.0172                  3.32                 3.40                  6.72        0.0021            2.12
   16       5            7.6135          58.1147             0.0172                  3.32                 3.47                  6.79        0.0021            2.12

Summary Statistics:
------------------------------------------------------------------------------------------------------------------------
            Comp     Groups  Wall Time/Evt (s)  CPU Time/Evt (s)  Throughput (evt/s)  Write Remote (MB/evt)  Read Remote (MB/evt)  Net Transfer (MB/evt)  CPU Cores/Evt  Memory/Evt (MB)
count  16.000000  16.000000          16.000000         16.000000           16.000000              16.000000             16.000000              16.000000      16.000000        16.000000
mean    8.500000   3.000000           7.654706         58.344757            0.017140               1.884766              1.742500               3.627266       0.002124         2.124200
std     4.760952   1.032796           0.030043          0.178343            0.000052               1.152134              1.229190               2.372916       0.000005         0.004742
min     1.000000   1.000000           7.608661         58.098424            0.017013               0.449219              0.000000               0.449219       0.002114         2.113600
25%     4.750000   2.000000           7.637857         58.253113            0.017115               1.035156              0.731838               1.766994       0.002122         2.121600
50%     8.500000   3.000000           7.647121         58.287570            0.017156               1.884766              1.745326               3.630092       0.002124         2.124000
75%    12.250000   4.000000           7.671153         58.428358            0.017166               2.734375              2.755642               5.490017       0.002128         2.128000
max    16.000000   5.000000           7.722607         58.778369            0.017212               3.320312              3.473923               6.794236       0.002131         2.131200
