Workflow Construction Summary Table
========================================================================================================================

 Comp  Groups Wall Time/Evt (s) CPU Time/Evt (s) Throughput (evt/s) Write Remote (MB/evt) Read Remote (MB/evt) Net Transfer (MB/evt) CPU Cores/Evt Memory/Evt (MB)
    1       1            9.3068          74.0761             0.0135                  0.45                 0.00                  0.45        0.0622           62.17
    2       2            8.8304          70.0665             0.0143                  0.45                 0.06                  0.51        0.0619           61.92
    3       2            8.3509          64.6283             0.0155                  0.45                 0.38                  0.83        0.0604           60.37
    4       2            8.0843          54.5946             0.0183                  2.54                 2.10                  4.64        0.0531           56.61
    5       2            8.0842          48.5050             0.0206                  1.23                 0.79                  2.02        0.0482           40.71
    6       3            8.3247          63.7654             0.0157                  0.45                 0.44                  0.89        0.0596           60.37
    7       3            7.9472          54.0489             0.0185                  2.54                 2.16                  4.70        0.0532           56.41
    8       3            7.8687          47.6471             0.0210                  1.23                 0.85                  2.08        0.0482           40.47
    9       3            7.8457          53.6436             0.0186                  2.54                 2.48                  5.02        0.0532           54.83
   10       3            7.6699          46.8560             0.0213                  1.23                 1.16                  2.39        0.0482           38.91
   11       3            7.7686          47.2489             0.0212                  3.32                 2.89                  6.21        0.0482           39.45
   12       4            7.8194          52.7798             0.0189                  2.54                 2.54                  5.08        0.0524           54.83
   13       4            7.6436          45.9924             0.0217                  1.23                 1.23                  2.46        0.0474           38.91
   14       4            7.6315          46.7033             0.0214                  3.32                 2.95                  6.27        0.0482           39.25
   15       4            7.5300          46.2994             0.0216                  3.32                 3.26                  6.58        0.0482           37.67
   16       5            7.5038          45.4357             0.0220                  3.32                 3.33                  6.65        0.0474           37.67

Summary Statistics:
------------------------------------------------------------------------------------------------------------------------
            Comp     Groups  Wall Time/Evt (s)  CPU Time/Evt (s)  Throughput (evt/s)  Write Remote (MB/evt)  Read Remote (MB/evt)  Net Transfer (MB/evt)  CPU Cores/Evt  Memory/Evt (MB)
count  16.000000  16.000000          16.000000         16.000000           16.000000              16.000000             16.000000              16.000000      16.000000        16.000000
mean    8.500000   3.000000           8.013105         53.893210            0.019013               1.884766              1.663667               3.548432       0.052484        48.785100
std     4.760952   1.032796           0.490323          9.268133            0.002861               1.152134              1.174937               2.318744       0.005536        10.219505
min     1.000000   1.000000           7.503759         45.435739            0.013500               0.449219              0.000000               0.449219       0.047396        37.673400
25%     4.750000   2.000000           7.663308         46.817861            0.017658               1.035156              0.699214               1.734370       0.048179        39.167050
50%     8.500000   3.000000           7.857161         50.642407            0.019782               1.884766              1.663579               3.548344       0.050277        47.769900
75%    12.250000   4.000000           8.144423         56.887307            0.021359               2.734375              2.628297               5.362672       0.054767        57.548250
max    16.000000   5.000000           9.306821         74.076134            0.022009               3.320312              3.327543               6.647856       0.062171        62.171200
