Workflow Construction Summary Table
========================================================================================================================

 Comp  Groups Wall Time/Evt (s) CPU Time/Evt (s) Throughput (evt/s) Write Remote (MB/evt) Read Remote (MB/evt) Net Transfer (MB/evt) CPU Cores/Evt Memory/Evt (MB)
    1       1            7.6575          58.4397             0.0171                  0.45                 0.00                  0.45        0.0014            1.41
    2       2            7.6431          58.3453             0.0171                  0.45                 0.07                  0.52        0.0014            1.41
    3       2            7.6401          58.3063             0.0172                  0.45                 0.40                  0.85        0.0014            1.41
    4       2            7.6660          58.5371             0.0171                  2.54                 2.18                  4.71        0.0014            1.41
    5       2            7.6467          58.3577             0.0171                  1.23                 0.82                  2.05        0.0014            1.41
    6       3            7.6398          58.3057             0.0172                  0.45                 0.46                  0.91        0.0014            1.41
    7       3            7.6723          58.5538             0.0171                  2.54                 2.25                  4.78        0.0014            1.41
    8       3            7.6426          58.3260             0.0171                  1.23                 0.89                  2.12        0.0014            1.41
    9       3            7.6646          58.5268             0.0171                  2.54                 2.57                  5.11        0.0014            1.41
   10       3            7.6415          58.3175             0.0171                  1.23                 1.22                  2.45        0.0014            1.41
   11       3            7.6757          58.6115             0.0171                  3.32                 3.01                  6.33        0.0014            1.41
   12       4            7.6649          58.5280             0.0171                  2.54                 2.63                  5.17        0.0014            1.42
   13       4            7.6416          58.3181             0.0171                  1.23                 1.28                  2.51        0.0014            1.42
   14       4            7.6734          58.5934             0.0171                  3.32                 3.07                  6.39        0.0014            1.42
   15       4            7.6569          58.5310             0.0171                  3.32                 3.39                  6.71        0.0014            1.41
   16       5            7.6745          58.6021             0.0171                  3.32                 3.47                  6.79        0.0014            1.42

Summary Statistics:
------------------------------------------------------------------------------------------------------------------------
            Comp     Groups  Wall Time/Evt (s)  CPU Time/Evt (s)  Throughput (evt/s)  Write Remote (MB/evt)  Read Remote (MB/evt)  Net Transfer (MB/evt)  CPU Cores/Evt  Memory/Evt (MB)
count  16.000000  16.000000          16.000000         16.000000           16.000000              16.000000             16.000000              16.000000      16.000000        16.000000
mean    8.500000   3.000000           7.656330         58.449999            0.017109               1.884766              1.731315               3.616080       0.001413         1.412900
std     4.760952   1.032796           0.013958          0.120583            0.000035               1.152134              1.220398               2.364010       0.000004         0.003624
min     1.000000   1.000000           7.639830         58.305652            0.017062               0.449219              0.000000               0.449219       0.001408         1.408000
25%     4.750000   2.000000           7.642377         58.324038            0.017082               1.035156              0.730339               1.765495       0.001411         1.410800
50%     8.500000   3.000000           7.657171         58.483260            0.017099               1.884766              1.728929               3.613695       0.001411         1.411200
75%    12.250000   4.000000           7.667564         58.541282            0.017146               2.734375              2.726977               5.461352       0.001415         1.414800
max    16.000000   5.000000           7.675738         58.611471            0.017151               3.320312              3.468495               6.788808       0.001421         1.420800
