Workflow Construction Summary Table
========================================================================================================================

 Comp  Groups Wall Time/Evt (s) CPU Time/Evt (s) Throughput (evt/s) Write Remote (MB/evt) Read Remote (MB/evt) Net Transfer (MB/evt) CPU Cores/Evt Memory/Evt (MB)
    1       1            9.2861          65.2199             0.0153                  0.45                 0.00                  0.45        0.0051            5.05
    2       2            9.2490          64.7297             0.0154                  0.45                 0.07                  0.52        0.0050            5.04
    3       2            9.2212          62.8583             0.0159                  0.45                 0.44                  0.89        0.0049            4.91
    4       2            9.2379          55.3032             0.0181                  2.53                 2.44                  4.97        0.0043            4.61
    5       2            9.2194          50.0265             0.0200                  1.23                 0.91                  2.14        0.0039            3.34
    6       3            9.2256          62.0088             0.0161                  0.45                 0.52                  0.97        0.0048            4.91
    7       3            9.2304          55.2726             0.0181                  2.53                 2.52                  5.05        0.0043            4.59
    8       3            9.1961          49.9085             0.0200                  1.23                 0.99                  2.21        0.0039            3.32
    9       3            9.2242          55.2712             0.0181                  2.53                 2.88                  5.41        0.0043            4.46
   10       3            9.1700          49.8376             0.0201                  1.22                 1.35                  2.58        0.0039            3.17
   11       3            9.2294          50.0625             0.0200                  3.29                 3.33                  6.63        0.0039            3.23
   12       4            9.2207          54.4362             0.0184                  2.53                 2.95                  5.48        0.0043            4.47
   13       4            9.1634          48.9810             0.0204                  1.22                 1.42                  2.65        0.0038            3.17
   14       4            9.2188          50.0255             0.0200                  3.29                 3.41                  6.70        0.0039            3.21
   15       4            9.2085          49.9866             0.0200                  3.30                 3.76                  7.06        0.0039            3.07
   16       5            9.2084          49.1416             0.0203                  3.31                 3.83                  7.14        0.0039            3.08

Summary Statistics:
------------------------------------------------------------------------------------------------------------------------
            Comp     Groups  Wall Time/Evt (s)  CPU Time/Evt (s)  Throughput (evt/s)  Write Remote (MB/evt)  Read Remote (MB/evt)  Net Transfer (MB/evt)  CPU Cores/Evt  Memory/Evt (MB)
count  16.000000  16.000000          16.000000         16.000000           16.000000              16.000000             16.000000              16.000000      16.000000        16.000000
mean    8.500000   3.000000           9.219311         54.566861            0.018518               1.875229              1.926597               3.801826       0.004263         3.975963
std     4.760952   1.032796           0.028646          5.942287            0.001880               1.144780              1.355393               2.491304       0.000451         0.825235
min     1.000000   1.000000           9.163389         48.980993            0.015333               0.447345              0.000000               0.447345       0.003848         3.072000
25%     4.750000   2.000000           9.208426         49.967102            0.017593               1.030008              0.812943               1.846153       0.003914         3.200100
50%     8.500000   3.000000           9.220960         52.249352            0.019173               1.877771              1.932580               3.808907       0.004084         3.899300
75%    12.250000   4.000000           9.229640         56.979622            0.020013               2.721015              3.047988               5.767194       0.004445         4.683700
max    16.000000   5.000000           9.286074         65.219922            0.020416               3.307905              3.829197               7.137102       0.005053         5.052800
