Workflow Construction Summary Table
========================================================================================================================

 Comp  Groups Wall Time/Evt (s) CPU Time/Evt (s) Throughput (evt/s) Write Remote (MB/evt) Read Remote (MB/evt) Net Transfer (MB/evt) CPU Cores/Evt Memory/Evt (MB)
    1       1            7.9100         475.5991             0.0021                  0.45                 0.00                  0.45        0.0116           11.65
    2       2            7.9433         473.3170             0.0021                  0.45                 0.06                  0.51        0.0117           11.69
    3       2            7.9360         448.9466             0.0022                  0.45                 0.42                  0.87        0.0111           11.15
    4       2            7.8820         217.7874             0.0046                  1.23                 0.83                  2.06        0.0054            5.51
    5       2            7.9280         180.8615             0.0055                  2.54                 2.23                  4.76        0.0044            5.47
    6       3            7.8969         448.8684             0.0022                  0.45                 0.47                  0.91        0.0111           11.15
    7       3            7.9202         215.8344             0.0046                  1.23                 0.90                  2.13        0.0054            5.54
    8       3            7.9696         179.0655             0.0056                  2.54                 2.32                  4.85        0.0044            5.50
    9       3            7.9114         191.5974             0.0052                  1.23                 1.25                  2.48        0.0048            5.00
   10       3            7.9709         156.5299             0.0064                  2.54                 2.66                  5.19        0.0039            5.03
   11       3            7.9627         153.6231             0.0065                  3.32                 3.07                  6.39        0.0039            4.27
   12       4            7.8435         191.4617             0.0052                  1.23                 1.28                  2.51        0.0048            5.00
   13       4            7.9709         156.5303             0.0064                  2.54                 2.72                  5.26        0.0039            5.05
   14       4            7.8857         148.8776             0.0067                  3.32                 3.10                  6.42        0.0037            4.09
   15       4            7.9453         128.6031             0.0078                  3.32                 3.48                  6.80        0.0033            3.73
   16       5            7.8814         125.0084             0.0080                  3.32                 3.50                  6.82        0.0032            3.60

Summary Statistics:
------------------------------------------------------------------------------------------------------------------------
            Comp     Groups  Wall Time/Evt (s)  CPU Time/Evt (s)  Throughput (evt/s)  Write Remote (MB/evt)  Read Remote (MB/evt)  Net Transfer (MB/evt)  CPU Cores/Evt  Memory/Evt (MB)
count  16.000000  16.000000          16.000000         16.000000           16.000000              16.000000             16.000000              16.000000      16.000000        16.000000
mean    8.500000   3.000000           7.922361        243.281967            0.005077               1.884766              1.767533               3.652299       0.006050         6.463875
std     4.760952   1.032796           0.037892        133.009682            0.001980               1.152134              1.245527               2.388867       0.003235         3.014103
min     1.000000   1.000000           7.843533        125.008421            0.002103               0.449219              0.000000               0.449219       0.003161         3.596000
25%     4.750000   2.000000           7.894109        155.803228            0.004001               1.035156              0.741434               1.776590       0.003917         4.813500
50%     8.500000   3.000000           7.924137        186.161605            0.005376               1.884766              1.754748               3.639513       0.004636         5.260000
75%    12.250000   4.000000           7.949679        275.557640            0.006419               2.734375              2.808456               5.542831       0.006837         6.945000
max    16.000000   5.000000           7.970943        475.599073            0.007999               3.320312              3.495963               6.816276       0.011668        11.688000
