Workflow Construction Summary Table
========================================================================================================================

 Comp  Groups Wall Time/Evt (s) CPU Time/Evt (s) Throughput (evt/s) Write Remote (MB/evt) Read Remote (MB/evt) Net Transfer (MB/evt) CPU Cores/Evt Memory/Evt (MB)
    1       1            7.8503         472.0086             0.0021                  0.45                 0.00                  0.45        0.0116           11.65
    2       2            7.8935         470.3923             0.0021                  0.45                 0.06                  0.51        0.0117           11.69
    3       2            7.8936         446.8025             0.0022                  0.45                 0.42                  0.87        0.0111           11.15
    4       2            7.8333         215.7351             0.0046                  1.23                 0.83                  2.06        0.0054            5.51
    5       2            7.8504         178.2591             0.0056                  2.54                 2.23                  4.76        0.0044            5.47
    6       3            7.8550         446.7254             0.0022                  0.45                 0.47                  0.91        0.0111           11.15
    7       3            7.8342         214.0663             0.0047                  1.23                 0.90                  2.13        0.0054            5.48
    8       3            7.8936         176.6411             0.0057                  2.54                 2.32                  4.85        0.0044            5.50
    9       3            7.8372         192.9019             0.0052                  1.23                 1.25                  2.48        0.0049            5.06
   10       3            7.8936         154.3455             0.0065                  2.54                 2.66                  5.19        0.0039            5.03
   11       3            7.8749         151.0015             0.0066                  3.32                 3.07                  6.39        0.0039            4.27
   12       4            7.8356         192.8987             0.0052                  1.23                 1.31                  2.55        0.0049            5.08
   13       4            7.8936         154.3455             0.0065                  2.54                 2.72                  5.26        0.0039            5.05
   14       4            7.8022         146.4982             0.0068                  3.32                 3.10                  6.42        0.0037            4.09
   15       4            7.8086         121.7349             0.0082                  3.32                 3.42                  6.74        0.0031            3.53
   16       5            7.7869         122.2555             0.0082                  3.32                 3.48                  6.80        0.0032            3.58

Summary Statistics:
------------------------------------------------------------------------------------------------------------------------
            Comp     Groups  Wall Time/Evt (s)  CPU Time/Evt (s)  Throughput (evt/s)  Write Remote (MB/evt)  Read Remote (MB/evt)  Net Transfer (MB/evt)  CPU Cores/Evt  Memory/Evt (MB)
count  16.000000  16.000000          16.000000         16.000000           16.000000              16.000000             16.000000              16.000000      16.000000        16.000000
mean    8.500000   3.000000           7.852271        241.038264            0.005154               1.884766              1.764630               3.649396       0.006039         6.455000
std     4.760952   1.032796           0.035528        132.942482            0.002055               1.152134              1.237797               2.381218       0.003246         3.024586
min     1.000000   1.000000           7.786937        121.734870            0.002119               0.449219              0.000000               0.449219       0.003097         3.532000
25%     4.750000   2.000000           7.833957        153.509488            0.004036               1.035156              0.741434               1.776590       0.003917         4.836000
50%     8.500000   3.000000           7.850321        185.578912            0.005397               1.884766              1.770087               3.654852       0.004667         5.274000
75%    12.250000   4.000000           7.893523        273.482703            0.006515               2.734375              2.808456               5.542831       0.006825         6.921000
max    16.000000   5.000000           7.893579        472.008576            0.008215               3.320312              3.480134               6.800447       0.011668        11.688000
