Workflow Construction Summary Table
========================================================================================================================

 Comp  Groups Wall Time/Evt (s) CPU Time/Evt (s) Throughput (evt/s) Write Remote (MB/evt) Read Remote (MB/evt) Net Transfer (MB/evt) CPU Cores/Evt Memory/Evt (MB)
    1       1            7.0440          56.3524             0.0177                  0.45                 0.00                  0.45        0.0038            3.84
    2       2            7.0145          56.1163             0.0178                  0.45                 0.06                  0.51        0.0038            3.84
    3       2            6.9848          55.8784             0.0179                  0.45                 0.38                  0.83        0.0038            3.84
    4       2            6.9664          55.7312             0.0179                  2.54                 2.09                  4.63        0.0038            3.84
    5       2            6.9679          55.7430             0.0179                  1.23                 0.78                  2.01        0.0038            3.84
    6       3            6.9832          55.8655             0.0179                  0.45                 0.44                  0.89        0.0038            3.85
    7       3            6.9579          55.6636             0.0180                  2.54                 2.15                  4.69        0.0038            3.85
    8       3            6.9544          55.6356             0.0180                  1.23                 0.84                  2.08        0.0038            3.84
    9       3            6.9515          55.6120             0.0180                  2.54                 2.47                  5.00        0.0038            3.85
   10       3            6.9420          55.5360             0.0180                  1.23                 1.16                  2.39        0.0038            3.84
   11       3            6.9461          55.5688             0.0180                  3.32                 2.87                  6.19        0.0038            3.84
   12       4            6.9499          55.5991             0.0180                  2.54                 2.53                  5.07        0.0039            3.86
   13       4            6.9404          55.5231             0.0180                  1.23                 1.22                  2.45        0.0038            3.85
   14       4            6.9376          55.5012             0.0180                  3.32                 2.93                  6.25        0.0038            3.85
   15       4            6.9312          55.4496             0.0180                  3.32                 3.25                  6.57        0.0038            3.85
   16       5            6.9296          55.4367             0.0180                  3.32                 3.31                  6.63        0.0039            3.86

Summary Statistics:
------------------------------------------------------------------------------------------------------------------------
            Comp     Groups  Wall Time/Evt (s)  CPU Time/Evt (s)  Throughput (evt/s)  Write Remote (MB/evt)  Read Remote (MB/evt)  Net Transfer (MB/evt)  CPU Cores/Evt  Memory/Evt (MB)
count  16.000000  16.000000          16.000000         16.000000           16.000000              16.000000             16.000000              16.000000      16.000000         16.00000
mean    8.500000   3.000000           6.962597         55.700772            0.017953               1.884766              1.655273               3.540039       0.003845          3.84500
std     4.760952   1.032796           0.031146          0.249171            0.000080               1.152134              1.168838               2.312666       0.000006          0.00575
min     1.000000   1.000000           6.929583         55.436665            0.017745               0.449219              0.000000               0.449219       0.003840          3.84000
25%     4.750000   2.000000           6.941595         55.532763            0.017930               1.035156              0.695801               1.730957       0.003840          3.84000
50%     8.500000   3.000000           6.952974         55.623792            0.017978               1.884766              1.655273               3.540039       0.003844          3.84400
75%    12.250000   4.000000           6.971708         55.773665            0.018007               2.734375              2.614746               5.349121       0.003848          3.84800
max    16.000000   5.000000           7.044045         56.352359            0.018039               3.320312              3.310547               6.630859       0.003856          3.85600
