Workflow Construction Summary Table
========================================================================================================================

 Comp  Groups Wall Time/Evt (s) CPU Time/Evt (s) Throughput (evt/s) Write Remote (MB/evt) Read Remote (MB/evt) Net Transfer (MB/evt) CPU Cores/Evt Memory/Evt (MB)
    1       1            6.9648         443.6735             0.0023                  0.45                 0.00                  0.45        0.0069            6.91
    2       2            6.9648         440.6734             0.0023                  0.45                 0.06                  0.51        0.0069            6.86
    3       2            6.9648         419.6736             0.0024                  0.45                 0.38                  0.83        0.0066            6.61
    4       2            6.9648         202.2324             0.0049                  1.23                 0.78                  2.01        0.0032            3.26
    5       2            6.9648         167.4592             0.0060                  2.54                 2.09                  4.63        0.0027            3.28
    6       3            6.9648         419.6736             0.0024                  0.45                 0.44                  0.89        0.0066            6.61
    7       3            6.9648         199.2324             0.0050                  1.23                 0.84                  2.08        0.0031            3.21
    8       3            6.9648         164.4592             0.0061                  2.54                 2.15                  4.69        0.0026            3.23
    9       3            6.9648         178.2324             0.0056                  1.23                 1.16                  2.39        0.0028            2.89
   10       3            6.9648         143.4592             0.0070                  2.54                 2.47                  5.00        0.0023            2.98
   11       3            6.9648         140.6324             0.0071                  3.32                 2.87                  6.19        0.0023            2.46
   12       4            6.9648         178.2324             0.0056                  1.23                 1.22                  2.45        0.0028            2.89
   13       4            6.9648         143.4592             0.0070                  2.54                 2.53                  5.07        0.0023            2.98
   14       4            6.9648         137.6324             0.0073                  3.32                 2.93                  6.25        0.0022            2.41
   15       4            6.9648         116.6324             0.0086                  3.32                 3.25                  6.57        0.0019            2.15
   16       5            6.9648         116.6324             0.0086                  3.32                 3.31                  6.63        0.0019            2.16

Summary Statistics:
------------------------------------------------------------------------------------------------------------------------
            Comp     Groups  Wall Time/Evt (s)  CPU Time/Evt (s)  Throughput (evt/s)  Write Remote (MB/evt)  Read Remote (MB/evt)  Net Transfer (MB/evt)  CPU Cores/Evt  Memory/Evt (MB)
count  16.000000  16.000000       1.600000e+01         16.000000           16.000000              16.000000             16.000000              16.000000      16.000000        16.000000
mean    8.500000   3.000000       6.964798e+00        225.749375            0.005499               1.884766              1.655273               3.540039       0.003559         3.805500
std     4.760952   1.032796       9.486339e-07        124.950254            0.002167               1.152134              1.168838               2.312666       0.001924         1.793912
min     1.000000   1.000000       6.964794e+00        116.632399            0.002254               0.449219              0.000000               0.449219       0.001900         2.152000
25%     4.750000   2.000000       6.964798e+00        142.752493            0.004304               1.035156              0.695801               1.730957       0.002297         2.780000
50%     8.500000   3.000000       6.964798e+00        172.845795            0.005791               1.884766              1.655273               3.540039       0.002722         3.095000
75%    12.250000   4.000000       6.964798e+00        256.592687            0.007006               2.734375              2.614746               5.349121       0.004037         4.112000
max    16.000000   5.000000       6.964798e+00        443.673533            0.008574               3.320312              3.310547               6.630859       0.006912         6.912000
