Workflow Construction Summary Table
========================================================================================================================

 Comp  Groups Wall Time/Evt (s) CPU Time/Evt (s) Throughput (evt/s) Write Remote (MB/evt) Read Remote (MB/evt) Net Transfer (MB/evt) CPU Cores/Evt Memory/Evt (MB)
    1       2           43.8221         166.7896             0.0060                  0.89                 0.57                  1.45        0.0119           23.82
    2       2           43.8221         166.7896             0.0060                  0.89                 0.57                  1.45        0.0119           23.82
    3       3           43.8196         166.8031             0.0060                  0.89                 0.72                  1.61        0.0119           23.82
    4       3           43.8196         166.8031             0.0060                  0.89                 0.72                  1.61        0.0119           23.82
    5       3           43.6456         166.1473             0.0060                  0.89                 0.72                  1.61        0.0119           23.82
    6       3           43.6456         166.1473             0.0060                  0.89                 0.72                  1.61        0.0119           23.82
    7       3           43.7988         166.6749             0.0060                  1.50                 1.21                  2.72        0.0119           23.79
    8       3           43.7988         166.6749             0.0060                  1.50                 1.21                  2.72        0.0119           23.79
    9       3           43.5087         165.6357             0.0060                  0.89                 1.14                  2.02        0.0119           23.80
   10       3           43.6085         165.9564             0.0060                  2.06                 1.80                  3.86        0.0119           23.80
   11       3           43.6085         165.9564             0.0060                  2.06                 1.80                  3.86        0.0119           23.80
   12       4           43.6585         166.1915             0.0060                  0.89                 0.87                  1.76        0.0119           23.83
   13       4           43.6585         166.1915             0.0060                  0.89                 0.87                  1.76        0.0119           23.83
   14       4           43.8127         166.7211             0.0060                  1.50                 1.37                  2.87        0.0119           23.80
   15       4           43.8127         166.7211             0.0060                  1.50                 1.37                  2.87        0.0119           23.80
   16       4           43.4962         165.6293             0.0060                  0.89                 1.29                  2.18        0.0119           23.80
   17       4           43.4962         165.6293             0.0060                  0.89                 1.29                  2.18        0.0119           23.80
   18       4           43.6412         166.0733             0.0060                  1.50                 1.37                  2.87        0.0119           23.80
   19       4           43.6412         166.0733             0.0060                  1.50                 1.37                  2.87        0.0119           23.80
   20       4           43.5982         165.9544             0.0060                  2.06                 1.95                  4.01        0.0119           23.80
   21       4           43.5805         165.8960             0.0060                  2.68                 2.44                  5.12        0.0119           23.78
   22       4           43.5982         165.9544             0.0060                  2.06                 1.95                  4.01        0.0119           23.80
   23       4           43.5805         165.8960             0.0060                  2.68                 2.44                  5.12        0.0119           23.78
   24       4           43.5740         165.8535             0.0060                  2.06                 1.95                  4.01        0.0119           23.80
   25       4           43.5740         165.8535             0.0060                  2.06                 1.95                  4.01        0.0119           23.80
   26       4           43.5920         165.9200             0.0060                  2.06                 2.36                  4.42        0.0119           23.80
   27       4           43.4899         165.5425             0.0060                  1.50                 1.78                  3.29        0.0119           23.77
   28       5           43.5096         165.6745             0.0060                  0.89                 1.44                  2.33        0.0119           23.80
   29       5           43.6361         166.0815             0.0060                  1.50                 1.52                  3.03        0.0119           23.80
   30       5           43.6361         166.0815             0.0060                  1.50                 1.52                  3.03        0.0119           23.80
   31       5           43.5941         165.9418             0.0060                  2.68                 2.60                  5.27        0.0119           23.79
   32       5           43.5941         165.9418             0.0060                  2.68                 2.60                  5.27        0.0119           23.79
   33       5           43.5779         165.8798             0.0060                  2.06                 2.10                  4.16        0.0119           23.80
   34       5           43.5779         165.8798             0.0060                  2.06                 2.10                  4.16        0.0119           23.80
   35       5           43.5927         165.9398             0.0060                  2.06                 2.52                  4.58        0.0119           23.80
   36       5           43.5927         165.9398             0.0060                  2.06                 2.52                  4.58        0.0119           23.80
   37       5           43.4976         165.5764             0.0060                  1.50                 1.94                  3.44        0.0119           23.78
   38       5           43.4976         165.5764             0.0060                  1.50                 1.94                  3.44        0.0119           23.78
   39       5           43.5567         165.8144             0.0060                  2.68                 2.60                  5.27        0.0119           23.77
   40       5           43.5567         165.8144             0.0060                  2.68                 2.60                  5.27        0.0119           23.77
   41       5           43.5726         165.8766             0.0060                  2.68                 3.01                  5.69        0.0119           23.77
   42       6           43.6040         165.9811             0.0060                  2.06                 2.67                  4.73        0.0119           23.80
   43       6           43.5103         165.6203             0.0060                  1.50                 2.09                  3.59        0.0119           23.78
   44       6           43.5769         165.8733             0.0060                  2.68                 2.75                  5.43        0.0119           23.79
   45       6           43.5769         165.8733             0.0060                  2.68                 2.75                  5.43        0.0119           23.79
   46       6           43.5688         165.8877             0.0060                  2.68                 3.16                  5.84        0.0119           23.77
   47       6           43.5688         165.8877             0.0060                  2.68                 3.16                  5.84        0.0119           23.77
   48       7           43.5927         165.9540             0.0060                  2.68                 3.32                  5.99        0.0119           23.79

Summary Statistics:
------------------------------------------------------------------------------------------------------------------------
        Comp     Groups  Wall Time/Evt (s)  CPU Time/Evt (s)  Throughput (evt/s)  Write Remote (MB/evt)  Read Remote (MB/evt)  Net Transfer (MB/evt)  CPU Cores/Evt  Memory/Evt (MB)
count  48.00  48.000000          48.000000         48.000000           48.000000              48.000000             48.000000              48.000000      48.000000        48.000000
mean   24.50   4.333333          43.618607        166.032813            0.006023               1.782451              1.848106               3.630557       0.011898        23.795667
std    14.00   1.117241           0.098421          0.359331            0.000013               0.668887              0.760556               1.402004       0.000007         0.014723
min     1.00   2.000000          43.489857        165.542486            0.005995               0.888672              0.566260               1.454931       0.011885        23.769600
25%    12.75   4.000000          43.571625        165.868325            0.006021               1.350435              1.287776               2.621116       0.011893        23.786800
50%    24.50   4.000000          43.592691        165.940791            0.006026               1.782451              1.937467               3.726352       0.011898        23.796800
75%    36.25   5.000000          43.642294        166.097969            0.006029               2.214468              2.515181               4.829369       0.011902        23.803200
max    48.00   7.000000          43.822069        166.803126            0.006041               2.676230              3.317889               5.994119       0.011914        23.827200
