Workflow Construction Summary Table
========================================================================================================================

 Comp  Groups Wall Time/Evt (s) CPU Time/Evt (s) Throughput (evt/s) Write Remote (MB/evt) Read Remote (MB/evt) Net Transfer (MB/evt) CPU Cores/Evt Memory/Evt (MB)
    1       1            7.5559          60.1449             0.0166                  0.45                 0.00                  0.45        0.0155           15.51
    2       2            7.4376          58.9966             0.0170                  0.45                 0.06                  0.51        0.0155           15.45
    3       2            7.2607          44.4644             0.0225                  1.23                 0.78                  2.02        0.0120           10.16
    4       2            7.3196          56.5896             0.0177                  0.45                 0.38                  0.83        0.0151           15.06
    5       2            7.2827          49.4257             0.0202                  2.54                 2.10                  4.64        0.0133           14.12
    6       3            7.3135          55.8404             0.0179                  0.45                 0.44                  0.89        0.0149           15.06
    7       3            7.2075          44.2525             0.0226                  1.23                 0.85                  2.08        0.0120           10.10
    8       3            7.2137          44.2772             0.0226                  3.32                 2.88                  6.21        0.0120            9.85
    9       3            7.2489          49.2910             0.0203                  2.54                 2.16                  4.70        0.0133           14.07
   10       3            7.2252          49.1981             0.0203                  2.54                 2.48                  5.02        0.0133           13.68
   11       3            7.1602          44.0640             0.0227                  1.23                 1.16                  2.39        0.0120            9.71
   12       4            7.2191          48.4504             0.0206                  2.54                 2.54                  5.08        0.0131           13.68
   13       4            7.1541          43.3156             0.0231                  1.23                 1.23                  2.46        0.0118            9.71
   14       4            7.1799          44.1424             0.0227                  3.32                 2.95                  6.27        0.0120            9.80
   15       4            7.1569          44.0511             0.0227                  3.32                 3.26                  6.58        0.0120            9.40
   16       5            7.1508          43.3026             0.0231                  3.32                 3.33                  6.65        0.0118            9.40

Summary Statistics:
------------------------------------------------------------------------------------------------------------------------
            Comp     Groups  Wall Time/Evt (s)  CPU Time/Evt (s)  Throughput (evt/s)  Write Remote (MB/evt)  Read Remote (MB/evt)  Net Transfer (MB/evt)  CPU Cores/Evt  Memory/Evt (MB)
count  16.000000  16.000000          16.000000         16.000000           16.000000              16.000000             16.000000              16.000000      16.000000        16.000000
mean    8.500000   3.000000           7.255397         48.737902            0.020784               1.884766              1.663278               3.548043       0.013089        12.173200
std     4.760952   1.032796           0.110689          5.948006            0.002333               1.152134              1.174628               2.318437       0.001385         2.548018
min     1.000000   1.000000           7.150802         43.302608            0.016627               0.449219              0.000000               0.449219       0.011817         9.402600
25%     4.750000   2.000000           7.174934         44.122827            0.019651               1.035156              0.699091               1.734247       0.012013         9.774700
50%     8.500000   3.000000           7.222146         46.457393            0.021565               1.884766              1.663558               3.548323       0.012537        11.917000
75%    12.250000   4.000000           7.290443         51.029354            0.022664               2.734375              2.627481               5.361856       0.013660        14.359250
max    16.000000   5.000000           7.555919         60.144923            0.023093               3.320312              3.326605               6.646918       0.015510        15.510400
