Workflow Construction Summary Table
========================================================================================================================

 Comp  Groups Wall Time/Evt (s) CPU Time/Evt (s) Throughput (evt/s) Write Remote (MB/evt) Read Remote (MB/evt) Net Transfer (MB/evt) CPU Cores/Evt Memory/Evt (MB)
    1       1            9.1266         513.6349             0.0019                  0.45                 0.00                  0.45        0.0067            6.75
    2       2            9.0858         509.1640             0.0020                  0.45                 0.06                  0.51        0.0067            6.69
    3       2            9.0693         234.2382             0.0043                  1.23                 0.90                  2.13        0.0031            3.14
    4       2            9.0746         486.1948             0.0021                  0.45                 0.40                  0.85        0.0064            6.45
    5       2            8.9643         187.6982             0.0053                  2.54                 2.31                  4.85        0.0024            3.03
    6       3            9.1038         484.1747             0.0021                  0.45                 0.52                  0.97        0.0064            6.41
    7       3            9.1156         232.6427             0.0043                  1.23                 0.97                  2.20        0.0031            3.16
    8       3            9.0314         159.7429             0.0063                  3.32                 3.27                  6.59        0.0021            2.28
    9       3            8.9927         185.0109             0.0054                  2.54                 2.40                  4.94        0.0024            3.02
   10       3            9.0199         163.0584             0.0061                  2.54                 2.77                  5.31        0.0022            2.79
   11       3            9.0580         206.5707             0.0048                  1.23                 1.33                  2.56        0.0027            2.84
   12       4            9.0067         161.8227             0.0062                  2.54                 2.83                  5.37        0.0021            2.76
   13       4            9.0368         205.4891             0.0049                  1.23                 1.40                  2.63        0.0027            2.82
   14       4            9.0425         158.6270             0.0063                  3.32                 3.35                  6.67        0.0021            2.30
   15       4            9.0580         133.0555             0.0075                  3.32                 3.71                  7.03        0.0017            1.98
   16       5            9.0504         132.4556             0.0075                  3.32                 3.79                  7.11        0.0017            1.97

Summary Statistics:
------------------------------------------------------------------------------------------------------------------------
            Comp     Groups  Wall Time/Evt (s)  CPU Time/Evt (s)  Throughput (evt/s)  Write Remote (MB/evt)  Read Remote (MB/evt)  Net Transfer (MB/evt)  CPU Cores/Evt  Memory/Evt (MB)
count  16.000000  16.000000          16.000000         16.000000           16.000000              16.000000             16.000000              16.000000      16.000000        16.000000
mean    8.500000   3.000000           9.052282        259.598757            0.004811               1.884766              1.876383               3.761148       0.003414         3.648600
std     4.760952   1.032796           0.044234        145.525550            0.001921               1.152134              1.327492               2.470207       0.001915         1.783441
min     1.000000   1.000000           8.964305        132.455576            0.001947               0.449219              0.000000               0.449219       0.001733         1.968000
25%     4.750000   2.000000           9.028549        161.302735            0.003718               1.035156              0.807268               1.842424       0.002114         2.647400
50%     8.500000   3.000000           9.054172        196.593653            0.005097               1.884766              1.855472               3.740237       0.002572         2.929000
75%    12.250000   4.000000           9.077412        296.722304            0.006200               2.734375              2.939838               5.674213       0.003914         3.972000
max    16.000000   5.000000           9.126643        513.634936            0.007550               3.320312              3.788216               7.108529       0.006746         6.745600
