Workflow Construction Summary Table
========================================================================================================================

 Comp  Groups Wall Time/Evt (s) CPU Time/Evt (s) Throughput (evt/s) Write Remote (MB/evt) Read Remote (MB/evt) Net Transfer (MB/evt) CPU Cores/Evt Memory/Evt (MB)
    1       1            7.2924         456.4746             0.0022                  0.45                 0.00                  0.45        0.0161           16.05
    2       2            7.2772         452.3321             0.0022                  0.45                 0.07                  0.52        0.0159           15.94
    3       2            7.2619         429.0426             0.0023                  0.45                 0.40                  0.85        0.0151           15.21
    4       2            7.2542         208.6779             0.0048                  1.23                 0.80                  2.03        0.0074            7.50
    5       2            7.2524         172.5853             0.0058                  2.54                 2.15                  4.68        0.0061            7.54
    6       3            7.2611         429.2134             0.0023                  0.45                 0.46                  0.91        0.0151           15.22
    7       3            7.2474         205.2360             0.0049                  1.23                 0.86                  2.09        0.0073            7.41
    8       3            7.2460         169.2364             0.0059                  2.54                 2.21                  4.75        0.0060            7.44
    9       3            7.2405         183.1884             0.0055                  1.23                 1.18                  2.41        0.0065            6.72
   10       3            7.2467         147.3662             0.0068                  2.54                 2.53                  5.07        0.0052            6.74
   11       3            7.2471         145.2081             0.0069                  3.32                 2.94                  6.26        0.0052            5.61
   12       4            7.2397         182.6645             0.0055                  1.23                 1.26                  2.49        0.0065            6.69
   13       4            7.2460         146.8428             0.0068                  2.54                 2.59                  5.13        0.0052            6.71
   14       4            7.2427         141.9211             0.0070                  3.32                 3.00                  6.32        0.0051            5.53
   15       4            7.2396         119.9272             0.0083                  3.32                 3.32                  6.64        0.0043            4.82
   16       5            7.2388         119.4038             0.0084                  3.32                 3.39                  6.71        0.0042            4.78

Summary Statistics:
------------------------------------------------------------------------------------------------------------------------
            Comp     Groups  Wall Time/Evt (s)  CPU Time/Evt (s)  Throughput (evt/s)  Write Remote (MB/evt)  Read Remote (MB/evt)  Net Transfer (MB/evt)  CPU Cores/Evt  Memory/Evt (MB)
count  16.000000  16.000000          16.000000         16.000000           16.000000              16.000000             16.000000              16.000000      16.000000        16.000000
mean    8.500000   3.000000           7.252107        231.832528            0.005350               1.884766              1.697316               3.582081       0.008192         8.743725
std     4.760952   1.032796           0.014817        127.932167            0.002108               1.152134              1.195122               2.338714       0.004488         4.188883
min     1.000000   1.000000           7.238812        119.403774            0.002191               0.449219              0.000000               0.449219       0.004234         4.783200
25%     4.750000   2.000000           7.242180        146.434158            0.004177               1.035156              0.714823               1.749979       0.005186         6.420000
50%     8.500000   3.000000           7.246938        177.624888            0.005634               1.884766              1.700031               3.584797       0.006289         7.073400
75%    12.250000   4.000000           7.255935        263.769092            0.006829               2.734375              2.678733               5.413108       0.009297         9.454200
max    16.000000   5.000000           7.292441        456.474552            0.008375               3.320312              3.386851               6.707164       0.016051        16.051200
