Workflow Construction Summary Table
========================================================================================================================

 Comp  Groups Wall Time/Evt (s) CPU Time/Evt (s) Throughput (evt/s) Write Remote (MB/evt) Read Remote (MB/evt) Net Transfer (MB/evt) CPU Cores/Evt Memory/Evt (MB)
    1       1           10.6450          74.7311             0.0134                  0.45                 0.00                  0.45        0.0407           40.67
    2       2           10.3322          72.2956             0.0138                  0.45                 0.07                  0.52        0.0405           40.52
    3       2           10.0186          68.3366             0.0146                  0.45                 0.44                  0.89        0.0395           39.49
    4       2            9.8131          58.6106             0.0171                  2.53                 2.44                  4.97        0.0346           36.95
    5       2            9.8147          52.5616             0.0190                  1.22                 0.91                  2.13        0.0314           26.62
    6       3            9.9994          67.4155             0.0148                  0.45                 0.51                  0.96        0.0390           39.49
    7       3            9.7254          58.3149             0.0171                  2.53                 2.51                  5.05        0.0346           36.84
    8       3            9.6779          52.0900             0.0192                  1.22                 0.98                  2.20        0.0314           26.50
    9       3            9.6413          58.0021             0.0172                  2.53                 2.87                  5.40        0.0346           35.78
   10       3            9.5668          51.7022             0.0193                  1.23                 1.35                  2.58        0.0314           25.59
   11       3            9.5810          51.7263             0.0193                  3.30                 3.33                  6.63        0.0313           25.83
   12       4            9.6396          57.1075             0.0175                  2.53                 2.96                  5.49        0.0340           35.78
   13       4            9.5364          50.7330             0.0197                  1.23                 1.42                  2.65        0.0308           25.54
   14       4            9.4974          51.4457             0.0194                  3.30                 3.40                  6.70        0.0313           25.70
   15       4            9.4185          51.1486             0.0196                  3.30                 3.77                  7.07        0.0313           24.64
   16       5            9.4095          50.2952             0.0199                  3.31                 3.85                  7.16        0.0309           24.74

Summary Statistics:
------------------------------------------------------------------------------------------------------------------------
            Comp     Groups  Wall Time/Evt (s)  CPU Time/Evt (s)  Throughput (evt/s)  Write Remote (MB/evt)  Read Remote (MB/evt)  Net Transfer (MB/evt)  CPU Cores/Evt  Memory/Evt (MB)
count  16.000000  16.000000          16.000000         16.000000           16.000000              16.000000             16.000000              16.000000      16.000000        16.000000
mean    8.500000   3.000000           9.769805         57.907284            0.017570               1.876664              1.926056               3.802719       0.034205        31.917500
std     4.760952   1.032796           0.336982          8.272529            0.002259               1.145760              1.358897               2.495564       0.003689         6.647794
min     1.000000   1.000000           9.409511         50.295232            0.013381               0.448037              0.000000               0.448284       0.030842        24.644000
25%     4.750000   2.000000           9.559228         51.638080            0.016505               1.030092              0.808558               1.838561       0.031336        25.675750
50%     8.500000   3.000000           9.659591         54.834554            0.018268               1.878376              1.931102               3.809787       0.032712        31.197500
75%    12.250000   4.000000           9.860863         60.811819            0.019366               2.723667              3.053369               5.778385       0.035704        37.583250
max    16.000000   5.000000          10.644972         74.731072            0.019883               3.307402              3.850520               7.157921       0.040672        40.672000
