Workflow Construction Summary Table
========================================================================================================================

 Comp  Groups Wall Time/Evt (s) CPU Time/Evt (s) Throughput (evt/s) Write Remote (MB/evt) Read Remote (MB/evt) Net Transfer (MB/evt) CPU Cores/Evt Memory/Evt (MB)
    1       1           10.7150          74.9829             0.0133                  0.45                 0.00                  0.45        0.0409           40.91
    2       2           10.4010          72.7865             0.0137                  0.45                 0.07                  0.52        0.0409           40.90
    3       2           10.0876          70.5932             0.0142                  0.45                 0.43                  0.88        0.0409           40.91
    4       2            9.9278          69.4677             0.0144                  2.53                 2.44                  4.97        0.0408           40.77
    5       2            9.9172          69.3957             0.0144                  1.23                 0.91                  2.14        0.0408           40.81
    6       3           10.0695          70.4669             0.0142                  0.45                 0.51                  0.96        0.0409           40.91
    7       3            9.8381          68.8440             0.0145                  2.53                 2.51                  5.04        0.0408           40.78
    8       3            9.7789          68.4293             0.0146                  1.23                 0.99                  2.21        0.0408           40.82
    9       3            9.7703          68.3701             0.0146                  2.53                 2.87                  5.39        0.0408           40.76
   10       3            9.6436          67.4860             0.0148                  1.23                 1.35                  2.58        0.0408           40.80
   11       3            9.7386          68.1502             0.0147                  3.31                 3.35                  6.66        0.0408           40.81
   12       4            9.7644          68.3322             0.0146                  2.53                 2.95                  5.48        0.0408           40.81
   13       4            9.6240          67.3462             0.0148                  1.22                 1.42                  2.64        0.0408           40.80
   14       4            9.6401          67.4587             0.0148                  3.30                 3.42                  6.72        0.0408           40.78
   15       4            9.5843          67.0708             0.0149                  3.31                 3.79                  7.10        0.0408           40.81
   16       5            9.5645          66.9320             0.0149                  3.30                 3.85                  7.16        0.0408           40.82

Summary Statistics:
------------------------------------------------------------------------------------------------------------------------
            Comp     Groups  Wall Time/Evt (s)  CPU Time/Evt (s)  Throughput (evt/s)  Write Remote (MB/evt)  Read Remote (MB/evt)  Net Transfer (MB/evt)  CPU Cores/Evt  Memory/Evt (MB)
count  16.000000  16.000000          16.000000         16.000000           16.000000              16.000000             16.000000              16.000000      16.000000        16.000000
mean    8.500000   3.000000           9.879062         69.132026            0.014478               1.876868              1.928709               3.805577       0.040824        40.823700
std     4.760952   1.032796           0.313550          2.194461            0.000441               1.147120              1.362670               2.501019       0.000052         0.051981
min     1.000000   1.000000           9.564497         66.931965            0.013336               0.447581              0.000000               0.447677       0.040762        40.761600
25%     4.750000   2.000000           9.642734         67.479211            0.014344               1.030594              0.810553               1.841717       0.040791        40.790800
50%     8.500000   3.000000           9.774628         68.399725            0.014620               1.876344              1.927577               3.803697       0.040811        40.811200
75%    12.250000   4.000000           9.963269         69.717478            0.014819               2.723114              3.049820               5.773888       0.040838        40.837600
max    16.000000   5.000000          10.715025         74.982885            0.014941               3.310754              3.854944               7.159794       0.040914        40.913600
