Workflow Construction Summary Table
========================================================================================================================

 Comp  Groups Wall Time/Evt (s) CPU Time/Evt (s) Throughput (evt/s) Write Remote (MB/evt) Read Remote (MB/evt) Net Transfer (MB/evt) CPU Cores/Evt Memory/Evt (MB)
    1       1            8.4581         528.3957             0.0019                  0.45                 0.00                  0.45        0.2585          258.50
    2       2            8.2103         509.7048             0.0020                  0.45                 0.07                  0.51        0.2566          256.74
    3       2            7.9598         471.0225             0.0021                  0.45                 0.38                  0.83        0.2445          245.88
    4       2            7.8158         234.8753             0.0043                  1.23                 0.80                  2.03        0.1184          120.58
    5       2            7.8024         187.6115             0.0053                  2.54                 2.15                  4.69        0.0978          120.67
    6       3            7.9457         470.8969             0.0021                  0.45                 0.45                  0.90        0.2444          245.76
    7       3            7.7029         224.6182             0.0045                  1.23                 0.87                  2.10        0.1165          118.79
    8       3            7.7308         179.9427             0.0056                  2.54                 2.21                  4.75        0.0961          119.05
    9       3            7.5985         194.8494             0.0051                  1.23                 1.19                  2.42        0.1041          107.77
   10       3            7.6764         153.3468             0.0065                  2.54                 2.53                  5.07        0.0837          107.95
   11       3            7.6327         158.1395             0.0063                  3.32                 2.95                  6.27        0.0823           89.66
   12       4            7.5841         194.9546             0.0051                  1.23                 1.25                  2.48        0.1043          107.88
   13       4            7.6626         153.3493             0.0065                  2.54                 2.60                  5.14        0.0838          107.95
   14       4            7.5616         150.4167             0.0066                  3.32                 3.01                  6.33        0.0805           88.01
   15       4            7.5077         123.7890             0.0081                  3.32                 3.33                  6.65        0.0681           76.90
   16       5            7.4941         123.9181             0.0081                  3.32                 3.40                  6.72        0.0683           77.01

Summary Statistics:
------------------------------------------------------------------------------------------------------------------------
            Comp     Groups  Wall Time/Evt (s)  CPU Time/Evt (s)  Throughput (evt/s)  Write Remote (MB/evt)  Read Remote (MB/evt)  Net Transfer (MB/evt)  CPU Cores/Evt  Memory/Evt (MB)
count  16.000000  16.000000          16.000000         16.000000           16.000000              16.000000             16.000000              16.000000      16.000000        16.000000
mean    8.500000   3.000000           7.771449        253.739418            0.005008               1.884758              1.699379               3.584137       0.131744       140.568025
std     4.760952   1.032796           0.262655        147.644299            0.002077               1.152130              1.199837               2.343546       0.072645        67.828438
min     1.000000   1.000000           7.494076        123.788951            0.001893               0.449219              0.000000               0.449219       0.068124        76.896800
25%     4.750000   2.000000           7.594874        153.348633            0.003724               1.035119              0.714050               1.749206       0.083350       103.245100
50%     8.500000   3.000000           7.689624        191.230441            0.005231               1.884766              1.699414               3.584154       0.100975       113.372000
75%    12.250000   4.000000           7.848268        293.880720            0.006521               2.734357              2.685438               5.419795       0.149874       151.938500
max    16.000000   5.000000           8.458055        528.395653            0.008078               3.320312              3.398252               6.718565       0.258496       258.496000
