Workflow Construction Summary Table
========================================================================================================================

 Comp  Groups Wall Time/Evt (s) CPU Time/Evt (s) Throughput (evt/s) Write Remote (MB/evt) Read Remote (MB/evt) Net Transfer (MB/evt) CPU Cores/Evt Memory/Evt (MB)
    1       1            6.9720          55.7764             0.0179                  0.45                 0.00                  0.45        0.0019            1.92
    2       2            6.9573          55.6583             0.0180                  0.45                 0.06                  0.51        0.0019            1.92
    3       2            6.9424          55.5395             0.0180                  0.45                 0.38                  0.83        0.0019            1.92
    4       2            6.9336          55.4687             0.0180                  2.54                 2.09                  4.63        0.0019            1.93
    5       2            6.9340          55.4723             0.0180                  1.23                 0.78                  2.01        0.0019            1.92
    6       3            6.9417          55.5334             0.0180                  0.45                 0.44                  0.89        0.0019            1.93
    7       3            6.9293          55.4342             0.0180                  2.54                 2.15                  4.69        0.0019            1.93
    8       3            6.9273          55.4186             0.0180                  1.23                 0.84                  2.08        0.0019            1.92
    9       3            6.9261          55.4085             0.0180                  2.54                 2.47                  5.00        0.0019            1.93
   10       3            6.9211          55.3690             0.0181                  1.23                 1.16                  2.39        0.0019            1.92
   11       3            6.9235          55.3878             0.0181                  3.32                 2.87                  6.19        0.0019            1.93
   12       4            6.9253          55.4023             0.0180                  2.54                 2.53                  5.07        0.0019            1.94
   13       4            6.9203          55.3628             0.0181                  1.23                 1.22                  2.45        0.0019            1.93
   14       4            6.9192          55.3533             0.0181                  3.32                 2.93                  6.25        0.0019            1.93
   15       4            6.9160          55.3277             0.0181                  3.32                 3.25                  6.57        0.0019            1.93
   16       5            6.9152          55.3215             0.0181                  3.32                 3.31                  6.63        0.0019            1.94

Summary Statistics:
------------------------------------------------------------------------------------------------------------------------
            Comp     Groups  Wall Time/Evt (s)  CPU Time/Evt (s)  Throughput (evt/s)  Write Remote (MB/evt)  Read Remote (MB/evt)  Net Transfer (MB/evt)  CPU Cores/Evt  Memory/Evt (MB)
count  16.000000  16.000000          16.000000         16.000000           16.000000              16.000000             16.000000              16.000000      16.000000        16.000000
mean    8.500000   3.000000           6.931517         55.452132            0.018034               1.884766              1.655273               3.540039       0.001926         1.926000
std     4.760952   1.032796           0.015471          0.123765            0.000040               1.152134              1.168838               2.312666       0.000005         0.005465
min     1.000000   1.000000           6.915183         55.321465            0.017929               0.449219              0.000000               0.449219       0.001920         1.920000
25%     4.750000   2.000000           6.920925         55.367403            0.018022               1.035156              0.695801               1.730957       0.001920         1.920000
50%     8.500000   3.000000           6.926694         55.413552            0.018046               1.884766              1.655273               3.540039       0.001928         1.928000
75%    12.250000   4.000000           6.935948         55.487585            0.018061               2.734375              2.614746               5.349121       0.001928         1.928000
max    16.000000   5.000000           6.972045         55.776359            0.018076               3.320312              3.310547               6.630859       0.001936         1.936000
