Workflow Construction Summary Table
========================================================================================================================

 Comp  Groups Wall Time/Evt (s) CPU Time/Evt (s) Throughput (evt/s) Write Remote (MB/evt) Read Remote (MB/evt) Net Transfer (MB/evt) CPU Cores/Evt Memory/Evt (MB)
    1       1            9.9123         556.4338             0.0018                  0.45                 0.00                  0.45        0.1629          162.87
    2       2            9.7491         543.9373             0.0018                  0.45                 0.07                  0.52        0.1616          161.69
    3       2            9.5882         509.7271             0.0020                  0.45                 0.44                  0.88        0.1539          154.81
    4       2            9.4863         250.0225             0.0040                  1.23                 0.91                  2.14        0.0742           75.57
    5       2            9.4935         203.6106             0.0049                  2.54                 2.43                  4.97        0.0616           76.06
    6       3            9.5785         509.6493             0.0020                  0.45                 0.51                  0.96        0.1539          154.75
    7       3            9.4113         242.5868             0.0041                  1.23                 0.98                  2.21        0.0731           74.61
    8       3            9.4410         197.3485             0.0051                  2.54                 2.50                  5.04        0.0604           74.95
    9       3            9.3413         214.2019             0.0047                  1.23                 1.33                  2.56        0.0657           67.95
   10       3            9.3979         170.1585             0.0059                  2.54                 2.86                  5.40        0.0527           68.03
   11       3            9.3728         170.9070             0.0059                  3.32                 3.33                  6.65        0.0516           56.21
   12       4            9.3330         213.6874             0.0047                  1.23                 1.41                  2.64        0.0655           67.70
   13       4            9.3835         169.5110             0.0059                  2.54                 2.92                  5.46        0.0524           67.68
   14       4            9.3291         164.7121             0.0061                  3.32                 3.40                  6.72        0.0504           55.14
   15       4            9.2862         137.6947             0.0073                  3.32                 3.76                  7.08        0.0428           48.30
   16       5            9.2761         137.9908             0.0072                  3.32                 3.84                  7.16        0.0429           48.40

Summary Statistics:
------------------------------------------------------------------------------------------------------------------------
            Comp     Groups  Wall Time/Evt (s)  CPU Time/Evt (s)  Throughput (evt/s)  Write Remote (MB/evt)  Read Remote (MB/evt)  Net Transfer (MB/evt)  CPU Cores/Evt  Memory/Evt (MB)
count  16.000000  16.000000          16.000000         16.000000           16.000000              16.000000             16.000000              16.000000      16.000000        16.000000
mean    8.500000   3.000000           9.461261        274.511200            0.004576               1.884766              1.918636               3.803402       0.082855        88.419100
std     4.760952   1.032796           0.173555        155.924032            0.001852               1.152134              1.355617               2.498998       0.045817        42.785331
min     1.000000   1.000000           9.276080        137.694682            0.001797               0.449219              0.000000               0.449219       0.042773        48.302400
25%     4.750000   2.000000           9.339244        169.996658            0.003490               1.035156              0.806884               1.842041       0.052188        64.812800
50%     8.500000   3.000000           9.404577        208.648998            0.004796               1.884766              1.920853               3.805618       0.063545        71.316600
75%    12.250000   4.000000           9.514740        314.929195            0.005882               2.734375              3.025635               5.760010       0.094101        95.731700
max    16.000000   5.000000           9.912286        556.433769            0.007262               3.320312              3.839227               7.159540       0.162867       162.867200
