Workflow Construction Summary Table
========================================================================================================================

 Comp  Groups Wall Time/Evt (s) CPU Time/Evt (s) Throughput (evt/s) Write Remote (MB/evt) Read Remote (MB/evt) Net Transfer (MB/evt) CPU Cores/Evt Memory/Evt (MB)
    1       1            9.2690          65.2530             0.0153                  0.45                 0.00                  0.45        0.0050            5.05
    2       2            9.2316          64.7552             0.0154                  0.45                 0.07                  0.52        0.0050            5.03
    3       2            9.1636          49.9045             0.0200                  1.23                 0.91                  2.14        0.0039            3.32
    4       2            9.1853          62.8901             0.0159                  0.45                 0.42                  0.87        0.0049            4.91
    5       2            9.1669          55.1253             0.0181                  2.54                 2.43                  4.97        0.0043            4.60
    6       3            9.1810          62.0850             0.0161                  0.45                 0.49                  0.94        0.0048            4.91
    7       3            9.1479          49.8467             0.0201                  1.23                 0.98                  2.21        0.0039            3.30
    8       3            9.1390          49.8542             0.0201                  3.32                 3.32                  6.64        0.0039            3.21
    9       3            9.1649          55.1161             0.0181                  2.54                 2.50                  5.04        0.0043            4.59
   10       3            9.1492          55.0898             0.0182                  2.54                 2.86                  5.40        0.0043            4.46
   11       3            9.1308          49.8229             0.0201                  1.23                 1.34                  2.57        0.0039            3.17
   12       4            9.1436          54.2627             0.0184                  2.54                 2.93                  5.47        0.0043            4.46
   13       4            9.1289          48.9909             0.0204                  1.23                 1.41                  2.64        0.0039            3.17
   14       4            9.1252          49.8272             0.0201                  3.32                 3.39                  6.71        0.0039            3.20
   15       4            9.1212          49.7837             0.0201                  3.32                 3.76                  7.08        0.0039            3.07
   16       5            9.1171          48.9629             0.0204                  3.32                 3.83                  7.15        0.0039            3.08

Summary Statistics:
------------------------------------------------------------------------------------------------------------------------
            Comp     Groups  Wall Time/Evt (s)  CPU Time/Evt (s)  Throughput (evt/s)  Write Remote (MB/evt)  Read Remote (MB/evt)  Net Transfer (MB/evt)  CPU Cores/Evt  Memory/Evt (MB)
count  16.000000  16.000000          16.000000         16.000000           16.000000              16.000000             16.000000              16.000000      16.000000        16.000000
mean    8.500000   3.000000           9.160324         54.473137            0.018554               1.884766              1.914884               3.799650       0.004264         3.969725
std     4.760952   1.032796           0.041235          6.006690            0.001902               1.152134              1.355556               2.499072       0.000450         0.826516
min     1.000000   1.000000           9.117123         48.962850            0.015325               0.449219              0.000000               0.449219       0.003852         3.069400
25%     4.750000   2.000000           9.130338         49.826124            0.017632               1.035156              0.802095               1.837252       0.003913         3.191250
50%     8.500000   3.000000           9.148532         52.083577            0.019234               1.884766              1.920656               3.805421       0.004086         3.886100
75%    12.250000   4.000000           9.170398         56.865247            0.020070               2.734375              3.027725               5.762100       0.004449         4.677400
max    16.000000   5.000000           9.268992         65.253044            0.020424               3.320312              3.829128               7.149441       0.005046         5.046400
