Workflow Construction Summary Table
========================================================================================================================

 Comp  Groups Wall Time/Evt (s) CPU Time/Evt (s) Throughput (evt/s) Write Remote (MB/evt) Read Remote (MB/evt) Net Transfer (MB/evt) CPU Cores/Evt Memory/Evt (MB)
    1       1            7.5583          60.1543             0.0166                  0.45                 0.00                  0.45        0.0155           15.52
    2       2            7.4399          59.0057             0.0169                  0.45                 0.06                  0.51        0.0155           15.45
    3       2            7.3226          56.6016             0.0177                  0.45                 0.38                  0.83        0.0151           15.07
    4       2            7.2850          49.4303             0.0202                  2.54                 2.10                  4.64        0.0133           14.13
    5       2            7.2650          44.4832             0.0225                  1.23                 0.78                  2.02        0.0120           10.16
    6       3            7.3166          55.8540             0.0179                  0.45                 0.44                  0.89        0.0149           15.07
    7       3            7.2511          49.2954             0.0203                  2.54                 2.17                  4.70        0.0133           14.07
    8       3            7.2119          44.2716             0.0226                  1.23                 0.85                  2.08        0.0120           10.11
    9       3            7.2282          49.2056             0.0203                  2.54                 2.48                  5.02        0.0133           13.69
   10       3            7.1645          44.0831             0.0227                  1.23                 1.16                  2.39        0.0120            9.71
   11       3            7.2181          44.2961             0.0226                  3.32                 2.89                  6.21        0.0120            9.85
   12       4            7.2221          48.4587             0.0206                  2.54                 2.54                  5.08        0.0131           13.69
   13       4            7.1585          43.3354             0.0231                  1.23                 1.23                  2.46        0.0118            9.71
   14       4            7.1842          44.1613             0.0226                  3.32                 2.95                  6.27        0.0120            9.80
   15       4            7.1613          44.0701             0.0227                  3.32                 3.26                  6.58        0.0120            9.41
   16       5            7.1552          43.3223             0.0231                  3.32                 3.33                  6.65        0.0118            9.41

Summary Statistics:
------------------------------------------------------------------------------------------------------------------------
            Comp     Groups  Wall Time/Evt (s)  CPU Time/Evt (s)  Throughput (evt/s)  Write Remote (MB/evt)  Read Remote (MB/evt)  Net Transfer (MB/evt)  CPU Cores/Evt  Memory/Evt (MB)
count  16.000000  16.000000          16.000000         16.000000           16.000000              16.000000             16.000000              16.000000      16.000000        16.000000
mean    8.500000   3.000000           7.258904         48.751787            0.020778               1.884766              1.663574               3.548340       0.013097        12.177575
std     4.760952   1.032796           0.110024          5.944295            0.002330               1.152134              1.175032               2.318846       0.001383         2.549403
min     1.000000   1.000000           7.155152         43.322290            0.016624               0.449219              0.000000               0.449219       0.011827         9.406000
25%     4.750000   2.000000           7.179293         44.141756            0.019649               1.035156              0.698909               1.734065       0.012022         9.776500
50%     8.500000   3.000000           7.225143         46.470909            0.021558               1.884766              1.663752               3.548518       0.012545        11.922200
75%    12.250000   4.000000           7.292923         51.036202            0.022654               2.734375              2.628628               5.363003       0.013664        14.364250
max    16.000000   5.000000           7.558257         60.154277            0.023083               3.320312              3.327090               6.647403       0.015515        15.515200
