Workflow Construction Summary Table
========================================================================================================================

 Comp  Groups Wall Time/Evt (s) CPU Time/Evt (s) Throughput (evt/s) Write Remote (MB/evt) Read Remote (MB/evt) Net Transfer (MB/evt) CPU Cores/Evt Memory/Evt (MB)
    1       1            7.5330          58.8842             0.0170                  0.45                 0.00                  0.45        0.0080            8.04
    2       2            7.4708          58.1911             0.0172                  0.45                 0.07                  0.51        0.0080            8.01
    3       2            7.4093          56.2363             0.0178                  0.45                 0.39                  0.84        0.0078            7.80
    4       2            7.3741          49.2130             0.0203                  2.54                 2.15                  4.68        0.0069            7.33
    5       2            7.3741          44.4891             0.0225                  1.23                 0.80                  2.03        0.0062            5.28
    6       3            7.4051          55.4938             0.0180                  0.45                 0.45                  0.90        0.0077            7.81
    7       3            7.3562          49.1430             0.0203                  2.54                 2.21                  4.75        0.0069            7.30
    8       3            7.3468          44.3814             0.0225                  1.23                 0.87                  2.10        0.0062            5.26
    9       3            7.3416          49.0859             0.0204                  2.54                 2.53                  5.07        0.0069            7.09
   10       3            7.3206          44.2795             0.0226                  1.23                 1.19                  2.42        0.0062            5.05
   11       3            7.3324          44.3256             0.0226                  3.32                 2.95                  6.27        0.0062            5.12
   12       4            7.3403          48.3430             0.0207                  2.54                 2.60                  5.14        0.0068            7.10
   13       4            7.3176          43.5340             0.0230                  1.23                 1.26                  2.49        0.0061            5.05
   14       4            7.3146          44.2561             0.0226                  3.32                 3.01                  6.33        0.0062            5.10
   15       4            7.2998          44.1983             0.0226                  3.32                 3.33                  6.65        0.0062            4.89
   16       5            7.2992          43.4592             0.0230                  3.32                 3.40                  6.72        0.0061            4.89

Summary Statistics:
------------------------------------------------------------------------------------------------------------------------
            Comp     Groups  Wall Time/Evt (s)  CPU Time/Evt (s)  Throughput (evt/s)  Write Remote (MB/evt)  Read Remote (MB/evt)  Net Transfer (MB/evt)  CPU Cores/Evt  Memory/Evt (MB)
count  16.000000  16.000000          16.000000         16.000000           16.000000              16.000000             16.000000              16.000000      16.000000        16.000000
mean    8.500000   3.000000           7.364722         48.594584            0.020816               1.884744              1.699486               3.584231       0.006783         6.319325
std     4.760952   1.032796           0.063816          5.576932            0.002211               1.152106              1.199263               2.342916       0.000718         1.312694
min     1.000000   1.000000           7.299228         43.459160            0.016982               0.449219              0.000000               0.449219       0.006123         4.889400
25%     4.750000   2.000000           7.319879         44.273664            0.019745               1.035156              0.714399               1.749555       0.006225         5.086450
50%     8.500000   3.000000           7.344243         46.416011            0.021581               1.884766              1.700428               3.585194       0.006497         6.189300
75%    12.250000   4.000000           7.381883         50.783191            0.022587               2.734290              2.684638               5.419013       0.007077         7.446000
max    16.000000   5.000000           7.532959         58.884193            0.023010               3.320312              3.398067               6.718379       0.008038         8.038400
