Workflow Construction Summary Table
========================================================================================================================

 Comp  Groups Wall Time/Evt (s) CPU Time/Evt (s) Throughput (evt/s) Write Remote (MB/evt) Read Remote (MB/evt) Net Transfer (MB/evt) CPU Cores/Evt Memory/Evt (MB)
    1       1            7.0347          56.0448             0.0178                  0.45                 0.00                  0.45        0.0019            1.94
    2       2            7.0205          55.9319             0.0179                  0.45                 0.06                  0.51        0.0019            1.94
    3       2            7.0087          55.8378             0.0179                  0.45                 0.38                  0.83        0.0019            1.94
    4       2            7.0375          56.0676             0.0178                  2.54                 2.09                  4.63        0.0019            1.94
    5       2            7.0120          55.8649             0.0179                  1.23                 0.78                  2.01        0.0019            1.94
    6       3            7.0086          55.8366             0.0179                  0.45                 0.44                  0.89        0.0020            1.96
    7       3            7.0339          56.0386             0.0178                  2.54                 2.15                  4.69        0.0020            1.95
    8       3            7.0059          55.8162             0.0179                  1.23                 0.84                  2.08        0.0020            1.95
    9       3            7.0338          56.0382             0.0178                  2.54                 2.47                  5.00        0.0020            1.95
   10       3            7.0028          55.7913             0.0179                  1.23                 1.16                  2.39        0.0020            1.95
   11       3            7.0428          56.1110             0.0178                  3.32                 2.87                  6.19        0.0020            1.95
   12       4            7.0337          56.0370             0.0178                  2.54                 2.53                  5.07        0.0020            1.97
   13       4            7.0026          55.7897             0.0179                  1.23                 1.22                  2.45        0.0020            1.96
   14       4            7.0391          56.0815             0.0178                  3.32                 2.93                  6.25        0.0020            1.96
   15       4            7.0389          56.0801             0.0178                  3.32                 3.25                  6.57        0.0020            1.95
   16       5            7.0387          56.0784             0.0178                  3.32                 3.31                  6.63        0.0020            1.96

Summary Statistics:
------------------------------------------------------------------------------------------------------------------------
            Comp     Groups  Wall Time/Evt (s)  CPU Time/Evt (s)  Throughput (evt/s)  Write Remote (MB/evt)  Read Remote (MB/evt)  Net Transfer (MB/evt)  CPU Cores/Evt  Memory/Evt (MB)
count  16.000000  16.000000          16.000000         16.000000           16.000000              16.000000             16.000000              16.000000      16.000000        16.000000
mean    8.500000   3.000000           7.024645         55.965342            0.017868               1.884766              1.655273               3.540039       0.001952         1.952000
std     4.760952   1.032796           0.015178          0.121287            0.000039               1.152134              1.168838               2.312666       0.000008         0.008262
min     1.000000   1.000000           7.002623         55.789659            0.017822               0.449219              0.000000               0.449219       0.001936         1.936000
25%     4.750000   2.000000           7.008679         55.837498            0.017835               1.035156              0.695801               1.730957       0.001944         1.944000
50%     8.500000   3.000000           7.033736         56.037571            0.017845               1.884766              1.655273               3.540039       0.001952         1.952000
75%    12.250000   4.000000           7.037797         56.070303            0.017909               2.734375              2.614746               5.349121       0.001960         1.960000
max    16.000000   5.000000           7.042785         56.110957            0.017924               3.320312              3.310547               6.630859       0.001968         1.968000
