Workflow Construction Summary Table
========================================================================================================================

 Comp  Groups Wall Time/Evt (s) CPU Time/Evt (s) Throughput (evt/s) Write Remote (MB/evt) Read Remote (MB/evt) Net Transfer (MB/evt) CPU Cores/Evt Memory/Evt (MB)
    1       1            7.0005         448.0315             0.0022                  0.45                 0.00                  0.45        0.0205           20.48
    2       2            6.9816         443.7694             0.0023                  0.45                 0.06                  0.51        0.0204           20.38
    3       2            6.9647         421.3352             0.0024                  0.45                 0.38                  0.83        0.0193           19.45
    4       2            6.9652         205.2177             0.0049                  1.23                 0.78                  2.01        0.0094            9.57
    5       2            6.9903         170.2815             0.0059                  2.54                 2.09                  4.63        0.0078            9.58
    6       3            6.9643         421.3335             0.0024                  0.45                 0.44                  0.89        0.0193           19.46
    7       3            6.9571         201.6391             0.0050                  1.23                 0.84                  2.08        0.0093            9.46
    8       3            6.9853         166.9064             0.0060                  2.54                 2.15                  4.69        0.0077            9.48
    9       3            6.9518         179.9538             0.0056                  1.23                 1.16                  2.39        0.0083            8.61
   10       3            6.9841         145.4783             0.0069                  2.54                 2.47                  5.00        0.0067            8.62
   11       3            6.9923         143.5689             0.0070                  3.32                 2.87                  6.19        0.0065            7.12
   12       4            6.9514         179.9520             0.0056                  1.23                 1.22                  2.45        0.0083            8.61
   13       4            6.9836         145.4765             0.0069                  2.54                 2.53                  5.07        0.0067            8.63
   14       4            6.9873         140.1938             0.0071                  3.32                 2.93                  6.25        0.0064            7.02
   15       4            6.9861         118.7658             0.0084                  3.32                 3.25                  6.57        0.0055            6.16
   16       5            6.9856         118.7640             0.0084                  3.32                 3.31                  6.63        0.0055            6.16

Summary Statistics:
------------------------------------------------------------------------------------------------------------------------
            Comp     Groups  Wall Time/Evt (s)  CPU Time/Evt (s)  Throughput (evt/s)  Write Remote (MB/evt)  Read Remote (MB/evt)  Net Transfer (MB/evt)  CPU Cores/Evt  Memory/Evt (MB)
count  16.000000  16.000000          16.000000         16.000000           16.000000              16.000000             16.000000              16.000000      16.000000        16.000000
mean    8.500000   3.000000           6.976943        228.166707            0.005421               1.884766              1.655273               3.540039       0.010470        11.174000
std     4.760952   1.032796           0.015374        125.151677            0.002120               1.152134              1.168838               2.312666       0.005734         5.351265
min     1.000000   1.000000           6.951392        118.763973            0.002232               0.449219              0.000000               0.449219       0.005460         6.158000
25%     4.750000   2.000000           6.964601        144.999630            0.004248               1.035156              0.695801               1.730957       0.006653         8.234500
50%     8.500000   3.000000           6.983846        175.116726            0.005715               1.884766              1.655273               3.540039       0.008042         9.045000
75%    12.250000   4.000000           6.986373        259.246648            0.006897               2.734375              2.614746               5.349121       0.011879        12.051500
max    16.000000   5.000000           7.000492        448.031500            0.008420               3.320312              3.310547               6.630859       0.020480        20.480000
