Workflow Construction Summary Table
========================================================================================================================

 Comp  Groups Wall Time/Evt (s) CPU Time/Evt (s) Throughput (evt/s) Write Remote (MB/evt) Read Remote (MB/evt) Net Transfer (MB/evt) CPU Cores/Evt Memory/Evt (MB)
    1       2           51.7967        2815.6060             0.0004                  0.89                 0.62                  1.51        0.1104          110.78
    2       2           51.7967        2815.6060             0.0004                  0.89                 0.62                  1.51        0.1104          110.78
    3       3           51.7791        2814.3453             0.0004                  0.89                 0.79                  1.68        0.1104          110.65
    4       3           51.7791        2814.3453             0.0004                  0.89                 0.79                  1.68        0.1104          110.65
    5       3           51.6795        2788.7710             0.0004                  0.89                 0.78                  1.67        0.1097          110.03
    6       3           51.6795        2788.7710             0.0004                  0.89                 0.78                  1.67        0.1097          110.03
    7       3           51.5572        2802.5066             0.0004                  1.50                 1.34                  2.85        0.1100          110.33
    8       3           51.5572        2802.5066             0.0004                  1.50                 1.34                  2.85        0.1100          110.33
    9       3           51.5713        2715.1333             0.0004                  0.89                 1.23                  2.12        0.1070          107.67
   10       3           51.4487         833.2531             0.0012                  2.06                 1.98                  4.04        0.0329           44.31
   11       3           51.4487         833.2531             0.0012                  2.06                 1.98                  4.04        0.0329           44.31
   12       4           51.6853        2787.9193             0.0004                  0.89                 0.95                  1.84        0.1096          109.94
   13       4           51.6853        2787.9193             0.0004                  0.89                 0.95                  1.84        0.1096          109.94
   14       4           51.5988        2803.1128             0.0004                  1.50                 1.51                  3.02        0.1100          110.33
   15       4           51.5988        2803.1128             0.0004                  1.50                 1.51                  3.02        0.1100          110.33
   16       4           51.5545        2714.2141             0.0004                  0.89                 1.39                  2.28        0.1069          107.57
   17       4           51.5545        2714.2141             0.0004                  0.89                 1.39                  2.28        0.1069          107.57
   18       4           51.4701        2775.7714             0.0004                  1.50                 1.51                  3.01        0.1092          109.57
   19       4           51.4701        2775.7714             0.0004                  1.50                 1.51                  3.01        0.1092          109.57
   20       4           51.4307         832.6350             0.0012                  2.06                 2.16                  4.22        0.0328           44.19
   21       4           51.3315         693.0098             0.0014                  2.68                 2.70                  5.38        0.0273           44.25
   22       4           51.4307         832.6350             0.0012                  2.06                 2.16                  4.22        0.0328           44.19
   23       4           51.3315         693.0098             0.0014                  2.68                 2.70                  5.38        0.0273           44.25
   24       4           51.4420         809.2252             0.0012                  2.06                 2.16                  4.22        0.0320           43.41
   25       4           51.4420         809.2252             0.0012                  2.06                 2.16                  4.22        0.0320           43.41
   26       4           51.3412         741.4765             0.0013                  2.06                 2.60                  4.66        0.0293           41.11
   27       4           51.4234        2701.5398             0.0004                  1.50                 1.97                  3.48        0.1065          107.19
   28       5           51.5634        2712.8191             0.0004                  0.89                 1.56                  2.45        0.1069          107.43
   29       5           51.4916        2775.6323             0.0004                  1.50                 1.68                  3.18        0.1092          109.53
   30       5           51.4916        2775.6323             0.0004                  1.50                 1.68                  3.18        0.1092          109.53
   31       5           51.3428         692.5873             0.0014                  2.68                 2.87                  5.54        0.0274           44.22
   32       5           51.3428         692.5873             0.0014                  2.68                 2.87                  5.54        0.0274           44.22
   33       5           51.3262         806.2346             0.0012                  2.06                 2.33                  4.39        0.0318           43.12
   34       5           51.3262         806.2346             0.0012                  2.06                 2.33                  4.39        0.0318           43.12
   35       5           51.3330         739.4431             0.0014                  2.06                 2.79                  4.85        0.0293           40.98
   36       5           51.3330         739.4431             0.0014                  2.06                 2.79                  4.85        0.0293           40.98
   37       5           51.4035        2700.7767             0.0004                  1.50                 2.14                  3.64        0.1064          107.10
   38       5           51.4035        2700.7767             0.0004                  1.50                 2.14                  3.64        0.1064          107.10
   39       5           51.2745         668.9809             0.0015                  2.68                 2.86                  5.54        0.0264           43.37
   40       5           51.2745         668.9809             0.0015                  2.68                 2.86                  5.54        0.0264           43.37
   41       5           51.1617         596.1017             0.0017                  2.68                 3.32                  6.00        0.0235           40.76
   42       6           51.2565         736.8708             0.0014                  2.06                 2.96                  5.02        0.0291           40.71
   43       6           51.4256        2700.1333             0.0004                  1.50                 2.31                  3.81        0.1064          107.02
   44       6           51.3311         668.4103             0.0015                  2.68                 3.05                  5.72        0.0264           43.27
   45       6           51.3311         668.4103             0.0015                  2.68                 3.05                  5.72        0.0264           43.27
   46       6           51.2073         595.1059             0.0017                  2.68                 3.49                  6.17        0.0235           40.69
   47       6           51.2073         595.1059             0.0017                  2.68                 3.49                  6.17        0.0235           40.69
   48       7           51.1542         593.5184             0.0017                  2.68                 3.66                  6.33        0.0234           40.51

Summary Statistics:
------------------------------------------------------------------------------------------------------------------------
        Comp     Groups  Wall Time/Evt (s)  CPU Time/Evt (s)  Throughput (evt/s)  Write Remote (MB/evt)  Read Remote (MB/evt)  Net Transfer (MB/evt)  CPU Cores/Evt  Memory/Evt (MB)
count  48.00  48.000000          48.000000         48.000000           48.000000              48.000000             48.000000              48.000000      48.000000        48.000000
mean   24.50   4.333333          51.455528       1744.430721            0.000882               1.782451              2.038555               3.821007       0.068650        75.992900
std    14.00   1.117241           0.168582       1034.606833            0.000538               0.668887              0.843639               1.484435       0.040623        33.595516
min     1.00   2.000000          51.154187        593.518389            0.000355               0.888672              0.623969               1.512641       0.023381        40.511800
25%    12.75   4.000000          51.331530        725.905535            0.000360               1.350435              1.393654               2.747725       0.028661        43.345200
50%    24.50   4.000000          51.436337       1766.693195            0.000785               1.782451              2.135739               3.929597       0.069652        75.664300
75%    36.25   5.000000          51.558713       2778.808391            0.001379               2.214468              2.789519               5.109560       0.109327       109.665750
max    48.00   7.000000          51.796698       2815.606014            0.001685               2.676230              3.658025               6.334255       0.110412       110.775600
