Workflow Construction Summary Table
========================================================================================================================

 Comp  Groups Wall Time/Evt (s) CPU Time/Evt (s) Throughput (evt/s) Write Remote (MB/evt) Read Remote (MB/evt) Net Transfer (MB/evt) CPU Cores/Evt Memory/Evt (MB)
    1       1            6.9484          55.5876             0.0180                  0.45                 0.00                  0.45        0.0013            1.28
    2       2            6.9388          55.3096             0.0181                  0.45                 0.06                  0.51        0.0013            1.28
    3       2            6.9292          53.8270             0.0186                  0.45                 0.38                  0.83        0.0012            1.25
    4       2            6.9268          47.3702             0.0211                  2.54                 2.09                  4.63        0.0011            1.17
    5       2            6.9246          42.9225             0.0233                  1.23                 0.78                  2.01        0.0010            0.84
    6       3            6.9287          53.1232             0.0188                  0.45                 0.44                  0.89        0.0012            1.25
    7       3            6.9240          47.3591             0.0211                  2.54                 2.15                  4.69        0.0011            1.17
    8       3            6.9203          42.9053             0.0233                  1.23                 0.84                  2.08        0.0010            0.84
    9       3            6.9222          47.3517             0.0211                  2.54                 2.47                  5.00        0.0011            1.14
   10       3            6.9164          42.8900             0.0233                  1.23                 1.16                  2.39        0.0010            0.81
   11       3            6.9215          42.9102             0.0233                  3.32                 2.87                  6.19        0.0010            0.82
   12       4            6.9217          46.6479             0.0214                  2.54                 2.53                  5.07        0.0011            1.15
   13       4            6.9160          42.1861             0.0237                  1.23                 1.22                  2.45        0.0010            0.81
   14       4            6.9187          42.8992             0.0233                  3.32                 2.93                  6.25        0.0010            0.82
   15       4            6.9169          42.8918             0.0233                  3.32                 3.25                  6.57        0.0010            0.79
   16       5            6.9164          42.1879             0.0237                  3.32                 3.31                  6.63        0.0010            0.79

Summary Statistics:
------------------------------------------------------------------------------------------------------------------------
            Comp     Groups  Wall Time/Evt (s)  CPU Time/Evt (s)  Throughput (evt/s)  Write Remote (MB/evt)  Read Remote (MB/evt)  Net Transfer (MB/evt)  CPU Cores/Evt  Memory/Evt (MB)
count  16.000000  16.000000          16.000000         16.000000           16.000000              16.000000             16.000000              16.000000      16.000000        16.000000
mean    8.500000   3.000000           6.924409         46.773078            0.021594               1.884766              1.655273               3.540039       0.001087         1.014000
std     4.760952   1.032796           0.008788          4.990809            0.002150               1.152134              1.168838               2.312666       0.000113         0.208809
min     1.000000   1.000000           6.915951         42.186091            0.017990               0.449219              0.000000               0.449219       0.000982         0.790000
25%     4.750000   2.000000           6.918273         42.897337            0.020539               1.035156              0.695801               1.730957       0.000996         0.819500
50%     8.500000   3.000000           6.921927         44.785203            0.022367               1.884766              1.655273               3.540039       0.001045         0.991000
75%    12.250000   4.000000           6.927259         48.808411            0.023311               2.734375              2.614746               5.349121       0.001136         1.192500
max    16.000000   5.000000           6.948449         55.587594            0.023704               3.320312              3.310547               6.630859       0.001280         1.280000
