Workflow Construction Summary Table
========================================================================================================================

 Comp  Groups Wall Time/Evt (s) CPU Time/Evt (s) Throughput (evt/s) Write Remote (MB/evt) Read Remote (MB/evt) Net Transfer (MB/evt) CPU Cores/Evt Memory/Evt (MB)
    1       2           42.4403         325.5084             0.0031                  0.89                 0.55                  1.44        0.0446           45.33
    2       2           42.4403         325.5084             0.0031                  0.89                 0.55                  1.44        0.0446           44.19
    3       3           42.4443         325.5270             0.0031                  0.89                 0.70                  1.59        0.0446           45.33
    4       3           42.4443         325.5270             0.0031                  0.89                 0.70                  1.59        0.0446           44.19
    5       3           42.1080         321.6372             0.0031                  0.89                 0.70                  1.59        0.0443           44.96
    6       3           42.1080         321.6372             0.0031                  0.89                 0.70                  1.59        0.0443           44.08
    7       3           42.2338         165.2327             0.0061                  1.50                 1.18                  2.69        0.0226           45.12
    8       3           42.2338         165.2327             0.0061                  1.50                 1.18                  2.69        0.0226           43.98
    9       3           41.8254         314.9997             0.0032                  0.89                 1.10                  1.99        0.0438           44.16
   10       3           41.7401         288.6593             0.0035                  2.06                 1.75                  3.81        0.0402           45.22
   11       3           41.7401         288.6593             0.0035                  2.06                 1.75                  3.81        0.0402           44.08
   12       4           42.1072         321.6372             0.0031                  0.89                 0.85                  1.74        0.0443           44.96
   13       4           42.1072         321.6372             0.0031                  0.89                 0.85                  1.74        0.0443           44.08
   14       4           42.2333         165.2391             0.0061                  1.50                 1.33                  2.84        0.0226           45.12
   15       4           42.2333         165.2391             0.0061                  1.50                 1.33                  2.84        0.0226           43.97
   16       4           41.8289         315.0174             0.0032                  0.89                 1.25                  2.14        0.0438           44.17
   17       4           41.8289         315.0174             0.0032                  0.89                 1.25                  2.14        0.0438           44.17
   18       4           41.9174         164.0027             0.0061                  1.50                 1.33                  2.84        0.0227           44.98
   19       4           41.9174         164.0027             0.0061                  1.50                 1.33                  2.84        0.0227           44.10
   20       4           41.7453         288.6772             0.0035                  2.06                 1.90                  3.96        0.0402           45.22
   21       4           41.5687         162.7492             0.0061                  2.68                 2.38                  5.06        0.0226           45.05
   22       4           41.7453         288.6772             0.0035                  2.06                 1.90                  3.96        0.0402           44.08
   23       4           41.5687         162.7492             0.0061                  2.68                 2.38                  5.06        0.0226           43.91
   24       4           41.6903         288.4623             0.0035                  2.06                 1.90                  3.96        0.0402           44.97
   25       4           41.6903         288.4623             0.0035                  2.06                 1.90                  3.96        0.0402           44.09
   26       4           41.6716         288.4110             0.0035                  2.06                 2.30                  4.36        0.0402           44.08
   27       4           41.6369         162.9026             0.0061                  1.50                 1.73                  3.24        0.0226           43.98
   28       5           41.8340         315.0352             0.0032                  0.89                 1.40                  2.29        0.0438           44.18
   29       5           41.9183         164.0122             0.0061                  1.50                 1.48                  2.99        0.0227           44.98
   30       5           41.9183         164.0122             0.0061                  1.50                 1.48                  2.99        0.0227           44.10
   31       5           41.5715         162.7625             0.0061                  2.68                 2.53                  5.21        0.0226           45.05
   32       5           41.5715         162.7625             0.0061                  2.68                 2.53                  5.21        0.0226           43.91
   33       5           41.6941         288.4807             0.0035                  2.06                 2.05                  4.11        0.0402           44.98
   34       5           41.6941         288.4807             0.0035                  2.06                 2.05                  4.11        0.0402           44.09
   35       5           41.6684         288.4120             0.0035                  2.06                 2.45                  4.51        0.0402           44.07
   36       5           41.6684         288.4120             0.0035                  2.06                 2.45                  4.51        0.0402           44.07
   37       5           41.6343         162.9050             0.0061                  1.50                 1.88                  3.39        0.0226           43.98
   38       5           41.6343         162.9050             0.0061                  1.50                 1.88                  3.39        0.0226           43.96
   39       5           41.5163         162.5473             0.0062                  2.68                 2.53                  5.21        0.0226           44.80
   40       5           41.5163         162.5473             0.0062                  2.68                 2.53                  5.21        0.0226           43.92
   41       5           41.5056         162.5088             0.0062                  2.68                 2.93                  5.61        0.0226           43.92
   42       6           41.6731         288.4292             0.0035                  2.06                 2.60                  4.66        0.0402           44.07
   43       6           41.6404         162.9248             0.0061                  1.50                 2.03                  3.54        0.0226           43.98
   44       6           41.5159         162.5540             0.0062                  2.68                 2.68                  5.36        0.0226           44.80
   45       6           41.5159         162.5540             0.0062                  2.68                 2.68                  5.36        0.0226           43.92
   46       6           41.5080         162.5210             0.0062                  2.68                 3.08                  5.76        0.0226           43.92
   47       6           41.5080         162.5210             0.0062                  2.68                 3.08                  5.76        0.0226           43.91
   48       7           41.5072         162.5272             0.0062                  2.68                 3.23                  5.91        0.0226           43.91

Summary Statistics:
------------------------------------------------------------------------------------------------------------------------
        Comp     Groups  Wall Time/Evt (s)  CPU Time/Evt (s)  Throughput (evt/s)  Write Remote (MB/evt)  Read Remote (MB/evt)  Net Transfer (MB/evt)  CPU Cores/Evt  Memory/Evt (MB)
count  48.00  48.000000          48.000000         48.000000           48.000000              48.000000             48.000000              48.000000      48.000000        48.000000
mean   24.50   4.333333          41.822142        233.975566            0.004708               1.782451              1.800762               3.583213       0.032399        44.377250
std    14.00   1.117241           0.289048         72.351379            0.001436               0.668887              0.741042               1.383049       0.010014         0.498448
min     1.00   2.000000          41.505595        162.508804            0.003072               0.888672              0.551387               1.440059       0.022562        43.905600
25%    12.75   4.000000          41.618617        162.867569            0.003392               1.350435              1.252652               2.588352       0.022590        43.980500
50%    24.50   4.000000          41.717097        226.825056            0.004760               1.782451              1.882306               3.675654       0.031425        44.097000
75%    36.25   5.000000          41.965546        295.257841            0.006140               2.214468              2.452195               4.762018       0.041099        44.961200
max    48.00   7.000000          42.444290        325.526992            0.006154               2.676230              3.229202               5.905433       0.044570        45.334400
