Workflow Construction Summary Table
========================================================================================================================

 Comp  Groups Wall Time/Evt (s) CPU Time/Evt (s) Throughput (evt/s) Write Remote (MB/evt) Read Remote (MB/evt) Net Transfer (MB/evt) CPU Cores/Evt Memory/Evt (MB)
    1       2           40.2256         316.5154             0.0032                  0.89                 0.54                  1.43        0.0424           43.11
    2       2           40.2256         316.5154             0.0032                  0.89                 0.54                  1.43        0.0424           42.03
    3       3           40.2149         316.4727             0.0032                  0.89                 0.68                  1.57        0.0424           43.11
    4       3           40.2149         316.4727             0.0032                  0.89                 0.68                  1.57        0.0424           42.03
    5       3           39.9029         312.7230             0.0032                  0.89                 0.68                  1.57        0.0421           42.77
    6       3           39.9029         312.7230             0.0032                  0.89                 0.68                  1.57        0.0421           41.93
    7       3           39.9082         159.7966             0.0063                  1.50                 1.15                  2.66        0.0215           42.91
    8       3           39.9082         159.7966             0.0063                  1.50                 1.15                  2.66        0.0215           41.83
    9       3           39.5898         306.1397             0.0033                  0.89                 1.07                  1.96        0.0416           42.01
   10       3           39.3501         279.5735             0.0036                  2.06                 1.71                  3.77        0.0383           43.03
   11       3           39.3501         279.5735             0.0036                  2.06                 1.71                  3.77        0.0383           41.95
   12       4           39.8922         312.6802             0.0032                  0.89                 0.83                  1.72        0.0421           42.77
   13       4           39.8922         312.6802             0.0032                  0.89                 0.83                  1.72        0.0421           41.93
   14       4           39.8975         159.7539             0.0063                  1.50                 1.30                  2.80        0.0215           42.91
   15       4           39.8975         159.7539             0.0063                  1.50                 1.30                  2.80        0.0215           41.83
   16       4           39.5792         306.0970             0.0033                  0.89                 1.22                  2.11        0.0416           42.01
   17       4           39.5792         306.0970             0.0033                  0.89                 1.22                  2.11        0.0416           42.01
   18       4           39.5952         158.5445             0.0063                  1.50                 1.30                  2.80        0.0216           42.78
   19       4           39.5952         158.5445             0.0063                  1.50                 1.30                  2.80        0.0216           41.95
   20       4           39.3394         279.5308             0.0036                  2.06                 1.86                  3.92        0.0383           43.03
   21       4           39.0996         156.5621             0.0064                  2.68                 2.32                  5.00        0.0215           42.91
   22       4           39.3394         279.5308             0.0036                  2.06                 1.86                  3.92        0.0383           41.95
   23       4           39.0996         156.5621             0.0064                  2.68                 2.32                  5.00        0.0215           41.83
   24       4           39.2869         279.3208             0.0036                  2.06                 1.86                  3.92        0.0383           42.78
   25       4           39.2869         279.3208             0.0036                  2.06                 1.86                  3.92        0.0383           41.95
   26       4           39.2398         279.1321             0.0036                  2.06                 2.25                  4.31        0.0383           41.95
   27       4           39.2869         157.3113             0.0064                  1.50                 1.69                  3.19        0.0215           41.82
   28       5           39.5685         306.0542             0.0033                  0.89                 1.37                  2.26        0.0416           42.01
   29       5           39.5845         158.5018             0.0063                  1.50                 1.45                  2.95        0.0216           42.79
   30       5           39.5845         158.5018             0.0063                  1.50                 1.45                  2.95        0.0216           41.95
   31       5           39.0889         156.5194             0.0064                  2.68                 2.47                  5.15        0.0215           42.91
   32       5           39.0889         156.5194             0.0064                  2.68                 2.47                  5.15        0.0215           41.83
   33       5           39.2763         279.2781             0.0036                  2.06                 2.00                  4.06        0.0383           42.79
   34       5           39.2763         279.2781             0.0036                  2.06                 2.00                  4.06        0.0383           41.95
   35       5           39.2291         279.0894             0.0036                  2.06                 2.39                  4.45        0.0383           41.95
   36       5           39.2291         279.0894             0.0036                  2.06                 2.39                  4.45        0.0383           41.95
   37       5           39.2762         157.2686             0.0064                  1.50                 1.84                  3.34        0.0215           41.82
   38       5           39.2762         157.2686             0.0064                  1.50                 1.84                  3.34        0.0215           41.82
   39       5           39.0364         156.3094             0.0064                  2.68                 2.47                  5.15        0.0215           42.66
   40       5           39.0364         156.3094             0.0064                  2.68                 2.47                  5.15        0.0215           41.83
   41       5           38.9892         156.1207             0.0064                  2.68                 2.86                  5.54        0.0215           41.82
   42       6           39.2184         279.0467             0.0036                  2.06                 2.54                  4.60        0.0383           41.95
   43       6           39.2655         157.2259             0.0064                  1.50                 1.98                  3.49        0.0215           41.82
   44       6           39.0257         156.2667             0.0064                  2.68                 2.62                  5.29        0.0215           42.66
   45       6           39.0257         156.2667             0.0064                  2.68                 2.62                  5.29        0.0215           41.83
   46       6           38.9786         156.0780             0.0064                  2.68                 3.01                  5.68        0.0215           41.83
   47       6           38.9786         156.0780             0.0064                  2.68                 3.01                  5.68        0.0215           41.82
   48       7           38.9679         156.0353             0.0064                  2.68                 3.15                  5.83        0.0215           41.83

Summary Statistics:
------------------------------------------------------------------------------------------------------------------------
        Comp     Groups  Wall Time/Evt (s)  CPU Time/Evt (s)  Throughput (evt/s)  Write Remote (MB/evt)  Read Remote (MB/evt)  Net Transfer (MB/evt)  CPU Cores/Evt  Memory/Evt (MB)
count  48.00  48.000000          48.000000         48.000000           48.000000              48.000000             48.000000              48.000000      48.000000        48.000000
mean   24.50   4.333333          39.452101        226.475630            0.004874               1.782451              1.756410               3.538861       0.030828        42.228333
std    14.00   1.117241           0.377918         70.790418            0.001502               0.668887              0.723768               1.366042       0.009523         0.470724
min     1.00   2.000000          38.967875        156.035307            0.003159               0.888672              0.537109               1.425781       0.021490        41.822800
25%    12.75   4.000000          39.188696        157.059937            0.003500               1.350435              1.220703               2.556826       0.021493        41.829500
50%    24.50   4.000000          39.313180        219.421665            0.004921               1.782451              1.836387               3.628379       0.029903        41.951400
75%    36.25   5.000000          39.669444        286.193693            0.006367               2.214468              2.392578               4.699932       0.039103        42.772200
max    48.00   7.000000          40.225618        316.515403            0.006409               2.676230              3.154746               5.830977       0.042390        43.113600
