Workflow Construction Summary Table
========================================================================================================================

 Comp  Groups Wall Time/Evt (s) CPU Time/Evt (s) Throughput (evt/s) Write Remote (MB/evt) Read Remote (MB/evt) Net Transfer (MB/evt) CPU Cores/Evt Memory/Evt (MB)
    1       2           51.1675         180.1633             0.0056                  0.89                 0.62                  1.51        0.0024            4.71
    2       2           51.1675         180.1633             0.0056                  0.89                 0.62                  1.51        0.0024            4.71
    3       3           51.1607         180.1772             0.0056                  0.89                 0.79                  1.68        0.0024            4.72
    4       3           51.1607         180.1772             0.0056                  0.89                 0.79                  1.68        0.0024            4.72
    5       3           51.1504         180.1054             0.0056                  0.89                 0.79                  1.68        0.0024            4.72
    6       3           51.1504         180.1054             0.0056                  0.89                 0.79                  1.68        0.0024            4.72
    7       3           51.3155         180.6537             0.0055                  1.50                 1.33                  2.84        0.0024            4.72
    8       3           51.3155         180.6537             0.0055                  1.50                 1.33                  2.84        0.0024            4.72
    9       3           51.1464         180.1230             0.0056                  0.89                 1.23                  2.12        0.0024            4.72
   10       3           51.3659         180.8836             0.0055                  2.06                 1.98                  4.05        0.0024            4.72
   11       3           51.3659         180.8836             0.0055                  2.06                 1.98                  4.05        0.0024            4.72
   12       4           51.2659         180.3639             0.0055                  0.89                 0.98                  1.87        0.0024            4.74
   13       4           51.2659         180.3639             0.0055                  0.89                 0.98                  1.87        0.0024            4.74
   14       4           51.3046         180.6593             0.0055                  1.50                 1.51                  3.01        0.0024            4.72
   15       4           51.3046         180.6593             0.0055                  1.50                 1.51                  3.01        0.0024            4.72
   16       4           51.2089         180.2757             0.0055                  0.89                 1.40                  2.29        0.0024            4.73
   17       4           51.2089         180.2757             0.0055                  0.89                 1.40                  2.29        0.0024            4.73
   18       4           51.4868         180.9730             0.0055                  1.50                 1.49                  3.00        0.0024            4.74
   19       4           51.4868         180.9730             0.0055                  1.50                 1.49                  3.00        0.0024            4.74
   20       4           51.3894         180.9582             0.0055                  2.06                 2.14                  4.20        0.0024            4.73
   21       4           51.4329         181.2222             0.0055                  2.68                 2.68                  5.36        0.0024            4.71
   22       4           51.3894         180.9582             0.0055                  2.06                 2.14                  4.20        0.0024            4.73
   23       4           51.4329         181.2222             0.0055                  2.68                 2.68                  5.36        0.0024            4.71
   24       4           51.4287         181.0279             0.0055                  2.06                 2.16                  4.22        0.0024            4.73
   25       4           51.4287         181.0279             0.0055                  2.06                 2.16                  4.22        0.0024            4.73
   26       4           51.4438         181.1284             0.0055                  2.06                 2.62                  4.68        0.0024            4.73
   27       4           51.3109         180.6483             0.0055                  1.50                 1.96                  3.47        0.0024            4.72
   28       5           51.1835         180.2523             0.0055                  0.89                 1.56                  2.45        0.0024            4.74
   29       5           51.4789         180.9847             0.0055                  1.50                 1.67                  3.17        0.0024            4.75
   30       5           51.4789         180.9847             0.0055                  1.50                 1.67                  3.17        0.0024            4.75
   31       5           51.3875         181.1588             0.0055                  2.68                 2.82                  5.49        0.0024            4.71
   32       5           51.3875         181.1588             0.0055                  2.68                 2.82                  5.49        0.0024            4.71
   33       5           51.4074         181.0127             0.0055                  2.06                 2.31                  4.37        0.0024            4.73
   34       5           51.4074         181.0127             0.0055                  2.06                 2.31                  4.37        0.0024            4.73
   35       5           51.3917         181.0517             0.0055                  2.06                 2.78                  4.84        0.0024            4.73
   36       5           51.3917         181.0517             0.0055                  2.06                 2.78                  4.84        0.0024            4.73
   37       5           51.3147         180.6834             0.0055                  1.50                 2.13                  3.63        0.0024            4.73
   38       5           51.3147         180.6834             0.0055                  1.50                 2.13                  3.63        0.0024            4.73
   39       5           51.4623         181.2997             0.0055                  2.68                 2.86                  5.54        0.0024            4.72
   40       5           51.4623         181.2997             0.0055                  2.68                 2.86                  5.54        0.0024            4.72
   41       5           51.4634         181.3723             0.0055                  2.68                 3.31                  5.99        0.0024            4.72
   42       6           51.4744         181.2445             0.0055                  2.06                 2.97                  5.03        0.0024            4.73
   43       6           51.3345         180.7504             0.0055                  1.50                 2.30                  3.80        0.0024            4.73
   44       6           51.4331         181.2690             0.0055                  2.68                 3.03                  5.70        0.0024            4.72
   45       6           51.4331         181.2690             0.0055                  2.68                 3.03                  5.70        0.0024            4.72
   46       6           51.4227         181.3183             0.0055                  2.68                 3.49                  6.16        0.0024            4.72
   47       6           51.4227         181.3183             0.0055                  2.68                 3.49                  6.16        0.0024            4.72
   48       7           51.4718         181.4438             0.0055                  2.68                 3.66                  6.34        0.0024            4.72

Summary Statistics:
------------------------------------------------------------------------------------------------------------------------
        Comp     Groups  Wall Time/Evt (s)  CPU Time/Evt (s)  Throughput (evt/s)  Write Remote (MB/evt)  Read Remote (MB/evt)  Net Transfer (MB/evt)  CPU Cores/Evt  Memory/Evt (MB)
count  48.00  48.000000          48.000000         48.000000           48.000000              48.000000             48.000000              48.000000      48.000000        48.000000
mean   24.50   4.333333          51.349568        180.821795            0.005530               1.782451              2.031756               3.814207       0.002362         4.724133
std    14.00   1.117241           0.109809          0.412656            0.000013               0.668887              0.838564               1.478377       0.000005         0.009092
min     1.00   2.000000          51.146350        180.105366            0.005511               0.888672              0.620564               1.509236       0.002356         4.712000
25%    12.75   4.000000          51.294912        180.577203            0.005520               1.350435              1.401704               2.739285       0.002358         4.716800
50%    24.50   4.000000          51.388453        180.965601            0.005526               1.782451              2.125455               3.925126       0.002361         4.721600
75%    36.25   5.000000          51.432932        181.158794            0.005538               2.214468              2.783066               5.109899       0.002365         4.729600
max    48.00   7.000000          51.486753        181.443792            0.005552               2.676230              3.662977               6.339208       0.002373         4.745600
