Workflow Construction Summary Table
========================================================================================================================

 Comp  Groups Wall Time/Evt (s) CPU Time/Evt (s) Throughput (evt/s) Write Remote (MB/evt) Read Remote (MB/evt) Net Transfer (MB/evt) CPU Cores/Evt Memory/Evt (MB)
    1       1            8.1442          64.7933             0.0154                  0.45                 0.00                  0.45        0.0311           31.12
    2       2            7.9052          62.8922             0.0159                  0.45                 0.06                  0.51        0.0311           31.11
    3       2            7.6640          60.9731             0.0164                  0.45                 0.38                  0.83        0.0311           31.13
    4       2            7.5110          59.7554             0.0167                  2.54                 2.10                  4.64        0.0310           31.05
    5       2            7.5248          59.8635             0.0167                  1.23                 0.79                  2.02        0.0311           31.06
    6       3            7.6506          60.8664             0.0164                  0.45                 0.44                  0.89        0.0312           31.15
    7       3            7.4418          59.2046             0.0169                  2.54                 2.17                  4.70        0.0311           31.06
    8       3            7.4167          59.0037             0.0169                  1.23                 0.85                  2.08        0.0311           31.07
    9       3            7.3896          58.7889             0.0170                  2.54                 2.48                  5.02        0.0310           31.05
   10       3            7.3156          58.1999             0.0172                  1.23                 1.17                  2.40        0.0311           31.08
   11       3            7.3458          58.4416             0.0171                  3.32                 2.89                  6.21        0.0311           31.07
   12       4            7.3762          58.6829             0.0170                  2.54                 2.55                  5.08        0.0311           31.08
   13       4            7.3020          58.0922             0.0172                  1.23                 1.23                  2.46        0.0311           31.09
   14       4            7.2769          57.8930             0.0173                  3.32                 2.95                  6.27        0.0311           31.09
   15       4            7.2248          57.4781             0.0174                  3.32                 3.27                  6.59        0.0311           31.09
   16       5            7.2103          57.3662             0.0174                  3.32                 3.33                  6.65        0.0311           31.10

Summary Statistics:
------------------------------------------------------------------------------------------------------------------------
            Comp     Groups  Wall Time/Evt (s)  CPU Time/Evt (s)  Throughput (evt/s)  Write Remote (MB/evt)  Read Remote (MB/evt)  Net Transfer (MB/evt)  CPU Cores/Evt  Memory/Evt (MB)
count  16.000000  16.000000          16.000000         16.000000           16.000000              16.000000             16.000000              16.000000      16.000000        16.000000
mean    8.500000   3.000000           7.481217         59.518449            0.016819               1.884766              1.665182               3.549948       0.031087        31.087000
std     4.760952   1.032796           0.254043          2.021191            0.000548               1.152134              1.175496               2.319280       0.000029         0.029194
min     1.000000   1.000000           7.210258         57.366243            0.015434               0.449219              0.000000               0.449219       0.031048        31.048000
25%     4.750000   2.000000           7.312206         58.172964            0.016636               1.035156              0.700094               1.735250       0.031070        31.070000
50%     8.500000   3.000000           7.403161         58.896339            0.016979               1.884766              1.664837               3.549603       0.031084        31.084000
75%    12.250000   4.000000           7.556215         60.114194            0.017190               2.734375              2.630887               5.365262       0.031100        31.100000
max    16.000000   5.000000           8.144187         64.793329            0.017432               3.320312              3.329229               6.649542       0.031152        31.152000
