Workflow Construction Summary Table
========================================================================================================================

 Comp  Groups Wall Time/Evt (s) CPU Time/Evt (s) Throughput (evt/s) Write Remote (MB/evt) Read Remote (MB/evt) Net Transfer (MB/evt) CPU Cores/Evt Memory/Evt (MB)
    1       2           43.0205         322.2670             0.0031                  0.89                 0.56                  1.45        0.0078            7.92
    2       2           43.0205         322.2670             0.0031                  0.89                 0.56                  1.45        0.0078            7.72
    3       3           43.0123         322.1803             0.0031                  0.89                 0.72                  1.61        0.0078            7.92
    4       3           43.0123         322.1803             0.0031                  0.89                 0.72                  1.61        0.0078            7.72
    5       3           42.9318         320.3723             0.0031                  0.89                 0.72                  1.61        0.0077            7.86
    6       3           42.9318         320.3723             0.0031                  0.89                 0.72                  1.61        0.0077            7.71
    7       3           42.9808         163.9217             0.0061                  1.50                 1.22                  2.72        0.0040            7.91
    8       3           42.9808         163.9217             0.0061                  1.50                 1.22                  2.72        0.0040            7.71
    9       3           42.9129         315.9093             0.0032                  0.89                 1.13                  2.02        0.0077            7.72
   10       3           42.8897         290.1683             0.0034                  2.06                 1.80                  3.86        0.0070            7.92
   11       3           42.8897         290.1683             0.0034                  2.06                 1.80                  3.86        0.0070            7.72
   12       4           42.9316         320.4407             0.0031                  0.89                 0.87                  1.76        0.0078            7.87
   13       4           42.9316         320.4407             0.0031                  0.89                 0.87                  1.76        0.0078            7.72
   14       4           42.9804         163.9203             0.0061                  1.50                 1.37                  2.87        0.0040            7.92
   15       4           42.9804         163.9203             0.0061                  1.50                 1.37                  2.87        0.0040            7.71
   16       4           42.9006         315.8492             0.0032                  0.89                 1.28                  2.17        0.0077            7.72
   17       4           42.9006         315.8492             0.0032                  0.89                 1.28                  2.17        0.0077            7.72
   18       4           42.9204         163.6987             0.0061                  1.50                 1.37                  2.87        0.0040            7.87
   19       4           42.9204         163.6987             0.0061                  1.50                 1.37                  2.87        0.0040            7.72
   20       4           42.8632         290.1146             0.0034                  2.06                 1.95                  4.01        0.0070            7.92
   21       4           42.8319         163.4006             0.0061                  2.68                 2.44                  5.12        0.0040            7.91
   22       4           42.8632         290.1146             0.0034                  2.06                 1.95                  4.01        0.0070            7.72
   23       4           42.8319         163.4006             0.0061                  2.68                 2.44                  5.12        0.0040            7.71
   24       4           42.8795         290.1992             0.0034                  2.06                 1.95                  4.01        0.0070            7.88
   25       4           42.8795         290.1992             0.0034                  2.06                 1.95                  4.01        0.0070            7.73
   26       4           42.8490         290.1126             0.0034                  2.06                 2.36                  4.42        0.0070            7.72
   27       4           42.8491         163.4618             0.0061                  1.50                 1.78                  3.28        0.0040            7.71
   28       5           42.9035         315.8891             0.0032                  0.89                 1.43                  2.32        0.0077            7.72
   29       5           42.9021         163.6614             0.0061                  1.50                 1.52                  3.02        0.0040            7.87
   30       5           42.9021         163.6614             0.0061                  1.50                 1.52                  3.02        0.0040            7.72
   31       5           42.8299         163.3958             0.0061                  2.68                 2.60                  5.27        0.0040            7.91
   32       5           42.8299         163.3958             0.0061                  2.68                 2.60                  5.27        0.0040            7.71
   33       5           42.8768         290.1757             0.0034                  2.06                 2.11                  4.17        0.0070            7.87
   34       5           42.8768         290.1757             0.0034                  2.06                 2.11                  4.17        0.0070            7.72
   35       5           42.8347         290.1009             0.0034                  2.06                 2.51                  4.57        0.0070            7.73
   36       5           42.8347         290.1009             0.0034                  2.06                 2.51                  4.57        0.0070            7.72
   37       5           42.8440         163.4509             0.0061                  1.50                 1.93                  3.43        0.0040            7.72
   38       5           42.8440         163.4509             0.0061                  1.50                 1.93                  3.43        0.0040            7.71
   39       5           42.8123         163.3430             0.0061                  2.68                 2.60                  5.28        0.0040            7.87
   40       5           42.8123         163.3430             0.0061                  2.68                 2.60                  5.28        0.0040            7.71
   41       5           42.8269         163.3643             0.0061                  2.68                 3.01                  5.69        0.0040            7.72
   42       6           42.8536         290.1378             0.0034                  2.06                 2.67                  4.73        0.0070            7.73
   43       6           42.8301         163.4224             0.0061                  1.50                 2.08                  3.59        0.0040            7.70
   44       6           42.8390         163.3958             0.0061                  2.68                 2.76                  5.43        0.0040            7.87
   45       6           42.8390         163.3958             0.0061                  2.68                 2.76                  5.43        0.0040            7.72
   46       6           42.7917         163.2932             0.0061                  2.68                 3.16                  5.83        0.0040            7.71
   47       6           42.7917         163.2932             0.0061                  2.68                 3.16                  5.83        0.0040            7.72
   48       7           42.8277         163.3646             0.0061                  2.68                 3.32                  6.00        0.0040            7.72

Summary Statistics:
------------------------------------------------------------------------------------------------------------------------
        Comp     Groups  Wall Time/Evt (s)  CPU Time/Evt (s)  Throughput (evt/s)  Write Remote (MB/evt)  Read Remote (MB/evt)  Net Transfer (MB/evt)  CPU Cores/Evt  Memory/Evt (MB)
count  48.00  48.000000          48.000000         48.000000           48.000000              48.000000             48.000000              48.000000      48.000000        48.000000
mean   24.50   4.333333          42.887485        234.174185            0.004702               1.782451              1.846900               3.629351       0.005674         7.776133
std    14.00   1.117241           0.062841         72.176824            0.001433               0.668887              0.760783               1.402698       0.001744         0.085689
min     1.00   2.000000          42.791684        163.293154            0.003103               0.888672              0.561867               1.450539       0.003963         7.704800
25%    12.75   4.000000          42.834721        163.416921            0.003376               1.350435              1.282854               2.620595       0.003966         7.715900
50%    24.50   4.000000          42.878172        227.011315            0.004774               1.782451              1.928903               3.723570       0.005501         7.721000
75%    36.25   5.000000          42.923205        296.611687            0.006119               2.214468              2.510365               4.826760       0.007193         7.871900
max    48.00   7.000000          43.020483        322.267005            0.006124               2.676230              3.320008               5.996239       0.007788         7.921600
