Workflow Construction Summary Table
========================================================================================================================

 Comp  Groups Wall Time/Evt (s) CPU Time/Evt (s) Throughput (evt/s) Write Remote (MB/evt) Read Remote (MB/evt) Net Transfer (MB/evt) CPU Cores/Evt Memory/Evt (MB)
    1       1            9.5027          66.6595             0.0150                  0.45                 0.00                  0.45        0.0101           10.14
    2       2            9.4267          66.1211             0.0151                  0.45                 0.07                  0.52        0.0101           10.14
    3       2            9.3499          65.5885             0.0152                  0.45                 0.44                  0.89        0.0101           10.15
    4       2            9.3008          65.2384             0.0153                  2.53                 2.43                  4.96        0.0101           10.15
    5       2            9.3124          65.3143             0.0153                  1.23                 0.91                  2.14        0.0102           10.15
    6       3            9.3454          65.5575             0.0153                  0.45                 0.51                  0.96        0.0102           10.16
    7       3            9.2797          65.0915             0.0154                  2.53                 2.51                  5.04        0.0102           10.16
    8       3            9.2684          65.0205             0.0154                  1.23                 0.98                  2.21        0.0102           10.15
    9       3            9.2465          64.8726             0.0154                  2.53                 2.85                  5.38        0.0101           10.13
   10       3            9.2279          64.7414             0.0154                  1.23                 1.35                  2.58        0.0101           10.14
   11       3            9.2369          64.8141             0.0154                  3.31                 3.34                  6.65        0.0101           10.14
   12       4            9.2497          64.8837             0.0154                  2.53                 2.95                  5.47        0.0102           10.15
   13       4            9.2211          64.6836             0.0155                  1.23                 1.41                  2.64        0.0101           10.14
   14       4            9.2282          64.7294             0.0154                  3.31                 3.42                  6.74        0.0102           10.16
   15       4            9.1902          64.4681             0.0155                  3.31                 3.76                  7.07        0.0101           10.14
   16       5            9.1985          64.5168             0.0155                  3.31                 3.85                  7.16        0.0102           10.16

Summary Statistics:
------------------------------------------------------------------------------------------------------------------------
            Comp     Groups  Wall Time/Evt (s)  CPU Time/Evt (s)  Throughput (evt/s)  Write Remote (MB/evt)  Read Remote (MB/evt)  Net Transfer (MB/evt)  CPU Cores/Evt  Memory/Evt (MB)
count  16.000000  16.000000          16.000000         16.000000           16.000000              16.000000             16.000000              16.000000      16.000000        16.000000
mean    8.500000   3.000000           9.286562         65.143806            0.015352               1.878511              1.924507               3.803019       0.010149        10.148700
std     4.760952   1.032796           0.085111          0.595682            0.000139               1.148568              1.358147               2.497842       0.000008         0.007761
min     1.000000   1.000000           9.190201         64.468084            0.015002               0.447626              0.000000               0.447626       0.010134        10.134400
25%     4.750000   2.000000           9.228135         64.738404            0.015296               1.030820              0.811590               1.843963       0.010144        10.144000
50%     8.500000   3.000000           9.259049         64.952072            0.015396               1.877629              1.922717               3.800644       0.010147        10.147200
75%    12.250000   4.000000           9.320632         65.375091            0.015447               2.725295              3.044142               5.768345       0.010154        10.154400
max    16.000000   5.000000           9.502680         66.659505            0.015512               3.313644              3.847977               7.155255       0.010163        10.163200
