Workflow Construction Summary Table
========================================================================================================================

 Comp  Groups Wall Time/Evt (s) CPU Time/Evt (s) Throughput (evt/s) Write Remote (MB/evt) Read Remote (MB/evt) Net Transfer (MB/evt) CPU Cores/Evt Memory/Evt (MB)
    1       1            7.2366          56.6441             0.0177                  0.45                 0.00                  0.45        0.0007            0.67
    2       2            7.2315          56.4042             0.0177                  0.45                 0.06                  0.51        0.0007            0.67
    3       2            7.2267          54.8932             0.0182                  0.45                 0.39                  0.84        0.0006            0.65
    4       2            7.2101          48.3027             0.0207                  2.54                 2.13                  4.67        0.0006            0.61
    5       2            7.2250          43.8362             0.0228                  1.23                 0.80                  2.03        0.0005            0.44
    6       3            7.2265          54.1737             0.0185                  0.45                 0.46                  0.91        0.0006            0.65
    7       3            7.2087          48.2970             0.0207                  2.54                 2.20                  4.74        0.0006            0.61
    8       3            7.2227          43.8274             0.0228                  1.23                 0.86                  2.09        0.0005            0.44
    9       3            7.2093          48.2969             0.0207                  2.54                 2.52                  5.06        0.0006            0.59
   10       3            7.2209          43.8202             0.0228                  1.23                 1.18                  2.41        0.0005            0.42
   11       3            7.2254          43.8380             0.0228                  3.32                 2.94                  6.26        0.0005            0.43
   12       4            7.2077          47.5744             0.0210                  2.54                 2.58                  5.12        0.0006            0.60
   13       4            7.2206          43.1179             0.0232                  1.23                 1.24                  2.47        0.0005            0.43
   14       4            7.2240          43.8326             0.0228                  3.32                 3.00                  6.32        0.0005            0.43
   15       4            7.2151          43.8131             0.0228                  3.32                 3.32                  6.64        0.0005            0.41
   16       5            7.2057          43.0752             0.0232                  3.32                 3.38                  6.70        0.0005            0.41

Summary Statistics:
------------------------------------------------------------------------------------------------------------------------
            Comp     Groups  Wall Time/Evt (s)  CPU Time/Evt (s)  Throughput (evt/s)  Write Remote (MB/evt)  Read Remote (MB/evt)  Net Transfer (MB/evt)  CPU Cores/Evt  Memory/Evt (MB)
count  16.000000  16.000000          16.000000         16.000000           16.000000              16.000000             16.000000              16.000000      16.000000        16.000000
mean    8.500000   3.000000           7.219778         47.734160            0.021156               1.884766              1.692210               3.576976       0.000566         0.527700
std     4.760952   1.032796           0.009289          5.051915            0.002089               1.152134              1.193467               2.337187       0.000059         0.108967
min     1.000000   1.000000           7.205678         43.075177            0.017654               0.449219              0.000000               0.449219       0.000511         0.408000
25%     4.750000   2.000000           7.209914         43.825569            0.020142               1.035156              0.713927               1.749084       0.000520         0.425500
50%     8.500000   3.000000           7.221790         45.706187            0.021915               1.884766              1.687843               3.572609       0.000543         0.517400
75%    12.250000   4.000000           7.225684         49.770433            0.022818               2.734375              2.672173               5.406548       0.000591         0.620800
max    16.000000   5.000000           7.236571         56.644081            0.023215               3.320312              3.377241               6.697554       0.000669         0.668800
