Workflow Construction Summary Table
========================================================================================================================

 Comp  Groups Wall Time/Evt (s) CPU Time/Evt (s) Throughput (evt/s) Write Remote (MB/evt) Read Remote (MB/evt) Net Transfer (MB/evt) CPU Cores/Evt Memory/Evt (MB)
    1       1            8.9393          67.9710             0.0147                  0.45                 0.00                  0.45        0.0342           34.15
    2       2            8.6771          65.9779             0.0152                  0.45                 0.07                  0.52        0.0341           34.14
    3       2            8.4120          63.9607             0.0156                  0.45                 0.39                  0.84        0.0341           34.15
    4       2            8.2437          62.6773             0.0160                  2.54                 2.21                  4.75        0.0341           34.06
    5       2            8.2593          62.7947             0.0159                  1.23                 0.82                  2.06        0.0341           34.08
    6       3            8.3973          63.8502             0.0157                  0.45                 0.46                  0.91        0.0342           34.15
    7       3            8.1672          62.0965             0.0161                  2.54                 2.27                  4.81        0.0341           34.07
    8       3            8.1400          61.8891             0.0162                  1.23                 0.89                  2.12        0.0341           34.08
    9       3            8.1112          61.6750             0.0162                  2.54                 2.61                  5.15        0.0341           34.07
   10       3            8.0305          61.0568             0.0164                  1.23                 1.22                  2.45        0.0341           34.09
   11       3            8.0652          61.3176             0.0163                  3.32                 3.03                  6.35        0.0341           34.08
   12       4            8.0959          61.5576             0.0162                  2.54                 2.68                  5.22        0.0341           34.07
   13       4            8.0161          60.9472             0.0164                  1.23                 1.29                  2.52        0.0341           34.10
   14       4            7.9880          60.7328             0.0165                  3.32                 3.10                  6.42        0.0341           34.08
   15       4            7.9302          60.2933             0.0166                  3.32                 3.43                  6.75        0.0341           34.08
   16       5            7.9157          60.1836             0.0166                  3.32                 3.50                  6.82        0.0341           34.08

Summary Statistics:
------------------------------------------------------------------------------------------------------------------------
            Comp     Groups  Wall Time/Evt (s)  CPU Time/Evt (s)  Throughput (evt/s)  Write Remote (MB/evt)  Read Remote (MB/evt)  Net Transfer (MB/evt)  CPU Cores/Evt  Memory/Evt (MB)
count  16.000000  16.000000          16.000000         16.000000           16.000000              16.000000             16.000000              16.000000      16.000000        16.000000
mean    8.500000   3.000000           8.211785         62.436333            0.016033               1.884569              1.749571               3.634140       0.034097        34.096600
std     4.760952   1.032796           0.278559          2.119628            0.000522               1.152016              1.235863               2.379297       0.000032         0.032074
min     1.000000   1.000000           7.915693         60.183617            0.014712               0.449177              0.000000               0.449195       0.034062        34.062400
25%     4.750000   2.000000           8.026907         61.029419            0.015859               1.034962              0.734270               1.769232       0.034076        34.076000
50%     8.500000   3.000000           8.125572         61.782049            0.016186               1.884450              1.748941               3.633432       0.034083        34.083200
75%    12.250000   4.000000           8.293792         63.058603            0.016386               2.734186              2.768313               5.502524       0.034109        34.109200
max    16.000000   5.000000           8.939253         67.970957            0.016616               3.320312              3.497011               6.816565       0.034152        34.152000
