Workflow Construction Summary Table
========================================================================================================================

 Comp  Groups Wall Time/Evt (s) CPU Time/Evt (s) Throughput (evt/s) Write Remote (MB/evt) Read Remote (MB/evt) Net Transfer (MB/evt) CPU Cores/Evt Memory/Evt (MB)
    1       1            7.2731          57.8611             0.0173                  0.45                 0.00                  0.45        0.0078            7.76
    2       2            7.2143          57.3931             0.0174                  0.45                 0.06                  0.51        0.0078            7.76
    3       2            7.1573          56.9393             0.0176                  0.45                 0.38                  0.83        0.0078            7.76
    4       2            7.1578          56.9432             0.0176                  2.54                 2.10                  4.64        0.0078            7.76
    5       2            7.1347          56.7596             0.0176                  1.23                 0.79                  2.02        0.0078            7.76
    6       3            7.1546          56.9176             0.0176                  0.45                 0.44                  0.89        0.0078            7.76
    7       3            7.1412          56.8111             0.0176                  2.54                 2.17                  4.70        0.0078            7.76
    8       3            7.1084          56.5502             0.0177                  1.23                 0.85                  2.08        0.0078            7.76
    9       3            7.1313          56.7323             0.0176                  2.54                 2.48                  5.02        0.0078            7.76
   10       3            7.0862          56.3739             0.0177                  1.23                 1.16                  2.39        0.0078            7.76
   11       3            7.1323          56.7405             0.0176                  3.32                 2.89                  6.21        0.0078            7.76
   12       4            7.1285          56.7106             0.0176                  2.54                 2.54                  5.08        0.0078            7.76
   13       4            7.0835          56.3522             0.0177                  1.23                 1.23                  2.46        0.0078            7.76
   14       4            7.1157          56.6081             0.0177                  3.32                 2.95                  6.27        0.0078            7.76
   15       4            7.1057          56.5293             0.0177                  3.32                 3.27                  6.59        0.0078            7.76
   16       5            7.1030          56.5076             0.0177                  3.32                 3.33                  6.65        0.0078            7.76

Summary Statistics:
------------------------------------------------------------------------------------------------------------------------
            Comp     Groups  Wall Time/Evt (s)  CPU Time/Evt (s)  Throughput (evt/s)  Write Remote (MB/evt)  Read Remote (MB/evt)  Net Transfer (MB/evt)  CPU Cores/Evt  Memory/Evt (MB)
count  16.000000  16.000000          16.000000         16.000000           16.000000              16.000000             16.000000              16.000000      16.000000        16.000000
mean    8.500000   3.000000           7.139225         56.795617            0.017608               1.884766              1.664557               3.549323       0.007759         7.759300
std     4.760952   1.032796           0.048017          0.382021            0.000117               1.152134              1.176056               2.319883       0.000002         0.002021
min     1.000000   1.000000           7.083487         56.352202            0.017283               0.449219              0.000000               0.449219       0.007757         7.756800
25%     4.750000   2.000000           7.107725         56.544990            0.017568               1.035156              0.699396               1.734552       0.007758         7.758000
50%     8.500000   3.000000           7.131785         56.736410            0.017625               1.884766              1.664178               3.548944       0.007759         7.759200
75%    12.250000   4.000000           7.155231         56.923060            0.017685               2.734375              2.630066               5.364441       0.007760         7.760400
max    16.000000   5.000000           7.273147         57.861117            0.017746               3.320312              3.330029               6.650341       0.007763         7.763200
