Workflow Construction Summary Table
========================================================================================================================

 Comp  Groups Wall Time/Evt (s) CPU Time/Evt (s) Throughput (evt/s) Write Remote (MB/evt) Read Remote (MB/evt) Net Transfer (MB/evt) CPU Cores/Evt Memory/Evt (MB)
    1       2           39.1716        2415.5555             0.0004                  0.89                 0.54                  1.43        0.0280           28.11
    2       2           39.1716        2415.5555             0.0004                  0.89                 0.54                  1.43        0.0280           28.11
    3       3           39.1709        2415.1714             0.0004                  0.89                 0.68                  1.57        0.0280           28.10
    4       3           39.1709        2415.1714             0.0004                  0.89                 0.68                  1.57        0.0280           28.10
    5       3           39.1450        2394.3886             0.0004                  0.89                 0.69                  1.58        0.0278           27.89
    6       3           39.1450        2394.3886             0.0004                  0.89                 0.69                  1.58        0.0278           27.89
    7       3           39.1466        2411.6850             0.0004                  1.50                 1.16                  2.66        0.0280           28.07
    8       3           39.1466        2411.6850             0.0004                  1.50                 1.16                  2.66        0.0280           28.07
    9       3           39.0843        2332.4169             0.0004                  0.89                 1.08                  1.97        0.0271           27.25
   10       3           39.0833         718.0818             0.0014                  2.06                 1.72                  3.78        0.0083           11.25
   11       3           39.0833         718.0818             0.0014                  2.06                 1.72                  3.78        0.0083           11.25
   12       4           39.1443        2394.0042             0.0004                  0.89                 0.83                  1.72        0.0278           27.87
   13       4           39.1443        2394.0042             0.0004                  0.89                 0.83                  1.72        0.0278           27.87
   14       4           39.1459        2411.3006             0.0004                  1.50                 1.30                  2.81        0.0280           28.06
   15       4           39.1459        2411.3006             0.0004                  1.50                 1.30                  2.81        0.0280           28.06
   16       4           39.1008        2331.5213             0.0004                  0.89                 1.23                  2.12        0.0271           27.23
   17       4           39.1008        2331.5213             0.0004                  0.89                 1.23                  2.12        0.0271           27.23
   18       4           39.1202        2390.5335             0.0004                  1.50                 1.31                  2.81        0.0278           27.85
   19       4           39.1202        2390.5335             0.0004                  1.50                 1.31                  2.81        0.0278           27.85
   20       4           39.0826         717.1776             0.0014                  2.06                 1.87                  3.93        0.0083           11.22
   21       4           39.0635         597.2802             0.0017                  2.68                 2.34                  5.01        0.0069           11.24
   22       4           39.0826         717.1776             0.0014                  2.06                 1.87                  3.93        0.0083           11.22
   23       4           39.0635         597.2802             0.0017                  2.68                 2.34                  5.01        0.0069           11.24
   24       4           39.0781         698.8274             0.0014                  2.06                 1.87                  3.93        0.0081           11.04
   25       4           39.0781         698.8274             0.0014                  2.06                 1.87                  3.93        0.0081           11.04
   26       4           39.0573         638.2982             0.0016                  2.06                 2.26                  4.32        0.0074           10.43
   27       4           39.0603        2328.6107             0.0004                  1.50                 1.70                  3.20        0.0270           27.23
   28       5           39.1001        2330.6171             0.0004                  0.89                 1.38                  2.27        0.0270           27.20
   29       5           39.1195        2390.1488             0.0004                  1.50                 1.45                  2.96        0.0278           27.84
   30       5           39.1195        2390.1488             0.0004                  1.50                 1.45                  2.96        0.0278           27.84
   31       5           39.0628         596.3760             0.0017                  2.68                 2.49                  5.16        0.0069           11.22
   32       5           39.0628         596.3760             0.0017                  2.68                 2.49                  5.16        0.0069           11.22
   33       5           39.0774         697.9232             0.0014                  2.06                 2.01                  4.07        0.0081           11.01
   34       5           39.0774         697.9232             0.0014                  2.06                 2.01                  4.07        0.0081           11.01
   35       5           39.0565         637.3940             0.0016                  2.06                 2.41                  4.47        0.0074           10.40
   36       5           39.0565         637.3940             0.0016                  2.06                 2.41                  4.47        0.0074           10.40
   37       5           39.0769        2328.2604             0.0004                  1.50                 1.85                  3.35        0.0271           27.22
   38       5           39.0769        2328.2604             0.0004                  1.50                 1.85                  3.35        0.0271           27.22
   39       5           39.0584         578.0258             0.0017                  2.68                 2.48                  5.16        0.0067           11.03
   40       5           39.0584         578.0258             0.0017                  2.68                 2.48                  5.16        0.0067           11.03
   41       5           39.0375         517.4966             0.0019                  2.68                 2.88                  5.55        0.0060           10.43
   42       6           39.0730         636.4984             0.0016                  2.06                 2.56                  4.62        0.0074           10.38
   43       6           39.0761        2326.8110             0.0004                  1.50                 2.00                  3.50        0.0270           27.18
   44       6           39.0576         577.1216             0.0017                  2.68                 2.63                  5.31        0.0067           11.01
   45       6           39.0576         577.1216             0.0017                  2.68                 2.63                  5.31        0.0067           11.01
   46       6           39.0367         516.5924             0.0019                  2.68                 3.02                  5.70        0.0060           10.40
   47       6           39.0367         516.5924             0.0019                  2.68                 3.02                  5.70        0.0060           10.40
   48       7           39.0532         515.6968             0.0019                  2.68                 3.18                  5.85        0.0060           10.37

Summary Statistics:
------------------------------------------------------------------------------------------------------------------------
        Comp     Groups  Wall Time/Evt (s)  CPU Time/Evt (s)  Throughput (evt/s)  Write Remote (MB/evt)  Read Remote (MB/evt)  Net Transfer (MB/evt)  CPU Cores/Evt  Memory/Evt (MB)
count  48.00  48.000000          48.000000         48.000000           48.000000              48.000000             48.000000              48.000000      48.000000        48.000000
mean   24.50   4.333333          39.094570       1501.274677            0.001022               1.782451              1.767019               3.549470       0.017438        19.303333
std    14.00   1.117241           0.040368        888.241785            0.000622               0.668887              0.727791               1.369806       0.010299         8.514995
min     1.00   2.000000          39.036697        515.696823            0.000414               0.888672              0.540679               1.429351       0.006016        10.372200
25%    12.75   4.000000          39.062154        626.693863            0.000418               1.350435              1.233132               2.565231       0.007300        11.027850
50%    24.50   4.000000          39.080355       1522.446399            0.000911               1.782451              1.847552               3.641785       0.017687        19.211900
75%    36.25   5.000000          39.126261       2391.401145            0.001597               2.214468              2.405851               4.717189       0.027768        27.856150
max    48.00   7.000000          39.171627       2415.555484            0.001939               2.676230              3.176146               5.852376       0.028020        28.109200
