Workflow Construction Summary Table
========================================================================================================================

 Comp  Groups Wall Time/Evt (s) CPU Time/Evt (s) Throughput (evt/s) Write Remote (MB/evt) Read Remote (MB/evt) Net Transfer (MB/evt) CPU Cores/Evt Memory/Evt (MB)
    1       1            6.9285          55.4279             0.0180                  0.45                 0.00                  0.45        0.0006            0.64
    2       2            6.9242          55.1907             0.0181                  0.45                 0.06                  0.51        0.0006            0.64
    3       2            6.9224          53.7589             0.0186                  0.45                 0.38                  0.83        0.0006            0.62
    4       2            6.9573          47.5400             0.0210                  2.54                 2.09                  4.63        0.0005            0.58
    5       2            6.9314          42.9674             0.0233                  1.23                 0.78                  2.01        0.0005            0.42
    6       3            6.9227          53.0510             0.0188                  0.45                 0.44                  0.89        0.0006            0.62
    7       3            6.9565          47.5368             0.0210                  2.54                 2.15                  4.69        0.0005            0.58
    8       3            6.9298          42.9610             0.0233                  1.23                 0.84                  2.08        0.0005            0.42
    9       3            6.9586          47.5451             0.0210                  2.54                 2.47                  5.00        0.0005            0.57
   10       3            6.9309          42.9653             0.0233                  1.23                 1.16                  2.39        0.0005            0.40
   11       3            6.9695          43.1198             0.0232                  3.32                 2.87                  6.19        0.0005            0.41
   12       4            6.9589          46.8372             0.0214                  2.54                 2.53                  5.07        0.0005            0.57
   13       4            6.9312          42.2573             0.0237                  1.23                 1.22                  2.45        0.0005            0.40
   14       4            6.9687          43.1166             0.0232                  3.32                 2.93                  6.25        0.0005            0.40
   15       4            6.9708          43.1249             0.0232                  3.32                 3.25                  6.57        0.0005            0.39
   16       5            6.9711          42.4170             0.0236                  3.32                 3.31                  6.63        0.0005            0.39

Summary Statistics:
------------------------------------------------------------------------------------------------------------------------
            Comp     Groups  Wall Time/Evt (s)  CPU Time/Evt (s)  Throughput (evt/s)  Write Remote (MB/evt)  Read Remote (MB/evt)  Net Transfer (MB/evt)  CPU Cores/Evt  Memory/Evt (MB)
count  16.000000  16.000000          16.000000         16.000000           16.000000              16.000000             16.000000              16.000000      16.000000         16.00000
mean    8.500000   3.000000           6.945778         46.863560            0.021544               1.884766              1.655273               3.540039       0.000541          0.50320
std     4.760952   1.032796           0.019451          4.888932            0.002105               1.152134              1.168838               2.312666       0.000057          0.10478
min     1.000000   1.000000           6.922400         42.257348            0.018041               0.449219              0.000000               0.449219       0.000488          0.38960
25%     4.750000   2.000000           6.929473         42.966863            0.020487               1.035156              0.695801               1.730957       0.000496          0.40420
50%     8.500000   3.000000           6.943943         44.981042            0.022270               1.884766              1.655273               3.540039       0.000518          0.49280
75%    12.250000   4.000000           6.961354         48.921569            0.023274               2.734375              2.614746               5.349121       0.000565          0.59300
max    16.000000   5.000000           6.971121         55.427937            0.023665               3.320312              3.310547               6.630859       0.000640          0.64000
