Workflow Construction Summary Table
========================================================================================================================

 Comp  Groups Wall Time/Evt (s) CPU Time/Evt (s) Throughput (evt/s) Write Remote (MB/evt) Read Remote (MB/evt) Net Transfer (MB/evt) CPU Cores/Evt Memory/Evt (MB)
    1       1            8.0990         518.3374             0.0019                  0.45                 0.00                  0.45        0.2462          246.21
    2       2            7.8690         500.0776             0.0020                  0.45                 0.06                  0.51        0.2444          244.51
    3       2            7.6616         462.0415             0.0022                  0.45                 0.38                  0.83        0.2328          234.17
    4       2            7.6421         236.7760             0.0042                  1.23                 0.78                  2.01        0.1125          114.63
    5       2            7.8901         200.5481             0.0050                  2.54                 2.09                  4.63        0.0930          114.77
    6       3            7.6546         462.0133             0.0022                  0.45                 0.44                  0.89        0.2328          234.11
    7       3            7.5412         226.7799             0.0044                  1.23                 0.84                  2.08        0.1107          112.93
    8       3            7.8280         193.0365             0.0052                  2.54                 2.15                  4.69        0.0913          113.20
    9       3            7.4727         197.6334             0.0051                  1.23                 1.16                  2.39        0.0991          102.59
   10       3            7.8076         166.9696             0.0060                  2.54                 2.47                  5.00        0.0796          102.73
   11       3            7.8829         172.4559             0.0058                  3.32                 2.87                  6.19        0.0782           85.19
   12       4            7.4656         197.6052             0.0051                  1.23                 1.22                  2.45        0.0991          102.53
   13       4            7.8006         166.9415             0.0060                  2.54                 2.53                  5.07        0.0796          102.67
   14       4            7.8209         164.9443             0.0061                  3.32                 2.93                  6.25        0.0765           83.62
   15       4            7.8005         138.8774             0.0072                  3.32                 3.25                  6.57        0.0648           73.15
   16       5            7.7934         138.8493             0.0072                  3.32                 3.31                  6.63        0.0648           73.09

Summary Statistics:
------------------------------------------------------------------------------------------------------------------------
            Comp     Groups  Wall Time/Evt (s)  CPU Time/Evt (s)  Throughput (evt/s)  Write Remote (MB/evt)  Read Remote (MB/evt)  Net Transfer (MB/evt)  CPU Cores/Evt  Memory/Evt (MB)
count  16.000000  16.000000          16.000000         16.000000           16.000000              16.000000             16.000000              16.000000      16.000000        16.000000
mean    8.500000   3.000000           7.751854        258.992936            0.004714               1.884766              1.655273               3.540039       0.125341       133.756000
std     4.760952   1.032796           0.168239        138.274109            0.001782               1.152134              1.168838               2.312666       0.069271        64.678176
min     1.000000   1.000000           7.465637        138.849268            0.001929               0.449219              0.000000               0.449219       0.064799        73.092000
25%     4.750000   2.000000           7.651443        166.962580            0.003709               1.035156              0.695801               1.730957       0.079236        98.196500
50%     8.500000   3.000000           7.800507        197.619298            0.005060               1.884766              1.655273               3.540039       0.096051       107.830000
75%    12.250000   4.000000           7.838256        293.085351            0.005989               2.734375              2.614746               5.349121       0.142593       144.603500
max    16.000000   5.000000           8.099022        518.337400            0.007202               3.320312              3.310547               6.630859       0.246208       246.208000
