Workflow Construction Summary Table
========================================================================================================================

 Comp  Groups Wall Time/Evt (s) CPU Time/Evt (s) Throughput (evt/s) Write Remote (MB/evt) Read Remote (MB/evt) Net Transfer (MB/evt) CPU Cores/Evt Memory/Evt (MB)
    1       1            9.4764         525.1584             0.0019                  0.45                 0.00                  0.45        0.0277           27.71
    2       2            9.4505         520.7311             0.0019                  0.45                 0.08                  0.52        0.0276           27.58
    3       2            9.4283         494.7769             0.0020                  0.45                 0.43                  0.87        0.0263           26.44
    4       2            9.4190         237.9103             0.0042                  1.22                 0.91                  2.13        0.0126           12.84
    5       2            9.4772         197.7079             0.0051                  2.53                 2.41                  4.94        0.0105           12.99
    6       3            9.4346         494.8322             0.0020                  0.45                 0.51                  0.96        0.0262           26.42
    7       3            9.4550         235.7650             0.0042                  1.22                 0.99                  2.21        0.0126           12.90
    8       3            9.4598         193.0916             0.0052                  2.51                 2.47                  4.97        0.0103           12.79
    9       3            9.4419         207.0690             0.0048                  1.23                 1.40                  2.63        0.0110           11.43
   10       3            9.4650         169.7687             0.0059                  2.52                 2.84                  5.36        0.0091           11.72
   11       3            9.5011         166.7042             0.0060                  3.28                 3.34                  6.62        0.0088            9.57
   12       4            9.4631         210.1753             0.0048                  1.23                 1.47                  2.70        0.0113           11.69
   13       4            9.4333         167.7247             0.0060                  2.52                 2.89                  5.40        0.0089           11.55
   14       4            9.4636         162.7955             0.0061                  3.32                 3.40                  6.71        0.0087            9.54
   15       4            9.5038         134.6450             0.0074                  3.27                 3.74                  7.01        0.0072            8.17
   16       5            9.5310         136.3832             0.0073                  3.32                 3.85                  7.17        0.0072            8.27

Summary Statistics:
------------------------------------------------------------------------------------------------------------------------
            Comp     Groups  Wall Time/Evt (s)  CPU Time/Evt (s)  Throughput (evt/s)  Write Remote (MB/evt)  Read Remote (MB/evt)  Net Transfer (MB/evt)  CPU Cores/Evt  Memory/Evt (MB)
count  16.000000  16.000000          16.000000         16.000000           16.000000              16.000000             16.000000              16.000000      16.000000        16.000000
mean    8.500000   3.000000           9.462716        265.952424            0.004681               1.871442              1.919016               3.790457       0.014115        15.101500
std     4.760952   1.032796           0.030151        147.988722            0.001860               1.142939              1.346444               2.480176       0.007819         7.286335
min     1.000000   1.000000           9.418958        134.644953            0.001904               0.445001              0.000000               0.445001       0.007163         8.174000
25%     4.750000   2.000000           9.440066        167.469604            0.003658               1.028854              0.807421               1.836274       0.008855        10.969000
50%     8.500000   3.000000           9.461429        202.388434            0.004944               1.868514              1.939318               3.818933       0.010746        12.254000
75%    12.250000   4.000000           9.476631        302.126922            0.005971               2.715121              3.000676               5.707167       0.016029        16.348500
max    16.000000   5.000000           9.531046        525.158433            0.007427               3.320312              3.850154               7.170466       0.027712        27.712000
