Workflow Construction Summary Table
========================================================================================================================

 Comp  Groups Wall Time/Evt (s) CPU Time/Evt (s) Throughput (evt/s) Write Remote (MB/evt) Read Remote (MB/evt) Net Transfer (MB/evt) CPU Cores/Evt Memory/Evt (MB)
    1       1            9.3405         517.6214             0.0019                  0.45                 0.00                  0.45        0.0277           27.71
    2       2            9.3398         514.6668             0.0019                  0.45                 0.08                  0.52        0.0276           27.58
    3       2            9.3407         490.3903             0.0020                  0.45                 0.43                  0.87        0.0263           26.44
    4       2            9.3811         236.6803             0.0042                  1.23                 0.91                  2.14        0.0127           12.96
    5       2            9.3553         194.1212             0.0052                  2.53                 2.41                  4.94        0.0105           12.99
    6       3            9.3473         490.4467             0.0020                  0.45                 0.51                  0.96        0.0262           26.42
    7       3            9.3944         232.6288             0.0043                  1.23                 0.98                  2.21        0.0125           12.77
    8       3            9.3483         191.5511             0.0052                  2.52                 2.51                  5.03        0.0105           13.00
    9       3            9.3915         204.9951             0.0049                  1.23                 1.38                  2.61        0.0109           11.36
   10       3            9.3513         167.1105             0.0060                  2.52                 2.84                  5.36        0.0091           11.72
   11       3            9.3798         161.6424             0.0062                  3.32                 3.33                  6.64        0.0088            9.59
   12       4            9.3938         206.1933             0.0048                  1.23                 1.44                  2.67        0.0111           11.57
   13       4            9.3208         165.1055             0.0061                  2.52                 2.89                  5.40        0.0089           11.55
   14       4            9.3197         159.1088             0.0063                  3.31                 3.38                  6.69        0.0087            9.52
   15       4            9.3974         133.0222             0.0075                  3.32                 3.77                  7.09        0.0071            8.11
   16       5            9.4103         134.3440             0.0074                  3.32                 3.86                  7.18        0.0072            8.25

Summary Statistics:
------------------------------------------------------------------------------------------------------------------------
            Comp     Groups  Wall Time/Evt (s)  CPU Time/Evt (s)  Throughput (evt/s)  Write Remote (MB/evt)  Read Remote (MB/evt)  Net Transfer (MB/evt)  CPU Cores/Evt  Memory/Evt (MB)
count  16.000000  16.000000          16.000000         16.000000           16.000000              16.000000             16.000000              16.000000      16.000000        16.000000
mean    8.500000   3.000000           9.363261        262.476781            0.004753               1.878202              1.919153               3.797355       0.014113        15.095625
std     4.760952   1.032796           0.029026        146.730959            0.001897               1.149614              1.350473               2.490961       0.007821         7.294772
min     1.000000   1.000000           9.319658        133.022215            0.001932               0.445001              0.000000               0.445001       0.007099         8.114000
25%     4.750000   2.000000           9.340675        164.239747            0.003679               1.032184              0.814191               1.846375       0.008857        10.916000
50%     8.500000   3.000000           9.353294        199.558136            0.005015               1.873016              1.926206               3.805822       0.010714        12.241000
75%    12.250000   4.000000           9.392103        300.107781            0.006089               2.724322              2.998544               5.714081       0.016101        16.354500
max    16.000000   5.000000           9.410301        517.621440            0.007518               3.320312              3.855502               7.175814       0.027712        27.712000
