Workflow Construction Summary Table
========================================================================================================================

 Comp  Groups Wall Time/Evt (s) CPU Time/Evt (s) Throughput (evt/s) Write Remote (MB/evt) Read Remote (MB/evt) Net Transfer (MB/evt) CPU Cores/Evt Memory/Evt (MB)
    1       2           39.8289        2457.2283             0.0004                  0.89                 0.54                  1.43        0.1682          168.78
    2       2           39.8289        2457.2283             0.0004                  0.89                 0.54                  1.43        0.1682          168.78
    3       3           39.8249        2456.2989             0.0004                  0.89                 0.69                  1.58        0.1682          168.61
    4       3           39.8249        2456.2989             0.0004                  0.89                 0.69                  1.58        0.1682          168.61
    5       3           39.6694        2427.9756             0.0004                  0.89                 0.69                  1.58        0.1670          167.53
    6       3           39.6694        2427.9756             0.0004                  0.89                 0.69                  1.58        0.1670          167.53
    7       3           39.6830        2445.3249             0.0004                  1.50                 1.16                  2.66        0.1678          168.35
    8       3           39.6830        2445.3249             0.0004                  1.50                 1.16                  2.66        0.1678          168.35
    9       3           39.5142        2357.7443             0.0004                  0.89                 1.08                  1.97        0.1627          163.81
   10       3           39.4083         724.8966             0.0014                  2.06                 1.72                  3.78        0.0499           67.37
   11       3           39.4083         724.8966             0.0014                  2.06                 1.72                  3.78        0.0499           67.37
   12       4           39.6653        2427.0461             0.0004                  0.89                 0.83                  1.72        0.1669          167.36
   13       4           39.6653        2427.0461             0.0004                  0.89                 0.83                  1.72        0.1669          167.36
   14       4           39.6790        2444.3955             0.0004                  1.50                 1.31                  2.81        0.1678          168.18
   15       4           39.6790        2444.3955             0.0004                  1.50                 1.31                  2.81        0.1678          168.18
   16       4           39.5101        2356.7230             0.0004                  0.89                 1.23                  2.12        0.1626          163.62
   17       4           39.5101        2356.7230             0.0004                  0.89                 1.23                  2.12        0.1626          163.62
   18       4           39.5280        2416.2711             0.0004                  1.50                 1.31                  2.81        0.1666          167.13
   19       4           39.5280        2416.2711             0.0004                  1.50                 1.31                  2.81        0.1666          167.13
   20       4           39.4072         723.9731             0.0014                  2.06                 1.86                  3.92        0.0499           67.20
   21       4           39.2942         602.7975             0.0017                  2.68                 2.33                  5.01        0.0415           67.31
   22       4           39.4072         723.9731             0.0014                  2.06                 1.86                  3.92        0.0499           67.20
   23       4           39.2942         602.7975             0.0017                  2.68                 2.33                  5.01        0.0415           67.31
   24       4           39.3778         703.8648             0.0014                  2.06                 1.86                  3.92        0.0486           66.07
   25       4           39.3778         703.8648             0.0014                  2.06                 1.86                  3.92        0.0486           66.07
   26       4           39.3607         642.5058             0.0016                  2.06                 2.26                  4.32        0.0445           62.46
   27       4           39.3746        2346.2460             0.0004                  1.50                 1.70                  3.20        0.1623          163.40
   28       5           39.5061        2355.7936             0.0004                  0.89                 1.37                  2.26        0.1626          163.45
   29       5           39.5211        2415.2484             0.0004                  1.50                 1.45                  2.96        0.1665          166.94
   30       5           39.5211        2415.2484             0.0004                  1.50                 1.45                  2.96        0.1665          166.94
   31       5           39.2931         601.8740             0.0017                  2.68                 2.48                  5.16        0.0415           67.14
   32       5           39.2931         601.8740             0.0017                  2.68                 2.48                  5.16        0.0415           67.14
   33       5           39.3738         702.9354             0.0014                  2.06                 2.01                  4.07        0.0486           65.90
   34       5           39.3738         702.9354             0.0014                  2.06                 2.01                  4.07        0.0486           65.90
   35       5           39.3568         641.5765             0.0016                  2.06                 2.40                  4.46        0.0444           62.30
   36       5           39.3568         641.5765             0.0016                  2.06                 2.40                  4.46        0.0444           62.30
   37       5           39.3706        2345.3165             0.0004                  1.50                 1.85                  3.35        0.1623          163.23
   38       5           39.3706        2345.3165             0.0004                  1.50                 1.85                  3.35        0.1623          163.23
   39       5           39.2638         581.7672             0.0017                  2.68                 2.48                  5.16        0.0402           66.02
   40       5           39.2638         581.7672             0.0017                  2.68                 2.48                  5.16        0.0402           66.02
   41       5           39.2438         520.1523             0.0019                  2.68                 2.87                  5.55        0.0360           62.38
   42       6           39.3528         640.6472             0.0016                  2.06                 2.55                  4.61        0.0444           62.13
   43       6           39.3666        2344.3871             0.0004                  1.50                 1.99                  3.50        0.1622          163.07
   44       6           39.2598         580.8379             0.0017                  2.68                 2.63                  5.31        0.0401           65.85
   45       6           39.2598         580.8379             0.0017                  2.68                 2.63                  5.31        0.0401           65.85
   46       6           39.2369         519.2171             0.0019                  2.68                 3.02                  5.70        0.0360           62.21
   47       6           39.2369         519.2171             0.0019                  2.68                 3.02                  5.70        0.0360           62.21
   48       7           39.2359         518.2936             0.0019                  2.68                 3.17                  5.84        0.0359           62.05

Summary Statistics:
------------------------------------------------------------------------------------------------------------------------
        Comp     Groups  Wall Time/Evt (s)  CPU Time/Evt (s)  Throughput (evt/s)  Write Remote (MB/evt)  Read Remote (MB/evt)  Net Transfer (MB/evt)  CPU Cores/Evt  Memory/Evt (MB)
count  48.00  48.000000          48.000000         48.000000           48.000000              48.000000             48.000000              48.000000      48.000000        48.000000
mean   24.50   4.333333          39.459559       1518.268891            0.001013               1.782451              1.764465               3.546916       0.104573       115.768975
std    14.00   1.117241           0.179300        900.889454            0.000619               0.668887              0.726695               1.368870       0.061912        51.194676
min     1.00   2.000000          39.235852        518.293617            0.000407               0.888672              0.540084               1.428756       0.035916        62.048000
25%    12.75   4.000000          39.338134        631.184746            0.000413               1.350435              1.227583               2.563184       0.043655        65.986900
50%    24.50   4.000000          39.392503       1534.641858            0.000903               1.782451              1.845389               3.636858       0.106067       115.216400
75%    36.25   5.000000          39.562333       2418.964877            0.001585               2.214468              2.403357               4.711207       0.166649       167.183700
max    48.00   7.000000          39.828933       2457.228324            0.001929               2.676230              3.168666               5.844897       0.168226       168.777200
