Workflow Construction Summary Table
========================================================================================================================

 Comp  Groups Wall Time/Evt (s) CPU Time/Evt (s) Throughput (evt/s) Write Remote (MB/evt) Read Remote (MB/evt) Net Transfer (MB/evt) CPU Cores/Evt Memory/Evt (MB)
    1       2           40.6939         159.1946             0.0063                  0.89                 0.55                  1.44        0.0037            7.50
    2       2           40.6939         159.1946             0.0063                  0.89                 0.55                  1.44        0.0037            7.50
    3       3           40.6833         159.1698             0.0063                  0.89                 0.70                  1.59        0.0037            7.50
    4       3           40.6833         159.1698             0.0063                  0.89                 0.70                  1.59        0.0037            7.50
    5       3           40.6305         158.9612             0.0063                  0.89                 0.70                  1.59        0.0037            7.49
    6       3           40.6305         158.9612             0.0063                  0.89                 0.70                  1.59        0.0037            7.49
    7       3           40.6406         158.9839             0.0063                  1.50                 1.18                  2.68        0.0037            7.49
    8       3           40.6406         158.9839             0.0063                  1.50                 1.18                  2.68        0.0037            7.49
    9       3           40.5926         158.7807             0.0063                  0.89                 1.10                  1.99        0.0037            7.50
   10       3           40.5605         158.6368             0.0063                  2.06                 1.75                  3.81        0.0037            7.49
   11       3           40.5605         158.6368             0.0063                  2.06                 1.75                  3.81        0.0037            7.49
   12       4           40.6286         158.9538             0.0063                  0.89                 0.85                  1.74        0.0037            7.50
   13       4           40.6286         158.9538             0.0063                  0.89                 0.85                  1.74        0.0037            7.50
   14       4           40.6474         158.9938             0.0063                  1.50                 1.33                  2.83        0.0037            7.50
   15       4           40.6474         158.9938             0.0063                  1.50                 1.33                  2.83        0.0037            7.50
   16       4           40.5821         158.7561             0.0063                  0.89                 1.25                  2.14        0.0037            7.50
   17       4           40.5821         158.7561             0.0063                  0.89                 1.25                  2.14        0.0037            7.50
   18       4           40.5843         158.7662             0.0063                  1.50                 1.33                  2.84        0.0038            7.50
   19       4           40.5843         158.7662             0.0063                  1.50                 1.33                  2.84        0.0038            7.50
   20       4           40.5587         158.6298             0.0063                  2.06                 1.90                  3.96        0.0038            7.50
   21       4           40.5084         158.4496             0.0063                  2.68                 2.38                  5.06        0.0037            7.50
   22       4           40.5587         158.6298             0.0063                  2.06                 1.90                  3.96        0.0038            7.50
   23       4           40.5084         158.4496             0.0063                  2.68                 2.38                  5.06        0.0037            7.50
   24       4           40.5471         158.5889             0.0063                  2.06                 1.90                  3.96        0.0037            7.50
   25       4           40.5471         158.5889             0.0063                  2.06                 1.90                  3.96        0.0037            7.50
   26       4           40.5325         158.5440             0.0063                  2.06                 2.30                  4.36        0.0037            7.49
   27       4           40.5238         158.5430             0.0063                  1.50                 1.73                  3.23        0.0037            7.49
   28       5           40.5920         158.7724             0.0063                  0.89                 1.40                  2.29        0.0038            7.51
   29       5           40.5906         158.7751             0.0063                  1.50                 1.48                  2.98        0.0038            7.51
   30       5           40.5906         158.7751             0.0063                  1.50                 1.48                  2.98        0.0038            7.51
   31       5           40.5065         158.4423             0.0063                  2.68                 2.53                  5.21        0.0037            7.50
   32       5           40.5065         158.4423             0.0063                  2.68                 2.53                  5.21        0.0037            7.50
   33       5           40.5404         158.5720             0.0063                  2.06                 2.05                  4.11        0.0037            7.50
   34       5           40.5404         158.5720             0.0063                  2.06                 2.05                  4.11        0.0037            7.50
   35       5           40.5133         158.5021             0.0063                  2.06                 2.45                  4.51        0.0037            7.49
   36       5           40.5133         158.5021             0.0063                  2.06                 2.45                  4.51        0.0037            7.49
   37       5           40.5480         158.5878             0.0063                  1.50                 1.88                  3.38        0.0037            7.50
   38       5           40.5480         158.5878             0.0063                  1.50                 1.88                  3.38        0.0037            7.50
   39       5           40.4800         158.3717             0.0063                  2.68                 2.53                  5.20        0.0037            7.49
   40       5           40.4800         158.3717             0.0063                  2.68                 2.53                  5.20        0.0037            7.49
   41       5           40.4719         158.3399             0.0063                  2.68                 2.93                  5.60        0.0038            7.50
   42       6           40.5083         158.4886             0.0063                  2.06                 2.60                  4.66        0.0037            7.50
   43       6           40.5375         158.5634             0.0063                  1.50                 2.03                  3.53        0.0038            7.51
   44       6           40.4694         158.3468             0.0063                  2.68                 2.68                  5.35        0.0037            7.49
   45       6           40.4694         158.3468             0.0063                  2.68                 2.68                  5.35        0.0037            7.49
   46       6           40.4707         158.3339             0.0063                  2.68                 3.08                  5.75        0.0038            7.51
   47       6           40.4707         158.3339             0.0063                  2.68                 3.08                  5.75        0.0038            7.51
   48       7           40.4614         158.3116             0.0063                  2.68                 3.23                  5.90        0.0038            7.50

Summary Statistics:
------------------------------------------------------------------------------------------------------------------------
        Comp     Groups  Wall Time/Evt (s)  CPU Time/Evt (s)  Throughput (evt/s)  Write Remote (MB/evt)  Read Remote (MB/evt)  Net Transfer (MB/evt)  CPU Cores/Evt  Memory/Evt (MB)
count  48.00  48.000000          48.000000         48.000000           48.000000              48.000000             48.000000              48.000000      48.000000        48.000000
mean   24.50   4.333333          40.562258        158.674489            0.006302               1.782451              1.797899               3.580350       0.003749         7.497633
std    14.00   1.117241           0.065952          0.256805            0.000010               0.668887              0.739811               1.381887       0.000002         0.004956
min     1.00   2.000000          40.461443        158.311643            0.006282               0.888672              0.551388               1.440060       0.003745         7.489600
25%    12.75   4.000000          40.508418        158.478877            0.006296               1.350435              1.248271               2.583703       0.003746         7.492800
50%    24.50   4.000000          40.553329        158.609374            0.006305               1.782451              1.876600               3.670883       0.003748         7.496000
75%    36.25   5.000000          40.601578        158.823958            0.006310               2.214468              2.449369               4.757387       0.003750         7.499600
max    48.00   7.000000          40.693908        159.194564            0.006317               2.676230              3.227041               5.903271       0.003755         7.510400
