Workflow Construction Summary Table
========================================================================================================================

 Comp  Groups Wall Time/Evt (s) CPU Time/Evt (s) Throughput (evt/s) Write Remote (MB/evt) Read Remote (MB/evt) Net Transfer (MB/evt) CPU Cores/Evt Memory/Evt (MB)
    1       1            7.7231          58.7818             0.0170                  0.45                 0.00                  0.45        0.0021            2.12
    2       2            7.7058          58.4325             0.0171                  0.45                 0.07                  0.52        0.0021            2.12
    3       2            7.6907          56.7997             0.0176                  0.45                 0.41                  0.85        0.0021            2.06
    4       2            7.6789          49.8834             0.0200                  2.54                 2.23                  4.76        0.0018            1.94
    5       2            7.6827          45.2916             0.0221                  1.23                 0.82                  2.05        0.0016            1.40
    6       3            7.6899          56.0825             0.0178                  0.45                 0.46                  0.91        0.0020            2.07
    7       3            7.6697          49.8683             0.0201                  2.54                 2.29                  4.83        0.0018            1.93
    8       3            7.6754          45.2637             0.0221                  1.23                 0.89                  2.12        0.0017            1.39
    9       3            7.6765          49.8993             0.0200                  2.54                 2.62                  5.16        0.0018            1.88
   10       3            7.6673          45.2356             0.0221                  1.23                 1.22                  2.45        0.0016            1.33
   11       3            7.6752          45.2629             0.0221                  3.32                 3.03                  6.35        0.0016            1.36
   12       4            7.6757          49.1416             0.0203                  2.54                 2.70                  5.23        0.0018            1.88
   13       4            7.6658          44.4785             0.0225                  1.23                 1.29                  2.52        0.0016            1.34
   14       4            7.6705          45.2450             0.0221                  3.32                 3.10                  6.42        0.0017            1.35
   15       4            7.6641          45.2265             0.0221                  3.32                 3.43                  6.75        0.0017            1.30
   16       5            7.6600          44.4743             0.0225                  3.32                 3.49                  6.81        0.0016            1.30

Summary Statistics:
------------------------------------------------------------------------------------------------------------------------
            Comp     Groups  Wall Time/Evt (s)  CPU Time/Evt (s)  Throughput (evt/s)  Write Remote (MB/evt)  Read Remote (MB/evt)  Net Transfer (MB/evt)  CPU Cores/Evt  Memory/Evt (MB)
count  16.000000  16.000000          16.000000         16.000000           16.000000              16.000000             16.000000              16.000000      16.000000        16.000000
mean    8.500000   3.000000           7.679449         49.335447            0.020475               1.884766              1.753025               3.637791       0.001794         1.672125
std     4.760952   1.032796           0.016376          5.299869            0.002048               1.152134              1.236169               2.379716       0.000188         0.346864
min     1.000000   1.000000           7.659959         44.474344            0.017012               0.449219              0.000000               0.449219       0.001622         1.295400
25%     4.750000   2.000000           7.669099         45.242645            0.019488               1.035156              0.733560               1.768716       0.001649         1.347700
50%     8.500000   3.000000           7.675521         47.216602            0.021214               1.884766              1.756826               3.641592       0.001720         1.637200
75%    12.250000   4.000000           7.684484         51.445113            0.022103               2.734375              2.779600               5.513975       0.001870         1.968900
max    16.000000   5.000000           7.723055         58.781777            0.022485               3.320312              3.492515               6.812828       0.002125         2.124800
