Workflow Construction Summary Table
========================================================================================================================

 Comp  Groups Wall Time/Evt (s) CPU Time/Evt (s) Throughput (evt/s) Write Remote (MB/evt) Read Remote (MB/evt) Net Transfer (MB/evt) CPU Cores/Evt Memory/Evt (MB)
    1       2           53.5644        2910.0168             0.0003                  0.89                 0.62                  1.51        0.4452          446.59
    2       2           53.5644        2910.0168             0.0003                  0.89                 0.62                  1.51        0.4452          446.59
    3       3           53.5489        2908.8697             0.0003                  0.89                 0.79                  1.67        0.4450          446.15
    4       3           53.5489        2908.8697             0.0003                  0.89                 0.79                  1.67        0.4450          446.15
    5       3           53.1267        2863.9855             0.0003                  0.89                 0.78                  1.67        0.4407          442.21
    6       3           53.1267        2863.9855             0.0003                  0.89                 0.78                  1.67        0.4407          442.21
    7       3           53.1556        2883.2764             0.0003                  1.50                 1.34                  2.85        0.4429          444.27
    8       3           53.1556        2883.2764             0.0003                  1.50                 1.34                  2.85        0.4429          444.27
    9       3           52.6861        2770.7048             0.0004                  0.89                 1.23                  2.12        0.4307          433.53
   10       3           52.4045         849.1769             0.0012                  2.06                 1.99                  4.05        0.1320          178.02
   11       3           52.4045         849.1769             0.0012                  2.06                 1.99                  4.05        0.1320          178.02
   12       4           53.1116        2862.9885             0.0003                  0.89                 0.95                  1.84        0.4406          441.81
   13       4           53.1116        2862.9885             0.0003                  0.89                 0.95                  1.84        0.4406          441.81
   14       4           53.1349        2881.6783             0.0003                  1.50                 1.51                  3.02        0.4426          443.72
   15       4           53.1349        2881.6783             0.0003                  1.50                 1.51                  3.02        0.4426          443.72
   16       4           52.6337        2769.6432             0.0004                  0.89                 1.39                  2.28        0.4306          433.08
   17       4           52.6337        2769.6432             0.0004                  0.89                 1.39                  2.28        0.4306          433.08
   18       4           52.7077        2837.2391             0.0004                  1.50                 1.51                  3.01        0.4405          441.98
   19       4           52.7077        2837.2391             0.0004                  1.50                 1.51                  3.01        0.4405          441.98
   20       4           52.3992         848.5121             0.0012                  2.06                 2.16                  4.22        0.1319          177.69
   21       4           51.8821         701.9011             0.0014                  2.68                 2.70                  5.37        0.1086          176.56
   22       4           52.3992         848.5121             0.0012                  2.06                 2.16                  4.22        0.1319          177.69
   23       4           51.8821         701.9011             0.0014                  2.68                 2.70                  5.37        0.1086          176.56
   24       4           52.3065         822.7783             0.0012                  2.06                 2.16                  4.22        0.1287          174.72
   25       4           52.3065         822.7783             0.0012                  2.06                 2.16                  4.22        0.1287          174.72
   26       4           52.2207         748.7714             0.0013                  2.06                 2.62                  4.68        0.1176          165.05
   27       4           52.3013        2743.9087             0.0004                  1.50                 1.96                  3.47        0.4282          431.06
   28       5           52.6569        2767.7470             0.0004                  0.89                 1.58                  2.46        0.4302          432.46
   29       5           52.6982        2835.6875             0.0004                  1.50                 1.68                  3.19        0.4402          441.44
   30       5           52.6982        2835.6875             0.0004                  1.50                 1.68                  3.19        0.4402          441.44
   31       5           51.8786         701.2975             0.0014                  2.68                 2.87                  5.54        0.1086          176.24
   32       5           51.8786         701.2975             0.0014                  2.68                 2.87                  5.54        0.1086          176.24
   33       5           52.2962         821.7112             0.0012                  2.06                 2.33                  4.39        0.1285          174.30
   34       5           52.2962         821.7112             0.0012                  2.06                 2.33                  4.39        0.1285          174.30
   35       5           52.1537         746.8935             0.0013                  2.06                 2.78                  4.84        0.1173          164.38
   36       5           52.1537         746.8935             0.0013                  2.06                 2.78                  4.84        0.1173          164.38
   37       5           52.2351        2741.7491             0.0004                  1.50                 2.13                  3.63        0.4278          430.33
   38       5           52.2351        2741.7491             0.0004                  1.50                 2.13                  3.63        0.4278          430.33
   39       5           51.7986         674.5370             0.0015                  2.68                 2.87                  5.54        0.1050          173.02
   40       5           51.7986         674.5370             0.0015                  2.68                 2.87                  5.54        0.1050          173.02
   41       5           51.7159         601.4161             0.0017                  2.68                 3.31                  5.99        0.0942          163.58
   42       6           52.1592         746.2971             0.0013                  2.06                 2.95                  5.01        0.1172          164.11
   43       6           52.2518        2741.0132             0.0004                  1.50                 2.31                  3.81        0.4277          430.01
   44       6           51.8129         674.3678             0.0015                  2.68                 3.04                  5.72        0.1051          172.85
   45       6           51.8129         674.3678             0.0015                  2.68                 3.04                  5.72        0.1051          172.85
   46       6           51.6764         600.3371             0.0017                  2.68                 3.48                  6.15        0.0941          163.13
   47       6           51.6764         600.3371             0.0017                  2.68                 3.48                  6.15        0.0941          163.13
   48       7           51.7004         599.0511             0.0017                  2.68                 3.66                  6.34        0.0939          162.66

Summary Statistics:
------------------------------------------------------------------------------------------------------------------------
        Comp     Groups  Wall Time/Evt (s)  CPU Time/Evt (s)  Throughput (evt/s)  Write Remote (MB/evt)  Read Remote (MB/evt)  Net Transfer (MB/evt)  CPU Cores/Evt  Memory/Evt (MB)
count  48.00  48.000000          48.000000         48.000000           48.000000              48.000000             48.000000              48.000000      48.000000        48.000000
mean   24.50   4.333333          52.473821       1783.170888            0.000869               1.782451              2.036812               3.819263       0.276071       305.572075
std    14.00   1.117241           0.561899       1064.457614            0.000534               0.668887              0.841967               1.482892       0.163852       135.563169
min     1.00   2.000000          51.676385        599.051073            0.000344               0.888672              0.617807               1.506479       0.093851       162.661800
25%    12.75   4.000000          52.085806        735.198085            0.000352               1.350435              1.392669               2.750405       0.115086       173.984050
50%    24.50   4.000000          52.352837       1795.095080            0.000771               1.782451              2.128710               3.929891       0.279842       304.016900
75%    36.25   5.000000          52.808641       2843.676440            0.001361               2.214468              2.779529               5.101055       0.440550       441.851500
max    48.00   7.000000          53.564383       2910.016820            0.001669               2.676230              3.662070               6.338300       0.445179       446.592800
