Workflow Construction Summary Table
========================================================================================================================

 Comp  Groups Wall Time/Evt (s) CPU Time/Evt (s) Throughput (evt/s) Write Remote (MB/evt) Read Remote (MB/evt) Net Transfer (MB/evt) CPU Cores/Evt Memory/Evt (MB)
    1       1            9.7292          75.9274             0.0132                  0.45                 0.00                  0.45        0.0647           64.71
    2       2            9.2390          71.8525             0.0139                  0.45                 0.07                  0.51        0.0644           64.45
    3       2            8.7699          66.3980             0.0151                  0.45                 0.39                  0.83        0.0628           62.83
    4       2            8.8519          58.1909             0.0172                  2.54                 2.14                  4.68        0.0553           58.92
    5       2            8.6050          50.5265             0.0198                  1.23                 0.80                  2.03        0.0501           42.39
    6       3            8.7486          65.4546             0.0153                  0.45                 0.45                  0.90        0.0620           62.83
    7       3            8.7151          57.6569             0.0173                  2.54                 2.21                  4.75        0.0553           58.70
    8       3            8.3865          49.6740             0.0201                  1.23                 0.87                  2.10        0.0501           42.13
    9       3            8.6392          57.3608             0.0174                  2.54                 2.53                  5.07        0.0553           57.06
   10       3            8.2090          48.9822             0.0204                  1.23                 1.19                  2.42        0.0501           40.52
   11       3            8.6721          50.7895             0.0197                  3.32                 2.95                  6.27        0.0501           41.07
   12       4            8.6180          56.4238             0.0177                  2.54                 2.60                  5.13        0.0545           57.07
   13       4            8.1875          48.0430             0.0208                  1.23                 1.25                  2.48        0.0493           40.51
   14       4            8.5350          50.2552             0.0199                  3.32                 3.01                  6.33        0.0501           40.87
   15       4            8.4591          49.9589             0.0200                  3.32                 3.33                  6.65        0.0501           39.22
   16       5            8.4376          49.0191             0.0204                  3.32                 3.40                  6.72        0.0493           39.22

Summary Statistics:
------------------------------------------------------------------------------------------------------------------------
            Comp     Groups  Wall Time/Evt (s)  CPU Time/Evt (s)  Throughput (evt/s)  Write Remote (MB/evt)  Read Remote (MB/evt)  Net Transfer (MB/evt)  CPU Cores/Evt  Memory/Evt (MB)
count  16.000000  16.000000          16.000000         16.000000           16.000000              16.000000             16.000000              16.000000      16.000000        16.000000
mean    8.500000   3.000000           8.675171         56.657095            0.018017               1.884754              1.698336               3.583091       0.054620        50.781750
std     4.760952   1.032796           0.378316          8.856259            0.002521               1.152129              1.199303               2.343018       0.005766        10.629551
min     1.000000   1.000000           8.187473         48.043023            0.013170               0.449219              0.000000               0.449219       0.049322        39.222800
25%     4.750000   2.000000           8.453753         49.887696            0.016708               1.035137              0.714049               1.749205       0.050136        40.778000
50%     8.500000   3.000000           8.628603         53.606645            0.018706               1.884727              1.698077               3.582792       0.052322        49.726700
75%    12.250000   4.000000           8.753896         60.006838            0.020045               2.734375              2.682974               5.417349       0.056994        59.895050
max    16.000000   5.000000           9.729207         75.927396            0.020815               3.320312              3.396796               6.717108       0.064709        64.708800
