Workflow Construction Summary Table
========================================================================================================================

 Comp  Groups Wall Time/Evt (s) CPU Time/Evt (s) Throughput (evt/s) Write Remote (MB/evt) Read Remote (MB/evt) Net Transfer (MB/evt) CPU Cores/Evt Memory/Evt (MB)
    1       1            6.9689          55.7514             0.0179                  0.45                 0.00                  0.45        0.0006            0.64
    2       2            6.9704          55.7629             0.0179                  0.45                 0.06                  0.51        0.0006            0.64
    3       2            6.9967          55.9733             0.0179                  0.45                 0.38                  0.83        0.0006            0.64
    4       2            7.3739          58.9911             0.0170                  2.54                 2.09                  4.63        0.0006            0.64
    5       2            7.1125          56.8996             0.0176                  1.23                 0.78                  2.01        0.0006            0.64
    6       3            7.0027          56.0218             0.0179                  0.45                 0.44                  0.89        0.0006            0.64
    7       3            7.3788          59.0304             0.0169                  2.54                 2.15                  4.69        0.0006            0.64
    8       3            7.1166          56.9325             0.0176                  1.23                 0.84                  2.08        0.0006            0.64
    9       3            7.4090          59.2720             0.0169                  2.54                 2.47                  5.00        0.0006            0.64
   10       3            7.1458          57.1660             0.0175                  1.23                 1.16                  2.39        0.0006            0.64
   11       3            7.5267          60.2138             0.0166                  3.32                 2.87                  6.19        0.0006            0.64
   12       4            7.4151          59.3204             0.0169                  2.54                 2.53                  5.07        0.0006            0.64
   13       4            7.1518          57.2145             0.0175                  1.23                 1.22                  2.45        0.0006            0.64
   14       4            7.5316          60.2532             0.0166                  3.32                 2.93                  6.25        0.0006            0.64
   15       4            7.5618          60.4947             0.0165                  3.32                 3.25                  6.57        0.0006            0.64
   16       5            7.5679          60.5432             0.0165                  3.32                 3.31                  6.63        0.0006            0.64

Summary Statistics:
------------------------------------------------------------------------------------------------------------------------
            Comp     Groups  Wall Time/Evt (s)  CPU Time/Evt (s)  Throughput (evt/s)  Write Remote (MB/evt)  Read Remote (MB/evt)  Net Transfer (MB/evt)  CPU Cores/Evt  Memory/Evt (MB)
count  16.000000  16.000000          16.000000         16.000000           16.000000              16.000000             16.000000              16.000000   1.600000e+01        16.000000
mean    8.500000   3.000000           7.264382         58.115053            0.017223               1.884766              1.655273               3.540039   6.408000e-04         0.640800
std     4.760952   1.032796           0.227319          1.818552            0.000539               1.152134              1.168838               2.312666   8.262364e-07         0.000826
min     1.000000   1.000000           6.968922         55.751375            0.016517               0.449219              0.000000               0.449219   6.400000e-04         0.640000
25%     4.750000   2.000000           7.085021         56.680166            0.016795               1.035156              0.695801               1.730957   6.400000e-04         0.640000
50%     8.500000   3.000000           7.262848         58.102783            0.017215               1.884766              1.655273               3.540039   6.408000e-04         0.640800
75%    12.250000   4.000000           7.442973         59.543785            0.017644               2.734375              2.614746               5.349121   6.416000e-04         0.641600
max    16.000000   5.000000           7.567898         60.543183            0.017937               3.320312              3.310547               6.630859   6.416000e-04         0.641600
