Workflow Construction Summary Table
========================================================================================================================

 Comp  Groups Wall Time/Evt (s) CPU Time/Evt (s) Throughput (evt/s) Write Remote (MB/evt) Read Remote (MB/evt) Net Transfer (MB/evt) CPU Cores/Evt Memory/Evt (MB)
    1       1            9.6820         604.4731             0.0017                  0.45                 0.00                  0.45        0.5177          517.67
    2       2            9.1851         570.1565             0.0018                  0.45                 0.07                  0.51        0.5139          514.14
    3       2            8.6829         514.1445             0.0019                  0.45                 0.39                  0.84        0.4894          492.25
    4       2            8.3936         262.0968             0.0038                  1.23                 0.80                  2.03        0.2367          241.14
    5       2            8.3656         203.1840             0.0049                  2.54                 2.14                  4.68        0.1956          241.54
    6       3            8.6550         514.0870             0.0019                  0.45                 0.45                  0.90        0.4895          492.22
    7       3            8.1685         244.7728             0.0041                  1.23                 0.87                  2.10        0.2330          237.70
    8       3            8.2226         190.9248             0.0052                  2.54                 2.21                  4.75        0.1922          238.39
    9       3            7.9582         207.0467             0.0048                  1.23                 1.19                  2.42        0.2086          215.90
   10       3            8.1135         159.5346             0.0063                  2.54                 2.53                  5.07        0.1676          216.41
   11       3            8.0215         171.4106             0.0058                  3.32                 2.95                  6.27        0.1644          179.15
   12       4            7.9302         206.8945             0.0048                  1.23                 1.25                  2.48        0.2086          215.71
   13       4            8.0856         159.4238             0.0063                  2.54                 2.59                  5.13        0.1676          216.31
   14       4            7.8778         159.1811             0.0063                  3.32                 3.01                  6.33        0.1611          176.05
   15       4            7.7690         127.7897             0.0078                  3.32                 3.33                  6.65        0.1365          154.09
   16       5            7.7409         127.6748             0.0078                  3.32                 3.40                  6.72        0.1365          153.96

Summary Statistics:
------------------------------------------------------------------------------------------------------------------------
            Comp     Groups  Wall Time/Evt (s)  CPU Time/Evt (s)  Throughput (evt/s)  Write Remote (MB/evt)  Read Remote (MB/evt)  Net Transfer (MB/evt)  CPU Cores/Evt  Memory/Evt (MB)
count  16.000000  16.000000          16.000000         16.000000           16.000000              16.000000             16.000000              16.000000      16.000000        16.000000
mean    8.500000   3.000000           8.303248        276.424696            0.004709               1.884760              1.698305               3.583064       0.263691       281.413625
std     4.760952   1.032796           0.528325        168.673839            0.002049               1.152133              1.199211               2.342933       0.145542       135.875632
min     1.000000   1.000000           7.740927        127.674850            0.001654               0.449208              0.000000               0.449219       0.136534       153.960800
25%     4.750000   2.000000           7.951171        159.506902            0.003348               1.035156              0.713906               1.749059       0.166832       206.572000
50%     8.500000   3.000000           8.140996        205.039247            0.004878               1.884727              1.698209               3.582936       0.202073       227.053600
75%    12.250000   4.000000           8.458963        325.094333            0.006269               2.734375              2.682356               5.416731       0.299870       304.209600
max    16.000000   5.000000           9.682019        604.473074            0.007832               3.320312              3.396968               6.717280       0.517670       517.670400
