Workflow Construction Summary Table
========================================================================================================================

 Comp  Groups Wall Time/Evt (s) CPU Time/Evt (s) Throughput (evt/s) Write Remote (MB/evt) Read Remote (MB/evt) Net Transfer (MB/evt) CPU Cores/Evt Memory/Evt (MB)
    1       2           40.6953        2466.8536             0.0004                  0.89                 0.55                  1.44        0.0580           58.23
    2       2           40.6953        2466.8536             0.0004                  0.89                 0.55                  1.44        0.0580           58.23
    3       3           40.6848        2465.6407             0.0004                  0.89                 0.70                  1.59        0.0580           58.16
    4       3           40.6848        2465.6407             0.0004                  0.89                 0.70                  1.59        0.0580           58.16
    5       3           40.6319        2443.6449             0.0004                  0.89                 0.70                  1.59        0.0575           57.73
    6       3           40.6319        2443.6449             0.0004                  0.89                 0.70                  1.59        0.0575           57.73
    7       3           40.6432        2461.5538             0.0004                  1.50                 1.18                  2.68        0.0580           58.15
    8       3           40.6432        2461.5538             0.0004                  1.50                 1.18                  2.68        0.0580           58.15
    9       3           40.5944        2379.6625             0.0004                  0.89                 1.10                  1.99        0.0561           56.50
   10       3           40.5640         733.2812             0.0014                  2.06                 1.75                  3.81        0.0173           23.34
   11       3           40.5640         733.2812             0.0014                  2.06                 1.75                  3.81        0.0173           23.34
   12       4           40.6302        2442.7103             0.0004                  0.89                 0.85                  1.74        0.0575           57.67
   13       4           40.6302        2442.7103             0.0004                  0.89                 0.85                  1.74        0.0575           57.67
   14       4           40.6501        2460.6365             0.0004                  1.50                 1.33                  2.83        0.0579           58.10
   15       4           40.6501        2460.6365             0.0004                  1.50                 1.33                  2.83        0.0579           58.10
   16       4           40.5841        2379.2179             0.0004                  0.89                 1.25                  2.14        0.0561           56.46
   17       4           40.5841        2379.2179             0.0004                  0.89                 1.25                  2.14        0.0561           56.46
   18       4           40.5871        2438.0836             0.0004                  1.50                 1.33                  2.84        0.0575           57.70
   19       4           40.5871        2438.0836             0.0004                  1.50                 1.33                  2.84        0.0575           57.70
   20       4           40.5624         732.1061             0.0014                  2.06                 1.90                  3.96        0.0173           23.29
   21       4           40.5132         609.0036             0.0016                  2.68                 2.38                  5.06        0.0144           23.30
   22       4           40.5624         732.1061             0.0014                  2.06                 1.90                  3.96        0.0173           23.29
   23       4           40.5132         609.0036             0.0016                  2.68                 2.38                  5.06        0.0144           23.30
   24       4           40.5507         713.3568             0.0014                  2.06                 1.90                  3.96        0.0169           22.89
   25       4           40.5507         713.3568             0.0014                  2.06                 1.90                  3.96        0.0169           22.89
   26       4           40.5366         650.4651             0.0015                  2.06                 2.30                  4.36        0.0154           21.57
   27       4           40.5269        2373.9313             0.0004                  1.50                 1.73                  3.23        0.0560           56.40
   28       5           40.5941        2378.6013             0.0004                  0.89                 1.40                  2.29        0.0561           56.42
   29       5           40.5934        2437.6985             0.0004                  1.50                 1.48                  2.98        0.0575           57.66
   30       5           40.5934        2437.6985             0.0004                  1.50                 1.48                  2.98        0.0575           57.66
   31       5           40.5115         608.6155             0.0016                  2.68                 2.53                  5.21        0.0144           23.26
   32       5           40.5115         608.6155             0.0016                  2.68                 2.53                  5.21        0.0144           23.26
   33       5           40.5442         711.9034             0.0014                  2.06                 2.05                  4.11        0.0168           22.81
   34       5           40.5442         711.9034             0.0014                  2.06                 2.05                  4.11        0.0168           22.81
   35       5           40.5175         649.4959             0.0015                  2.06                 2.45                  4.51        0.0153           21.51
   36       5           40.5175         649.4959             0.0015                  2.06                 2.45                  4.51        0.0153           21.51
   37       5           40.5512        2374.3744             0.0004                  1.50                 1.88                  3.38        0.0561           56.41
   38       5           40.5512        2374.3744             0.0004                  1.50                 1.88                  3.38        0.0561           56.41
   39       5           40.4850         589.0628             0.0017                  2.68                 2.53                  5.20        0.0139           22.84
   40       5           40.4850         589.0628             0.0017                  2.68                 2.53                  5.20        0.0139           22.84
   41       5           40.4772         527.1938             0.0019                  2.68                 2.93                  5.60        0.0125           21.59
   42       6           40.5127         648.5992             0.0015                  2.06                 2.60                  4.66        0.0153           21.47
   43       6           40.5409        2373.1497             0.0004                  1.50                 2.03                  3.53        0.0560           56.34
   44       6           40.4744         588.1368             0.0017                  2.68                 2.68                  5.35        0.0139           22.79
   45       6           40.4744         588.1368             0.0017                  2.68                 2.68                  5.35        0.0139           22.79
   46       6           40.4762         526.2864             0.0019                  2.68                 3.08                  5.75        0.0125           21.54
   47       6           40.4762         526.2864             0.0019                  2.68                 3.08                  5.75        0.0125           21.54
   48       7           40.4670         525.3072             0.0019                  2.68                 3.23                  5.90        0.0124           21.45

Summary Statistics:
------------------------------------------------------------------------------------------------------------------------
        Comp     Groups  Wall Time/Evt (s)  CPU Time/Evt (s)  Throughput (evt/s)  Write Remote (MB/evt)  Read Remote (MB/evt)  Net Transfer (MB/evt)  CPU Cores/Evt  Memory/Evt (MB)
count  48.00  48.000000          48.000000         48.000000           48.000000              48.000000             48.000000              48.000000      48.000000        48.000000
mean   24.50   4.333333          40.565640       1531.671582            0.001002               1.782451              1.797899               3.580350       0.036124        39.987800
std    14.00   1.117241           0.064742        906.540683            0.000610               0.668887              0.739811               1.381887       0.021334        17.637323
min     1.00   2.000000          40.467024        525.307229            0.000405               0.888672              0.551388               1.440060       0.012432        21.451600
25%    12.75   4.000000          40.513230        638.700313            0.000410               1.350435              1.248271               2.583703       0.015104        22.836200
50%    24.50   4.000000          40.556791       1553.215443            0.000893               1.782451              1.876600               3.670883       0.036678        39.840400
75%    36.25   5.000000          40.603380       2439.240241            0.001567               2.214468              2.449369               4.757387       0.057507        57.678700
max    48.00   7.000000          40.695254       2466.853644            0.001904               2.676230              3.227041               5.903271       0.058036        58.229200
