Workflow Construction Summary Table
========================================================================================================================

 Comp  Groups Wall Time/Evt (s) CPU Time/Evt (s) Throughput (evt/s) Write Remote (MB/evt) Read Remote (MB/evt) Net Transfer (MB/evt) CPU Cores/Evt Memory/Evt (MB)
    1       1            7.5325          58.8809             0.0170                  0.45                 0.00                  0.45        0.0080            8.04
    2       2            7.4703          58.3967             0.0171                  0.45                 0.07                  0.51        0.0080            8.04
    3       2            7.4085          57.9116             0.0173                  0.45                 0.39                  0.84        0.0080            8.04
    4       2            7.3698          57.6079             0.0174                  2.54                 2.15                  4.68        0.0080            8.04
    5       2            7.3722          57.6300             0.0174                  1.23                 0.80                  2.03        0.0080            8.04
    6       3            7.4043          57.8814             0.0173                  0.45                 0.45                  0.90        0.0080            8.05
    7       3            7.3517          57.4674             0.0174                  2.54                 2.21                  4.75        0.0080            8.04
    8       3            7.3449          57.4141             0.0174                  1.23                 0.87                  2.10        0.0080            8.04
    9       3            7.3369          57.3567             0.0174                  2.54                 2.53                  5.07        0.0080            8.04
   10       3            7.3184          57.2081             0.0175                  1.23                 1.19                  2.42        0.0080            8.04
   11       3            7.3265          57.2722             0.0175                  3.32                 2.95                  6.27        0.0080            8.04
   12       4            7.3355          57.3378             0.0174                  2.54                 2.60                  5.14        0.0080            8.05
   13       4            7.3153          57.1824             0.0175                  1.23                 1.26                  2.49        0.0080            8.05
   14       4            7.3087          57.1328             0.0175                  3.32                 3.01                  6.33        0.0080            8.05
   15       4            7.2936          57.0149             0.0175                  3.32                 3.33                  6.65        0.0080            8.04
   16       5            7.2930          57.0048             0.0175                  3.32                 3.40                  6.72        0.0080            8.05

Summary Statistics:
------------------------------------------------------------------------------------------------------------------------
            Comp     Groups  Wall Time/Evt (s)  CPU Time/Evt (s)  Throughput (evt/s)  Write Remote (MB/evt)  Read Remote (MB/evt)  Net Transfer (MB/evt)  CPU Cores/Evt  Memory/Evt (MB)
count  16.000000  16.000000          16.000000         16.000000           16.000000              16.000000             16.000000              16.000000      16.000000        16.000000
mean    8.500000   3.000000           7.361374         57.543728            0.017379               1.884744              1.699486               3.584231       0.008043         8.043100
std     4.760952   1.032796           0.065460          0.512008            0.000153               1.152106              1.199263               2.342916       0.000004         0.003624
min     1.000000   1.000000           7.292953         57.004815            0.016983               0.449219              0.000000               0.449219       0.008038         8.038400
25%     4.750000   2.000000           7.317604         57.201666            0.017333               1.035156              0.714399               1.749555       0.008040         8.040000
50%     8.500000   3.000000           7.340899         57.385419            0.017426               1.884766              1.700428               3.585194       0.008043         8.043200
75%    12.250000   4.000000           7.380191         57.692814            0.017482               2.734290              2.684638               5.419013       0.008046         8.046400
max    16.000000   5.000000           7.532535         58.880881            0.017542               3.320312              3.398067               6.718379       0.008050         8.049600
