Workflow Construction Summary Table
========================================================================================================================

 Comp  Groups Wall Time/Evt (s) CPU Time/Evt (s) Throughput (evt/s) Write Remote (MB/evt) Read Remote (MB/evt) Net Transfer (MB/evt) CPU Cores/Evt Memory/Evt (MB)
    1       1            7.0562          56.1004             0.0178                  0.45                 0.00                  0.45        0.0006            0.65
    2       2            7.0578          55.8837             0.0179                  0.45                 0.06                  0.51        0.0007            0.66
    3       2            7.0840          54.5411             0.0183                  0.45                 0.38                  0.83        0.0006            0.64
    4       2            7.4643          50.3203             0.0199                  2.54                 2.09                  4.63        0.0006            0.60
    5       2            7.2009          44.3268             0.0226                  1.23                 0.78                  2.01        0.0005            0.43
    6       3            7.0900          53.7768             0.0186                  0.45                 0.44                  0.89        0.0006            0.64
    7       3            7.4693          50.3404             0.0199                  2.54                 2.15                  4.69        0.0006            0.61
    8       3            7.2050          44.3430             0.0226                  1.23                 0.84                  2.08        0.0005            0.43
    9       3            7.4994          50.4611             0.0198                  2.54                 2.47                  5.00        0.0006            0.59
   10       3            7.2342          44.4599             0.0225                  1.23                 1.16                  2.39        0.0005            0.41
   11       3            7.6152          45.9838             0.0217                  3.32                 2.87                  6.19        0.0005            0.42
   12       4            7.5055          49.6968             0.0201                  2.54                 2.53                  5.07        0.0006            0.59
   13       4            7.2403          43.6956             0.0229                  1.23                 1.22                  2.45        0.0005            0.42
   14       4            7.6202          46.0039             0.0217                  3.32                 2.93                  6.25        0.0005            0.43
   15       4            7.6504          46.1245             0.0217                  3.32                 3.25                  6.57        0.0005            0.42
   16       5            7.6564          45.3602             0.0220                  3.32                 3.31                  6.63        0.0005            0.42

Summary Statistics:
------------------------------------------------------------------------------------------------------------------------
            Comp     Groups  Wall Time/Evt (s)  CPU Time/Evt (s)  Throughput (evt/s)  Write Remote (MB/evt)  Read Remote (MB/evt)  Net Transfer (MB/evt)  CPU Cores/Evt  Memory/Evt (MB)
count  16.000000  16.000000          16.000000         16.000000           16.000000              16.000000             16.000000              16.000000      16.000000        16.000000
mean    8.500000   3.000000           7.353064         48.838642            0.020627               1.884766              1.655273               3.540039       0.000559         0.523000
std     4.760952   1.032796           0.228013          4.388876            0.001796               1.152134              1.168838               2.312666       0.000056         0.104064
min     1.000000   1.000000           7.056179         43.695570            0.017825               0.449219              0.000000               0.449219       0.000506         0.415000
25%     4.750000   2.000000           7.173205         45.135152            0.019512               1.035156              0.695801               1.730957       0.000512         0.424000
50%     8.500000   3.000000           7.352251         47.910671            0.020901               1.884766              1.655273               3.540039       0.000540         0.511500
75%    12.250000   4.000000           7.532917         51.290023            0.022157               2.734375              2.614746               5.349121       0.000585         0.614500
max    16.000000   5.000000           7.656419         56.100404            0.022886               3.320312              3.310547               6.630859       0.000656         0.656000
