Workflow Construction Summary Table
========================================================================================================================

 Comp  Groups Wall Time/Evt (s) CPU Time/Evt (s) Throughput (evt/s) Write Remote (MB/evt) Read Remote (MB/evt) Net Transfer (MB/evt) CPU Cores/Evt Memory/Evt (MB)
    1       1            6.9979         445.6443             0.0022                  0.45                 0.00                  0.45        0.0052            5.17
    2       2            7.0111         442.3584             0.0023                  0.45                 0.07                  0.52        0.0051            5.14
    3       2            7.0008         204.6816             0.0049                  1.23                 0.79                  2.02        0.0024            2.42
    4       2            7.0092         420.9822             0.0024                  0.45                 0.38                  0.83        0.0049            4.93
    5       2            7.0445         170.6471             0.0059                  2.54                 2.11                  4.65        0.0020            2.44
    6       3            7.0096         420.9837             0.0024                  0.45                 0.45                  0.90        0.0049            4.93
    7       3            7.0168         201.5677             0.0050                  1.23                 0.86                  2.09        0.0023            2.39
    8       3            7.0570         143.9492             0.0069                  3.32                 2.90                  6.22        0.0017            1.81
    9       3            7.0437         167.5490             0.0060                  2.54                 2.17                  4.71        0.0019            2.41
   10       3            7.0457         145.8969             0.0069                  2.54                 2.49                  5.02        0.0017            2.17
   11       3            7.0178         180.3770             0.0055                  1.23                 1.17                  2.40        0.0021            2.17
   12       4            7.0461         145.8984             0.0069                  2.54                 2.55                  5.09        0.0017            2.17
   13       4            7.0181         180.3784             0.0055                  1.23                 1.23                  2.47        0.0021            2.17
   14       4            7.0562         140.8534             0.0071                  3.32                 2.96                  6.28        0.0016            1.79
   15       4            7.0583         119.2021             0.0084                  3.32                 3.27                  6.59        0.0014            1.57
   16       5            7.0586         119.2036             0.0084                  3.32                 3.34                  6.66        0.0014            1.57

Summary Statistics:
------------------------------------------------------------------------------------------------------------------------
            Comp     Groups  Wall Time/Evt (s)  CPU Time/Evt (s)  Throughput (evt/s)  Write Remote (MB/evt)  Read Remote (MB/evt)  Net Transfer (MB/evt)  CPU Cores/Evt  Memory/Evt (MB)
count  16.000000  16.000000          16.000000         16.000000           16.000000              16.000000             16.000000              16.000000      16.000000        16.000000
mean    8.500000   3.000000           7.030717        228.135814            0.005409               1.884766              1.671096               3.555862       0.002649         2.828225
std     4.760952   1.032796           0.022333        124.455953            0.002106               1.152134              1.176167               2.319934       0.001448         1.350462
min     1.000000   1.000000           6.997893        119.202130            0.002244               0.449219              0.000000               0.449219       0.001386         1.566000
25%     4.750000   2.000000           7.010744        145.409995            0.004258               1.035156              0.701387               1.736543       0.001677         2.081300
50%     8.500000   3.000000           7.030924        175.512029            0.005702               1.884766              1.671442               3.556208       0.002041         2.281200
75%    12.250000   4.000000           7.048637        258.756731            0.006877               2.734375              2.636219               5.370594       0.003005         3.062900
max    16.000000   5.000000           7.058621        445.644329            0.008389               3.320312              3.337250               6.657562       0.005171         5.171200
