Workflow Construction Summary Table
========================================================================================================================

 Comp  Groups Wall Time/Evt (s) CPU Time/Evt (s) Throughput (evt/s) Write Remote (MB/evt) Read Remote (MB/evt) Net Transfer (MB/evt) CPU Cores/Evt Memory/Evt (MB)
    1       1            7.4307          57.6944             0.0173                  0.45                 0.00                  0.45        0.0014            1.36
    2       2            7.4267          57.6654             0.0173                  0.45                 0.06                  0.51        0.0014            1.38
    3       2            7.4472          57.8324             0.0173                  0.45                 0.38                  0.83        0.0014            1.37
    4       2            7.8442          60.9177             0.0164                  2.54                 2.13                  4.67        0.0014            1.38
    5       2            7.5685          58.7697             0.0170                  1.23                 0.80                  2.03        0.0014            1.37
    6       3            7.4531          57.8793             0.0173                  0.45                 0.44                  0.89        0.0014            1.38
    7       3            7.8477          60.9455             0.0164                  2.54                 2.20                  4.74        0.0014            1.38
    8       3            7.5703          58.7854             0.0170                  1.23                 0.86                  2.09        0.0014            1.39
    9       3            7.8789          61.1866             0.0163                  2.54                 2.52                  5.06        0.0014            1.38
   10       3            7.5976          59.0025             0.0169                  1.23                 1.18                  2.41        0.0014            1.38
   11       3            7.9960          62.1226             0.0161                  3.32                 2.93                  6.25        0.0014            1.38
   12       4            7.8847          61.2331             0.0163                  2.54                 2.59                  5.12        0.0014            1.40
   13       4            7.6034          59.0495             0.0169                  1.23                 1.24                  2.47        0.0014            1.41
   14       4            7.9996          62.1513             0.0161                  3.32                 3.00                  6.32        0.0014            1.40
   15       4            8.0307          62.3920             0.0160                  3.32                 3.32                  6.64        0.0014            1.40
   16       5            8.0365          62.4384             0.0160                  3.32                 3.38                  6.70        0.0014            1.42

Summary Statistics:
------------------------------------------------------------------------------------------------------------------------
            Comp     Groups  Wall Time/Evt (s)  CPU Time/Evt (s)  Throughput (evt/s)  Write Remote (MB/evt)  Read Remote (MB/evt)  Net Transfer (MB/evt)  CPU Cores/Evt  Memory/Evt (MB)
count  16.000000  16.000000          16.000000         16.000000           16.000000              16.000000             16.000000              16.000000      16.000000         16.00000
mean    8.500000   3.000000           7.725989         60.004108            0.016680               1.884766              1.689046               3.573812       0.001386          1.38650
std     4.760952   1.032796           0.234368          1.831486            0.000509               1.152134              1.196102               2.339963       0.000015          0.01538
min     1.000000   1.000000           7.426742         57.665405            0.016016               0.449219              0.000000               0.449219       0.001360          1.36000
25%     4.750000   2.000000           7.539607         58.547110            0.016273               1.035156              0.708048               1.743205       0.001376          1.37600
50%     8.500000   3.000000           7.723837         59.983605            0.016675               1.884766              1.687218               3.571984       0.001384          1.38400
75%    12.250000   4.000000           7.912516         61.455471            0.017081               2.734375              2.672186               5.406561       0.001400          1.40000
max    16.000000   5.000000           8.036502         62.438430            0.017341               3.320312              3.382313               6.702626       0.001416          1.41600
