Workflow Construction Summary Table
========================================================================================================================

 Comp  Groups Wall Time/Evt (s) CPU Time/Evt (s) Throughput (evt/s) Write Remote (MB/evt) Read Remote (MB/evt) Net Transfer (MB/evt) CPU Cores/Evt Memory/Evt (MB)
    1       1           10.7246          75.1140             0.0133                  0.45                 0.00                  0.45        0.0410           40.97
    2       2           10.4029          72.8826             0.0137                  0.45                 0.07                  0.52        0.0409           40.94
    3       2           10.0843          70.6530             0.0142                  0.45                 0.43                  0.88        0.0409           40.94
    4       2            9.8734          69.2039             0.0145                  2.54                 2.44                  4.98        0.0408           40.80
    5       2            9.8873          69.3130             0.0144                  1.23                 0.91                  2.14        0.0408           40.81
    6       3           10.0673          70.5319             0.0142                  0.45                 0.51                  0.96        0.0410           40.95
    7       3            9.7821          68.5654             0.0146                  2.54                 2.51                  5.05        0.0408           40.81
    8       3            9.7441          68.3124             0.0146                  1.23                 0.98                  2.21        0.0408           40.80
    9       3            9.7086          68.0650             0.0147                  2.54                 2.87                  5.41        0.0408           40.79
   10       3            9.6158          67.3995             0.0148                  1.23                 1.35                  2.58        0.0408           40.83
   11       3            9.6529          67.6686             0.0148                  3.32                 3.35                  6.67        0.0408           40.80
   12       4            9.6916          67.9437             0.0147                  2.54                 2.95                  5.48        0.0408           40.80
   13       4            9.5949          67.2629             0.0149                  1.23                 1.42                  2.65        0.0408           40.82
   14       4            9.5618          67.0313             0.0149                  3.32                 3.42                  6.74        0.0408           40.81
   15       4            9.4935          66.5515             0.0150                  3.32                 3.78                  7.10        0.0408           40.81
   16       5            9.4765          66.4304             0.0151                  3.32                 3.86                  7.18        0.0408           40.82

Summary Statistics:
------------------------------------------------------------------------------------------------------------------------
            Comp     Groups  Wall Time/Evt (s)  CPU Time/Evt (s)  Throughput (evt/s)  Write Remote (MB/evt)  Read Remote (MB/evt)  Net Transfer (MB/evt)  CPU Cores/Evt  Memory/Evt (MB)
count  16.000000  16.000000          16.000000         16.000000           16.000000              16.000000             16.000000              16.000000      16.000000        16.000000
mean    8.500000   3.000000           9.835106         68.933066            0.014522               1.884766              1.927821               3.812586       0.040842        40.842100
std     4.760952   1.032796           0.340620          2.367574            0.000478               1.152134              1.362301               2.505583       0.000065         0.064818
min     1.000000   1.000000           9.476543         66.430378            0.013313               0.449219              0.000000               0.449219       0.040787        40.787200
25%     4.750000   2.000000           9.610579         67.365353            0.014365               1.035156              0.810030               1.845187       0.040800        40.799600
50%     8.500000   3.000000           9.726390         68.188705            0.014665               1.884766              1.928354               3.813119       0.040810        40.810400
75%    12.250000   4.000000           9.932320         69.617711            0.014844               2.734375              3.045204               5.779579       0.040853        40.853200
max    16.000000   5.000000          10.724607         75.114049            0.015053               3.320312              3.857011               7.177324       0.040973        40.972800
