Workflow Construction Summary Table
========================================================================================================================

 Comp  Groups Wall Time/Evt (s) CPU Time/Evt (s) Throughput (evt/s) Write Remote (MB/evt) Read Remote (MB/evt) Net Transfer (MB/evt) CPU Cores/Evt Memory/Evt (MB)
    1       1            7.0169          56.1354             0.0178                  0.45                 0.00                  0.45        0.0019            1.92
    2       2            7.0085          55.8383             0.0179                  0.45                 0.06                  0.51        0.0019            1.91
    3       2            7.0249          54.4126             0.0184                  0.45                 0.38                  0.83        0.0019            1.86
    4       2            7.3960          50.1021             0.0200                  2.54                 2.09                  4.63        0.0016            1.76
    5       2            7.1350          44.0842             0.0227                  1.23                 0.78                  2.01        0.0015            1.26
    6       3            7.0304          53.6454             0.0186                  0.45                 0.44                  0.89        0.0018            1.87
    7       3            7.3980          50.1102             0.0200                  2.54                 2.15                  4.69        0.0016            1.75
    8       3            7.1346          44.0827             0.0227                  1.23                 0.84                  2.08        0.0015            1.25
    9       3            7.4260          50.2222             0.0199                  2.54                 2.47                  5.00        0.0016            1.70
   10       3            7.1596          44.1828             0.0226                  1.23                 1.16                  2.39        0.0015            1.20
   11       3            7.5420          45.7122             0.0219                  3.32                 2.87                  6.19        0.0015            1.23
   12       4            7.4316          49.4550             0.0202                  2.54                 2.53                  5.07        0.0016            1.71
   13       4            7.1652          43.4156             0.0230                  1.23                 1.22                  2.45        0.0015            1.21
   14       4            7.5440          45.7203             0.0219                  3.32                 2.93                  6.25        0.0015            1.22
   15       4            7.5720          45.8323             0.0218                  3.32                 3.25                  6.57        0.0015            1.17
   16       5            7.5776          45.0652             0.0222                  3.32                 3.31                  6.63        0.0015            1.18

Summary Statistics:
------------------------------------------------------------------------------------------------------------------------
            Comp     Groups  Wall Time/Evt (s)  CPU Time/Evt (s)  Throughput (evt/s)  Write Remote (MB/evt)  Read Remote (MB/evt)  Net Transfer (MB/evt)  CPU Cores/Evt  Memory/Evt (MB)
count  16.000000  16.000000          16.000000         16.000000           16.000000              16.000000             16.000000              16.000000      16.000000        16.000000
mean    8.500000   3.000000           7.285166         48.626033            0.020724               1.884766              1.655273               3.540039       0.001624         1.512500
std     4.760952   1.032796           0.219634          4.474235            0.001844               1.152134              1.168838               2.312666       0.000170         0.313748
min     1.000000   1.000000           7.008510         43.415598            0.017814               0.449219              0.000000               0.449219       0.001466         1.173000
25%     4.750000   2.000000           7.108591         44.844559            0.019594               1.035156              0.695801               1.730957       0.001488         1.217750
50%     8.500000   3.000000           7.280614         47.643682            0.021020               1.884766              1.655273               3.540039       0.001559         1.480500
75%    12.250000   4.000000           7.459212         51.078020            0.022301               2.734375              2.614746               5.349121       0.001697         1.783750
max    16.000000   5.000000           7.577606         56.135375            0.023033               3.320312              3.310547               6.630859       0.001920         1.920000
