Workflow Construction Summary Table
========================================================================================================================

 Comp  Groups Wall Time/Evt (s) CPU Time/Evt (s) Throughput (evt/s) Write Remote (MB/evt) Read Remote (MB/evt) Net Transfer (MB/evt) CPU Cores/Evt Memory/Evt (MB)
    1       1            8.1352          64.7562             0.0154                  0.45                 0.00                  0.45        0.0311           31.08
    2       2            7.8967          62.6494             0.0160                  0.45                 0.06                  0.51        0.0310           30.96
    3       2            7.6554          59.2181             0.0169                  0.45                 0.38                  0.83        0.0302           30.17
    4       2            7.5023          50.8718             0.0197                  2.54                 2.10                  4.64        0.0265           28.25
    5       2            7.5160          45.7026             0.0219                  1.23                 0.79                  2.02        0.0241           20.34
    6       3            7.6419          58.4350             0.0171                  0.45                 0.44                  0.89        0.0298           30.18
    7       3            7.4333          50.5972             0.0198                  2.54                 2.16                  4.70        0.0265           28.14
    8       3            7.4080          45.2725             0.0221                  1.23                 0.85                  2.08        0.0241           20.22
    9       3            7.3811          50.3881             0.0198                  2.54                 2.48                  5.02        0.0265           27.35
   10       3            7.3071          44.8710             0.0223                  1.23                 1.16                  2.39        0.0241           19.43
   11       3            7.3378          44.9928             0.0222                  3.32                 2.89                  6.21        0.0240           19.71
   12       4            7.3679          49.6061             0.0202                  2.54                 2.54                  5.08        0.0261           27.35
   13       4            7.2936          44.0887             0.0227                  1.23                 1.23                  2.46        0.0237           19.44
   14       4            7.2687          44.7180             0.0224                  3.32                 2.95                  6.27        0.0241           19.60
   15       4            7.2164          44.5099             0.0225                  3.32                 3.26                  6.58        0.0240           18.81
   16       5            7.2030          43.7276             0.0229                  3.32                 3.33                  6.65        0.0237           18.81

Summary Statistics:
------------------------------------------------------------------------------------------------------------------------
            Comp     Groups  Wall Time/Evt (s)  CPU Time/Evt (s)  Throughput (evt/s)  Write Remote (MB/evt)  Read Remote (MB/evt)  Net Transfer (MB/evt)  CPU Cores/Evt  Memory/Evt (MB)
count  16.000000  16.000000          16.000000         16.000000           16.000000              16.000000             16.000000              16.000000      16.000000        16.000000
mean    8.500000   3.000000           7.472772         50.275318            0.020231               1.884766              1.663941               3.548707       0.026203        24.363750
std     4.760952   1.032796           0.253789          7.111535            0.002577               1.152134              1.174564               2.318348       0.002780         5.106896
min     1.000000   1.000000           7.203046         43.727615            0.015443               0.449219              0.000000               0.449219       0.023655        18.806400
25%     4.750000   2.000000           7.303752         44.832747            0.019021               1.035156              0.699537               1.734694       0.024050        19.560800
50%     8.500000   3.000000           7.394553         47.654340            0.021020               1.884766              1.664193               3.548959       0.025083        23.842300
75%    12.250000   4.000000           7.547502         52.762611            0.022305               2.734375              2.628618               5.362993       0.027327        28.728350
max    16.000000   5.000000           8.135153         64.756230            0.022869               3.320312              3.327088               6.647401       0.031080        31.080000
