Workflow Construction Summary Table
========================================================================================================================

 Comp  Groups Wall Time/Evt (s) CPU Time/Evt (s) Throughput (evt/s) Write Remote (MB/evt) Read Remote (MB/evt) Net Transfer (MB/evt) CPU Cores/Evt Memory/Evt (MB)
    1       1            6.9240          55.3924             0.0181                  0.45                 0.00                  0.45        0.0006            0.64
    2       2            6.9191          55.3531             0.0181                  0.45                 0.06                  0.51        0.0006            0.64
    3       2            6.9115          55.2918             0.0181                  1.23                 0.78                  2.01        0.0006            0.64
    4       2            6.9142          55.3138             0.0181                  0.45                 0.38                  0.83        0.0006            0.64
    5       2            6.9115          55.2916             0.0181                  2.54                 2.09                  4.63        0.0006            0.64
    6       3            6.9139          55.3116             0.0181                  0.45                 0.44                  0.89        0.0006            0.64
    7       3            6.9093          55.2740             0.0181                  1.23                 0.84                  2.08        0.0006            0.64
    8       3            6.9082          55.2656             0.0181                  3.32                 2.87                  6.19        0.0006            0.64
    9       3            6.9100          55.2803             0.0181                  2.54                 2.15                  4.69        0.0006            0.64
   10       3            6.9090          55.2721             0.0181                  2.54                 2.47                  5.00        0.0006            0.64
   11       3            6.9072          55.2578             0.0181                  1.23                 1.16                  2.39        0.0006            0.64
   12       4            6.9087          55.2698             0.0181                  2.54                 2.53                  5.07        0.0006            0.64
   13       4            6.9069          55.2555             0.0181                  1.23                 1.22                  2.45        0.0006            0.64
   14       4            6.9068          55.2543             0.0181                  3.32                 2.93                  6.25        0.0006            0.64
   15       4            6.9058          55.2461             0.0181                  3.32                 3.25                  6.57        0.0006            0.64
   16       5            6.9055          55.2438             0.0181                  3.32                 3.31                  6.63        0.0006            0.64

Summary Statistics:
------------------------------------------------------------------------------------------------------------------------
            Comp     Groups  Wall Time/Evt (s)  CPU Time/Evt (s)  Throughput (evt/s)  Write Remote (MB/evt)  Read Remote (MB/evt)  Net Transfer (MB/evt)  CPU Cores/Evt  Memory/Evt (MB)
count  16.000000  16.000000          16.000000         16.000000           16.000000              16.000000             16.000000              16.000000   1.600000e+01        16.000000
mean    8.500000   3.000000           6.910732         55.285854            0.018088               1.884766              1.655273               3.540039   6.408000e-04         0.640800
std     4.760952   1.032796           0.005049          0.040392            0.000013               1.152134              1.168838               2.312666   8.262364e-07         0.000826
min     1.000000   1.000000           6.905475         55.243801            0.018053               0.449219              0.000000               0.449219   6.400000e-04         0.640000
25%     4.750000   2.000000           6.907152         55.257219            0.018084               1.035156              0.695801               1.730957   6.400000e-04         0.640000
50%     8.500000   3.000000           6.909132         55.273056            0.018092               1.884766              1.655273               3.540039   6.408000e-04         0.640800
75%    12.250000   4.000000           6.912098         55.296785            0.018097               2.734375              2.614746               5.349121   6.416000e-04         0.641600
max    16.000000   5.000000           6.924045         55.392359            0.018102               3.320312              3.310547               6.630859   6.416000e-04         0.641600
