Workflow Construction Summary Table
========================================================================================================================

 Comp  Groups Wall Time/Evt (s) CPU Time/Evt (s) Throughput (evt/s) Write Remote (MB/evt) Read Remote (MB/evt) Net Transfer (MB/evt) CPU Cores/Evt Memory/Evt (MB)
    1       2           43.0074         163.8242             0.0061                  0.89                 0.57                  1.45        0.0040            7.92
    2       2           43.0074         163.8242             0.0061                  0.89                 0.57                  1.45        0.0040            7.92
    3       3           42.9710         163.7479             0.0061                  0.89                 0.71                  1.60        0.0040            7.92
    4       3           42.9710         163.7479             0.0061                  0.89                 0.71                  1.60        0.0040            7.92
    5       3           42.8901         163.4833             0.0061                  0.89                 0.72                  1.61        0.0040            7.91
    6       3           42.8901         163.4833             0.0061                  0.89                 0.72                  1.61        0.0040            7.91
    7       3           42.9472         163.6018             0.0061                  1.50                 1.22                  2.72        0.0040            7.92
    8       3           42.9472         163.6018             0.0061                  1.50                 1.22                  2.72        0.0040            7.92
    9       3           42.8403         163.2796             0.0061                  0.89                 1.12                  2.01        0.0040            7.91
   10       3           42.8468         163.2165             0.0061                  2.06                 1.80                  3.87        0.0040            7.92
   11       3           42.8468         163.2165             0.0061                  2.06                 1.80                  3.87        0.0040            7.92
   12       4           42.9052         163.5101             0.0061                  0.89                 0.87                  1.76        0.0040            7.91
   13       4           42.9052         163.5101             0.0061                  0.89                 0.87                  1.76        0.0040            7.91
   14       4           42.9519         163.6079             0.0061                  1.50                 1.37                  2.88        0.0040            7.93
   15       4           42.9519         163.6079             0.0061                  1.50                 1.37                  2.88        0.0040            7.93
   16       4           42.8467         163.2891             0.0061                  0.89                 1.28                  2.16        0.0040            7.91
   17       4           42.8467         163.2891             0.0061                  0.89                 1.28                  2.16        0.0040            7.91
   18       4           42.8918         163.3861             0.0061                  1.50                 1.37                  2.88        0.0040            7.92
   19       4           42.8918         163.3861             0.0061                  1.50                 1.37                  2.88        0.0040            7.92
   20       4           42.8243         163.1681             0.0061                  2.06                 1.94                  4.00        0.0040            7.92
   21       4           42.7816         163.0051             0.0061                  2.68                 2.45                  5.12        0.0040            7.92
   22       4           42.8243         163.1681             0.0061                  2.06                 1.94                  4.00        0.0040            7.92
   23       4           42.7816         163.0051             0.0061                  2.68                 2.45                  5.12        0.0040            7.92
   24       4           42.8405         163.1830             0.0061                  2.06                 1.96                  4.02        0.0040            7.92
   25       4           42.8405         163.1830             0.0061                  2.06                 1.96                  4.02        0.0040            7.92
   26       4           42.8025         163.0920             0.0061                  2.06                 2.35                  4.41        0.0040            7.92
   27       4           42.8168         163.1348             0.0061                  1.50                 1.78                  3.28        0.0040            7.92
   28       5           42.8453         163.2831             0.0061                  0.89                 1.43                  2.32        0.0040            7.92
   29       5           42.8894         163.3780             0.0061                  1.50                 1.53                  3.03        0.0040            7.93
   30       5           42.8894         163.3780             0.0061                  1.50                 1.53                  3.03        0.0040            7.93
   31       5           42.7797         162.9979             0.0061                  2.68                 2.61                  5.28        0.0040            7.92
   32       5           42.7797         162.9979             0.0061                  2.68                 2.61                  5.28        0.0040            7.92
   33       5           42.7983         163.0952             0.0061                  2.06                 2.10                  4.16        0.0040            7.92
   34       5           42.7983         163.0952             0.0061                  2.06                 2.10                  4.16        0.0040            7.92
   35       5           42.7960         163.0756             0.0061                  2.06                 2.51                  4.57        0.0040            7.92
   36       5           42.7960         163.0756             0.0061                  2.06                 2.51                  4.57        0.0040            7.92
   37       5           42.8356         163.1692             0.0061                  1.50                 1.93                  3.44        0.0040            7.92
   38       5           42.8356         163.1692             0.0061                  1.50                 1.93                  3.44        0.0040            7.92
   39       5           42.7607         162.9424             0.0061                  2.68                 2.60                  5.28        0.0040            7.92
   40       5           42.7607         162.9424             0.0061                  2.68                 2.60                  5.28        0.0040            7.92
   41       5           42.7712         162.9484             0.0061                  2.68                 3.01                  5.69        0.0040            7.92
   42       6           42.7974         163.0752             0.0061                  2.06                 2.66                  4.72        0.0040            7.93
   43       6           42.8137         163.1220             0.0061                  1.50                 2.10                  3.60        0.0040            7.92
   44       6           42.7819         162.9815             0.0061                  2.68                 2.76                  5.44        0.0040            7.93
   45       6           42.7819         162.9815             0.0061                  2.68                 2.76                  5.44        0.0040            7.93
   46       6           42.7347         162.8721             0.0061                  2.68                 3.16                  5.83        0.0040            7.92
   47       6           42.7347         162.8721             0.0061                  2.68                 3.16                  5.83        0.0040            7.92
   48       7           42.7691         162.9376             0.0061                  2.68                 3.32                  6.00        0.0040            7.93

Summary Statistics:
------------------------------------------------------------------------------------------------------------------------
        Comp     Groups  Wall Time/Evt (s)  CPU Time/Evt (s)  Throughput (evt/s)  Write Remote (MB/evt)  Read Remote (MB/evt)  Net Transfer (MB/evt)  CPU Cores/Evt  Memory/Evt (MB)
count  48.00  48.000000          48.000000         48.000000           48.000000              48.000000             48.000000              48.000000      48.000000        48.000000
mean   24.50   4.333333          42.846209        163.248802            0.006126               1.782451              1.847194               3.629645       0.003960         7.920700
std    14.00   1.117241           0.071195          0.263540            0.000010               0.668887              0.761565               1.403719       0.000003         0.005735
min     1.00   2.000000          42.734714        162.872061            0.006104               0.888672              0.565666               1.454338       0.003954         7.907200
25%    12.75   4.000000          42.792460        163.057696            0.006120               1.350435              1.275087               2.620005       0.003959         7.918400
50%    24.50   4.000000          42.837965        163.176075            0.006128               1.782451              1.934233               3.733403       0.003961         7.921600
75%    36.25   5.000000          42.890532        163.410414            0.006133               2.214468              2.505435               4.820013       0.003962         7.923200
max    48.00   7.000000          43.007441        163.824198            0.006140               2.676230              3.320008               5.996239       0.003967         7.934400
