Workflow Construction Summary Table
========================================================================================================================

 Comp  Groups Wall Time/Evt (s) CPU Time/Evt (s) Throughput (evt/s) Write Remote (MB/evt) Read Remote (MB/evt) Net Transfer (MB/evt) CPU Cores/Evt Memory/Evt (MB)
    1       1            8.1796          65.1137             0.0154                  0.45                 0.00                  0.45        0.0311           31.08
    2       2            7.9472          63.2647             0.0158                  0.45                 0.06                  0.51        0.0311           31.07
    3       2            7.7174          61.4373             0.0163                  1.23                 0.79                  2.02        0.0310           31.01
    4       2            7.7355          61.5877             0.0162                  0.45                 0.38                  0.83        0.0311           31.06
    5       2            7.9685          63.4338             0.0158                  2.54                 2.10                  4.64        0.0310           31.00
    6       3            7.7281          61.5300             0.0163                  0.45                 0.44                  0.89        0.0311           31.07
    7       3            7.6154          60.6264             0.0165                  1.23                 0.85                  2.08        0.0310           31.00
    8       3            7.9602          63.3716             0.0158                  3.32                 2.88                  6.21        0.0310           31.00
    9       3            7.9059          62.9358             0.0159                  2.54                 2.16                  4.70        0.0310           31.00
   10       3            7.8827          62.7610             0.0159                  2.54                 2.48                  5.02        0.0310           30.99
   11       3            7.5445          60.0682             0.0166                  1.23                 1.16                  2.39        0.0310           31.00
   12       4            7.8757          62.7048             0.0159                  2.54                 2.54                  5.08        0.0310           30.99
   13       4            7.5374          60.0120             0.0167                  1.23                 1.23                  2.46        0.0310           31.01
   14       4            7.8975          62.8730             0.0159                  3.32                 2.95                  6.27        0.0310           31.00
   15       4            7.8752          62.7022             0.0159                  3.32                 3.26                  6.58        0.0310           31.00
   16       5            7.8681          62.6460             0.0160                  3.32                 3.33                  6.65        0.0310           31.00

Summary Statistics:
------------------------------------------------------------------------------------------------------------------------
            Comp     Groups  Wall Time/Evt (s)  CPU Time/Evt (s)  Throughput (evt/s)  Write Remote (MB/evt)  Read Remote (MB/evt)  Net Transfer (MB/evt)  CPU Cores/Evt  Memory/Evt (MB)
count  16.000000  16.000000          16.000000         16.000000           16.000000              16.000000             16.000000              16.000000      16.000000        16.000000
mean    8.500000   3.000000           7.827439         62.316756            0.016054               1.884766              1.663047               3.547812       0.031017        31.017400
std     4.760952   1.032796           0.170456          1.354703            0.000350               1.152134              1.174280               2.318111       0.000031         0.031085
min     1.000000   1.000000           7.537437         60.012009            0.015358               0.449219              0.000000               0.449219       0.030989        30.988800
25%     4.750000   2.000000           7.725403         61.506799            0.015869               1.035156              0.699105               1.734261       0.030999        30.999200
50%     8.500000   3.000000           7.875427         62.703473            0.015948               1.884766              1.663364               3.548129       0.031003        31.003200
75%    12.250000   4.000000           7.916251         63.017991            0.016258               2.734375              2.626667               5.361042       0.031026        31.025600
max    16.000000   5.000000           8.179640         65.113687            0.016663               3.320312              3.325678               6.645990       0.031077        31.076800
