Workflow Construction Summary Table
========================================================================================================================

 Comp  Groups Wall Time/Evt (s) CPU Time/Evt (s) Throughput (evt/s) Write Remote (MB/evt) Read Remote (MB/evt) Net Transfer (MB/evt) CPU Cores/Evt Memory/Evt (MB)
    1       2           42.2890         324.6428             0.0031                  0.89                 0.55                  1.44        0.0446           45.33
    2       2           42.2890         324.6428             0.0031                  0.89                 0.55                  1.44        0.0446           44.19
    3       3           42.2778         324.5991             0.0031                  0.89                 0.70                  1.59        0.0446           45.33
    4       3           42.2778         324.5991             0.0031                  0.89                 0.70                  1.59        0.0446           44.19
    5       3           41.9479         320.7577             0.0031                  0.89                 0.70                  1.59        0.0443           44.97
    6       3           41.9479         320.7577             0.0031                  0.89                 0.70                  1.59        0.0443           44.09
    7       3           41.9510         163.8913             0.0061                  1.50                 1.18                  2.69        0.0226           45.11
    8       3           41.9510         163.8913             0.0061                  1.50                 1.18                  2.69        0.0226           43.97
    9       3           41.6217         314.0504             0.0032                  0.89                 1.10                  1.98        0.0438           44.19
   10       3           41.3477         286.6524             0.0035                  2.06                 1.75                  3.81        0.0402           45.22
   11       3           41.3477         286.6524             0.0035                  2.06                 1.75                  3.81        0.0402           44.08
   12       4           41.9302         320.7040             0.0031                  0.89                 0.85                  1.74        0.0443           44.97
   13       4           41.9302         320.7040             0.0031                  0.89                 0.85                  1.74        0.0443           44.09
   14       4           41.9359         163.8397             0.0061                  1.50                 1.33                  2.84        0.0226           45.11
   15       4           41.9359         163.8397             0.0061                  1.50                 1.33                  2.84        0.0226           43.97
   16       4           41.5985         313.9766             0.0032                  0.89                 1.24                  2.13        0.0438           44.17
   17       4           41.5985         313.9766             0.0032                  0.89                 1.24                  2.13        0.0438           44.17
   18       4           41.6242         162.6086             0.0061                  1.50                 1.33                  2.84        0.0227           44.98
   19       4           41.6242         162.6086             0.0061                  1.50                 1.33                  2.84        0.0227           44.11
   20       4           41.3362         286.6109             0.0035                  2.06                 1.90                  3.96        0.0402           45.22
   21       4           41.0480         160.4649             0.0062                  2.68                 2.38                  5.06        0.0226           45.05
   22       4           41.3362         286.6109             0.0035                  2.06                 1.90                  3.96        0.0402           44.08
   23       4           41.0480         160.4649             0.0062                  2.68                 2.38                  5.06        0.0226           43.92
   24       4           41.2824         286.3955             0.0035                  2.06                 1.90                  3.96        0.0402           44.97
   25       4           41.2824         286.3955             0.0035                  2.06                 1.90                  3.96        0.0402           44.09
   26       4           41.2087         286.1245             0.0035                  2.06                 2.30                  4.36        0.0402           44.07
   27       4           41.3031         161.3499             0.0062                  1.50                 1.73                  3.24        0.0226           43.98
   28       5           41.6008         313.9628             0.0032                  0.89                 1.40                  2.28        0.0438           44.19
   29       5           41.6129         162.5647             0.0062                  1.50                 1.48                  2.99        0.0227           44.98
   30       5           41.6129         162.5647             0.0062                  1.50                 1.48                  2.99        0.0227           44.11
   31       5           41.0354         160.4185             0.0062                  2.68                 2.53                  5.21        0.0226           45.05
   32       5           41.0354         160.4185             0.0062                  2.68                 2.53                  5.21        0.0226           43.93
   33       5           41.2702         286.3526             0.0035                  2.06                 2.05                  4.11        0.0402           44.97
   34       5           41.2702         286.3526             0.0035                  2.06                 2.05                  4.11        0.0402           44.09
   35       5           41.1888         286.0663             0.0035                  2.06                 2.45                  4.51        0.0402           44.05
   36       5           41.1888         286.0663             0.0035                  2.06                 2.45                  4.51        0.0402           44.06
   37       5           41.2795         161.2813             0.0062                  1.50                 1.88                  3.39        0.0226           43.96
   38       5           41.2795         161.2813             0.0062                  1.50                 1.88                  3.39        0.0226           43.96
   39       5           40.9785         160.1997             0.0062                  2.68                 2.53                  5.21        0.0226           44.79
   40       5           40.9785         160.1997             0.0062                  2.68                 2.53                  5.21        0.0226           43.92
   41       5           40.9291         160.0068             0.0062                  2.68                 2.93                  5.61        0.0226           43.92
   42       6           41.1765         286.0232             0.0035                  2.06                 2.60                  4.66        0.0402           44.06
   43       6           41.2647         161.2302             0.0062                  1.50                 2.03                  3.54        0.0226           43.96
   44       6           40.9679         160.1573             0.0062                  2.68                 2.68                  5.36        0.0226           44.80
   45       6           40.9679         160.1573             0.0062                  2.68                 2.68                  5.36        0.0226           43.93
   46       6           40.9178         159.9627             0.0063                  2.68                 3.08                  5.76        0.0226           43.92
   47       6           40.9178         159.9627             0.0063                  2.68                 3.08                  5.76        0.0226           43.92
   48       7           40.9008         159.9073             0.0063                  2.68                 3.23                  5.91        0.0226           43.91

Summary Statistics:
------------------------------------------------------------------------------------------------------------------------
        Comp     Groups  Wall Time/Evt (s)  CPU Time/Evt (s)  Throughput (evt/s)  Write Remote (MB/evt)  Read Remote (MB/evt)  Net Transfer (MB/evt)  CPU Cores/Evt  Memory/Evt (MB)
count  48.00  48.000000          48.000000         48.000000           48.000000              48.000000             48.000000              48.000000      48.000000        48.000000
mean   24.50   4.333333          41.450947        232.228091            0.004753               1.782451              1.799148               3.581599       0.032398        44.376808
std    14.00   1.117241           0.417349         72.621595            0.001465               0.668887              0.741824               1.383977       0.010016         0.498460
min     1.00   2.000000          40.900841        159.907256            0.003080               0.888672              0.549900               1.438572       0.022562        43.905600
25%    12.75   4.000000          41.144361        161.038907            0.003413               1.350435              1.243478               2.585984       0.022587        43.971800
50%    24.50   4.000000          41.319650        224.957253            0.004799               1.782451              1.884199               3.676261       0.031416        44.098200
75%    36.25   5.000000          41.700680        293.480017            0.006210               2.214468              2.449559               4.759337       0.041098        44.967700
max    48.00   7.000000          42.288956        324.642796            0.006254               2.676230              3.229202               5.905433       0.044571        45.332800
