Workflow Construction Summary Table
========================================================================================================================

 Comp  Groups Wall Time/Evt (s) CPU Time/Evt (s) Throughput (evt/s) Write Remote (MB/evt) Read Remote (MB/evt) Net Transfer (MB/evt) CPU Cores/Evt Memory/Evt (MB)
    1       1            9.7857          68.9848             0.0145                  0.45                 0.00                  0.45        0.0201           20.10
    2       2            9.6319          67.6439             0.0148                  0.45                 0.08                  0.53        0.0200           20.02
    3       2            9.4792          64.8840             0.0154                  0.45                 0.44                  0.89        0.0195           19.52
    4       2            9.3718          56.3827             0.0177                  2.53                 2.41                  4.94        0.0172           18.31
    5       2            9.3827          50.9681             0.0196                  1.23                 0.90                  2.12        0.0156           13.13
    6       3            9.4599          64.0101             0.0156                  0.45                 0.50                  0.95        0.0193           19.54
    7       3            9.3254          56.2215             0.0178                  2.53                 2.48                  5.01        0.0172           18.25
    8       3            9.3140          50.7530             0.0197                  1.23                 0.97                  2.19        0.0156           13.06
    9       3            9.2932          56.1799             0.0178                  2.53                 2.82                  5.35        0.0172           17.75
   10       3            9.2553          50.5576             0.0198                  1.23                 1.33                  2.56        0.0156           12.53
   11       3            9.2704          50.5753             0.0198                  3.32                 3.30                  6.61        0.0156           12.76
   12       4            9.2713          55.2698             0.0181                  2.53                 2.89                  5.42        0.0170           17.73
   13       4            9.2380          49.6803             0.0201                  1.23                 1.39                  2.62        0.0154           12.55
   14       4            9.2316          50.4367             0.0198                  3.32                 3.38                  6.70        0.0157           12.71
   15       4            9.1825          50.2644             0.0199                  3.31                 3.73                  7.04        0.0156           12.17
   16       5            9.1723          49.4570             0.0202                  3.32                 3.81                  7.12        0.0154           12.23

Summary Statistics:
------------------------------------------------------------------------------------------------------------------------
            Comp     Groups  Wall Time/Evt (s)  CPU Time/Evt (s)  Throughput (evt/s)  Write Remote (MB/evt)  Read Remote (MB/evt)  Net Transfer (MB/evt)  CPU Cores/Evt  Memory/Evt (MB)
count  16.000000  16.000000          16.000000         16.000000           16.000000              16.000000             16.000000              16.000000      16.000000        16.000000
mean    8.500000   3.000000           9.354069         55.766832            0.018167               1.880154              1.900801               3.780955       0.017011        15.772375
std     4.760952   1.032796           0.165771          6.858858            0.002048               1.149652              1.341698               2.482672       0.001762         3.312522
min     1.000000   1.000000           9.172335         49.457049            0.014496               0.447971              0.000000               0.448283       0.015400        12.170000
25%     4.750000   2.000000           9.250931         50.527364            0.017208               1.032390              0.797103               1.829337       0.015639        12.674000
50%     8.500000   3.000000           9.303578         53.118962            0.018857               1.879033              1.899933               3.778366       0.016307        15.427000
75%    12.250000   4.000000           9.402007         58.289561            0.019791               2.725679              2.989679               5.715999       0.017743        18.612500
max    16.000000   5.000000           9.785735         68.984799            0.020220               3.317353              3.807366               7.123027       0.020104        20.104000
