Workflow Construction Summary Table
========================================================================================================================

 Comp  Groups Wall Time/Evt (s) CPU Time/Evt (s) Throughput (evt/s) Write Remote (MB/evt) Read Remote (MB/evt) Net Transfer (MB/evt) CPU Cores/Evt Memory/Evt (MB)
    1       2           41.0573         315.2848             0.0032                  0.89                 0.55                  1.44        0.0111           11.26
    2       2           41.0573         315.2848             0.0032                  0.89                 0.55                  1.44        0.0111           10.97
    3       3           41.0702         315.3227             0.0032                  0.89                 0.70                  1.59        0.0111           11.26
    4       3           41.0702         315.3227             0.0032                  0.89                 0.70                  1.59        0.0111           10.97
    5       3           40.9711         313.3828             0.0032                  0.89                 0.70                  1.59        0.0110           11.19
    6       3           40.9711         313.3828             0.0032                  0.89                 0.70                  1.59        0.0110           10.97
    7       3           41.0936         161.0675             0.0062                  1.50                 1.18                  2.69        0.0056           11.24
    8       3           41.0936         161.0675             0.0062                  1.50                 1.18                  2.69        0.0056           10.95
    9       3           40.9336         308.7123             0.0032                  0.89                 1.10                  1.99        0.0109           10.96
   10       3           41.0682         284.5310             0.0035                  2.06                 1.75                  3.81        0.0100           11.26
   11       3           41.0682         284.5310             0.0035                  2.06                 1.75                  3.81        0.0100           10.97
   12       4           40.9977         313.4598             0.0032                  0.89                 0.85                  1.74        0.0110           11.20
   13       4           40.9977         313.4598             0.0032                  0.89                 0.85                  1.74        0.0110           10.97
   14       4           41.1138         161.1318             0.0062                  1.50                 1.33                  2.84        0.0056           11.25
   15       4           41.1138         161.1318             0.0062                  1.50                 1.33                  2.84        0.0056           10.96
   16       4           40.9436         308.7563             0.0032                  0.89                 1.25                  2.14        0.0109           10.96
   17       4           40.9436         308.7563             0.0032                  0.89                 1.25                  2.14        0.0109           10.96
   18       4           41.0320         160.8159             0.0062                  1.50                 1.33                  2.84        0.0056           11.18
   19       4           41.0320         160.8159             0.0062                  1.50                 1.33                  2.84        0.0056           10.96
   20       4           41.0770         284.5724             0.0035                  2.06                 1.90                  3.96        0.0100           11.26
   21       4           41.1443         161.2321             0.0062                  2.68                 2.38                  5.06        0.0056           11.25
   22       4           41.0770         284.5724             0.0035                  2.06                 1.90                  3.96        0.0100           10.97
   23       4           41.1443         161.2321             0.0062                  2.68                 2.38                  5.06        0.0056           10.96
   24       4           41.0584         284.5088             0.0035                  2.06                 1.90                  3.96        0.0100           11.19
   25       4           41.0584         284.5088             0.0035                  2.06                 1.90                  3.96        0.0100           10.97
   26       4           41.0922         284.6308             0.0035                  2.06                 2.30                  4.36        0.0100           10.97
   27       4           41.0051         160.6870             0.0062                  1.50                 1.73                  3.24        0.0056           10.96
   28       5           40.9718         308.8482             0.0032                  0.89                 1.41                  2.29        0.0109           10.97
   29       5           41.0502         160.8761             0.0062                  1.50                 1.48                  2.99        0.0056           11.19
   30       5           41.0502         160.8761             0.0062                  1.50                 1.48                  2.99        0.0056           10.97
   31       5           41.1511         161.2697             0.0062                  2.68                 2.53                  5.21        0.0056           11.25
   32       5           41.1511         161.2697             0.0062                  2.68                 2.53                  5.21        0.0056           10.96
   33       5           41.0770         284.5700             0.0035                  2.06                 2.05                  4.11        0.0100           11.20
   34       5           41.0770         284.5700             0.0035                  2.06                 2.05                  4.11        0.0100           10.97
   35       5           41.1034         284.6770             0.0035                  2.06                 2.45                  4.51        0.0100           10.97
   36       5           41.1034         284.6770             0.0035                  2.06                 2.45                  4.51        0.0100           10.97
   37       5           40.9938         160.6883             0.0062                  1.50                 1.88                  3.39        0.0056           10.96
   38       5           40.9938         160.6883             0.0062                  1.50                 1.88                  3.39        0.0056           10.95
   39       5           41.1313         161.2039             0.0062                  2.68                 2.53                  5.21        0.0056           11.18
   40       5           41.1313         161.2039             0.0062                  2.68                 2.53                  5.21        0.0056           10.96
   41       5           41.1660         161.3275             0.0062                  2.68                 2.93                  5.61        0.0056           10.96
   42       6           41.1179         284.7301             0.0035                  2.06                 2.60                  4.66        0.0100           10.98
   43       6           41.0244         160.7735             0.0062                  1.50                 2.04                  3.54        0.0056           10.96
   44       6           41.1498         161.2649             0.0062                  2.68                 2.68                  5.36        0.0056           11.19
   45       6           41.1498         161.2649             0.0062                  2.68                 2.68                  5.36        0.0056           10.97
   46       6           41.1666         161.3527             0.0062                  2.68                 3.08                  5.76        0.0056           10.96
   47       6           41.1666         161.3527             0.0062                  2.68                 3.08                  5.76        0.0056           10.96
   48       7           41.1869         161.4171             0.0062                  2.68                 3.23                  5.91        0.0056           10.97

Summary Statistics:
------------------------------------------------------------------------------------------------------------------------
        Comp     Groups  Wall Time/Evt (s)  CPU Time/Evt (s)  Throughput (evt/s)  Write Remote (MB/evt)  Read Remote (MB/evt)  Net Transfer (MB/evt)  CPU Cores/Evt  Memory/Evt (MB)
count  48.00  48.000000          48.000000         48.000000           48.000000              48.000000             48.000000              48.000000      48.000000        48.000000
mean   24.50   4.333333          41.070810        229.813817            0.004783               1.782451              1.801079               3.583531       0.008066        11.051242
std    14.00   1.117241           0.066611         70.183391            0.001445               0.668887              0.740848               1.382715       0.002481         0.123720
min     1.00   2.000000          40.933566        160.687005            0.003171               0.888672              0.551388               1.440060       0.005632        10.954000
25%    12.75   4.000000          41.030112        161.185856            0.003444               1.350435              1.253263               2.588966       0.005635        10.963100
50%    24.50   4.000000          41.073608        222.962949            0.004855               1.782451              1.882136               3.676091       0.007823        10.971200
75%    36.25   5.000000          41.121293        290.725674            0.006204               2.214468              2.453231               4.762532       0.010224        11.190800
max    48.00   7.000000          41.186889        315.322729            0.006223               2.676230              3.233034               5.909265       0.011066        11.264000
