Workflow Construction Summary Table
========================================================================================================================

 Comp  Groups Wall Time/Evt (s) CPU Time/Evt (s) Throughput (evt/s) Write Remote (MB/evt) Read Remote (MB/evt) Net Transfer (MB/evt) CPU Cores/Evt Memory/Evt (MB)
    1       1            9.6178          66.1851             0.0151                  0.45                 0.00                  0.45        0.0009            0.89
    2       2            9.6121          65.5960             0.0152                  0.44                 0.06                  0.51        0.0009            0.90
    3       2            9.6092          63.9852             0.0156                  0.44                 0.42                  0.86        0.0009            0.88
    4       2            9.6927          57.1824             0.0175                  2.54                 2.42                  4.96        0.0008            0.84
    5       2            9.5260          51.7957             0.0193                  1.23                 0.88                  2.11        0.0007            0.57
    6       3            9.6096          63.1893             0.0158                  0.44                 0.49                  0.93        0.0009            0.89
    7       3            9.7434          57.2822             0.0175                  2.54                 2.52                  5.06        0.0008            0.85
    8       3            9.6245          52.1633             0.0192                  1.23                 0.95                  2.18        0.0007            0.59
    9       3            9.5029          56.4573             0.0177                  2.50                 2.76                  5.26        0.0008            0.80
   10       3            9.4722          51.1672             0.0195                  1.21                 1.27                  2.49        0.0007            0.55
   11       3            9.5329          51.7126             0.0193                  3.32                 3.22                  6.54        0.0007            0.56
   12       4            9.5932          56.2351             0.0178                  2.54                 2.88                  5.42        0.0008            0.81
   13       4            9.6346          51.1302             0.0196                  1.23                 1.36                  2.59        0.0007            0.60
   14       4            9.6040          51.8537             0.0193                  3.32                 3.33                  6.65        0.0007            0.59
   15       4            9.5177          51.6849             0.0193                  3.32                 3.67                  6.99        0.0007            0.56
   16       5            9.4274          50.7105             0.0197                  3.32                 3.69                  7.01        0.0007            0.55

Summary Statistics:
------------------------------------------------------------------------------------------------------------------------
            Comp     Groups  Wall Time/Evt (s)  CPU Time/Evt (s)  Throughput (evt/s)  Write Remote (MB/evt)  Read Remote (MB/evt)  Net Transfer (MB/evt)  CPU Cores/Evt  Memory/Evt (MB)
count  16.000000  16.000000          16.000000         16.000000           16.000000              16.000000             16.000000              16.000000      16.000000        16.000000
mean    8.500000   3.000000           9.582493         56.145663            0.017970               1.880381              1.869409               3.749790       0.000777         0.715500
std     4.760952   1.032796           0.081265          5.632492            0.001695               1.152744              1.323347               2.468064       0.000073         0.150222
min     1.000000   1.000000           9.427390         50.710465            0.015109               0.443676              0.000000               0.449219       0.000704         0.550000
25%     4.750000   2.000000           9.523892         51.705654            0.017049               1.021834              0.780130               1.814037       0.000720         0.569500
50%     8.500000   3.000000           9.606606         54.199215            0.018477               1.866342              1.892644               3.777410       0.000756         0.695500
75%    12.250000   4.000000           9.619447         58.758965            0.019340               2.734375              2.962282               5.696657       0.000817         0.856250
max    16.000000   5.000000           9.743365         66.185080            0.019720               3.320312              3.690642               7.010954       0.000904         0.904000
