Workflow Construction Summary Table
========================================================================================================================

 Comp  Groups Wall Time/Evt (s) CPU Time/Evt (s) Throughput (evt/s) Write Remote (MB/evt) Read Remote (MB/evt) Net Transfer (MB/evt) CPU Cores/Evt Memory/Evt (MB)
    1       1            9.3065          74.0594             0.0135                  0.45                 0.00                  0.45        0.0622           62.20
    2       2            8.8292          70.2611             0.0142                  0.45                 0.06                  0.51        0.0622           62.18
    3       2            8.3468          66.4224             0.0151                  0.45                 0.38                  0.83        0.0622           62.20
    4       2            8.0453          64.0235             0.0156                  2.54                 2.10                  4.64        0.0622           62.16
    5       2            8.0691          64.2138             0.0156                  1.23                 0.79                  2.02        0.0622           62.16
    6       3            8.3199          66.2083             0.0151                  0.45                 0.44                  0.89        0.0622           62.22
    7       3            7.9080          62.9298             0.0159                  2.54                 2.16                  4.70        0.0622           62.21
    8       3            7.8529          62.4924             0.0160                  1.23                 0.85                  2.08        0.0622           62.15
    9       3            7.8039          62.1007             0.0161                  2.54                 2.48                  5.02        0.0622           62.20
   10       3            7.6513          60.8880             0.0164                  1.23                 1.16                  2.39        0.0622           62.16
   11       3            7.7151          61.3965             0.0163                  3.32                 2.89                  6.21        0.0621           62.13
   12       4            7.7768          61.8857             0.0162                  2.54                 2.54                  5.08        0.0622           62.21
   13       4            7.6244          60.6740             0.0165                  1.23                 1.23                  2.46        0.0622           62.18
   14       4            7.5777          60.3021             0.0166                  3.32                 2.95                  6.27        0.0622           62.17
   15       4            7.4737          59.4735             0.0168                  3.32                 3.26                  6.58        0.0622           62.17
   16       5            7.4467          59.2587             0.0169                  3.32                 3.33                  6.65        0.0622           62.18

Summary Statistics:
------------------------------------------------------------------------------------------------------------------------
            Comp     Groups  Wall Time/Evt (s)  CPU Time/Evt (s)  Throughput (evt/s)  Write Remote (MB/evt)  Read Remote (MB/evt)  Net Transfer (MB/evt)  CPU Cores/Evt  Memory/Evt (MB)
count  16.000000  16.000000          16.000000         16.000000           16.000000              16.000000             16.000000              16.000000      16.000000        16.000000
mean    8.500000   3.000000           7.984199         63.536877            0.015794               1.884766              1.663526               3.548291       0.062179        62.179000
std     4.760952   1.032796           0.506207          4.028369            0.000932               1.152134              1.174340               2.318138       0.000025         0.024593
min     1.000000   1.000000           7.446654         59.258740            0.013503               0.449219              0.000000               0.449219       0.062128        62.128000
25%     4.750000   2.000000           7.644603         60.834506            0.015456               1.035156              0.699521               1.734678       0.062160        62.160000
50%     8.500000   3.000000           7.828380         62.296561            0.016052               1.884766              1.663591               3.548356       0.062176        62.176000
75%    12.250000   4.000000           8.131823         64.712397            0.016438               2.734375              2.627181               5.361556       0.062200        62.200000
max    16.000000   5.000000           9.306508         74.059429            0.016875               3.320312              3.326817               6.647129       0.062216        62.216000
