Workflow Construction Summary Table
========================================================================================================================

 Comp  Groups Wall Time/Evt (s) CPU Time/Evt (s) Throughput (evt/s) Write Remote (MB/evt) Read Remote (MB/evt) Net Transfer (MB/evt) CPU Cores/Evt Memory/Evt (MB)
    1       1            7.3530          57.5899             0.0174                  0.45                 0.00                  0.45        0.0040            4.01
    2       2            7.3374          57.2080             0.0175                  0.45                 0.06                  0.51        0.0040            4.02
    3       2            7.3076          55.5555             0.0180                  0.45                 0.38                  0.83        0.0039            3.92
    4       2            7.2824          48.7144             0.0205                  2.54                 2.14                  4.68        0.0034            3.68
    5       2            7.2901          44.1047             0.0227                  1.23                 0.80                  2.03        0.0031            2.65
    6       3            7.3050          54.7846             0.0183                  0.45                 0.44                  0.89        0.0039            3.93
    7       3            7.2748          48.6821             0.0205                  2.54                 2.20                  4.74        0.0034            3.66
    8       3            7.2904          44.0787             0.0227                  1.23                 0.89                  2.12        0.0031            2.64
    9       3            7.2755          48.6418             0.0206                  2.54                 2.53                  5.07        0.0034            3.55
   10       3            7.2779          44.0295             0.0227                  1.23                 1.20                  2.43        0.0031            2.54
   11       3            7.2859          44.0607             0.0227                  3.32                 2.95                  6.27        0.0031            2.59
   12       4            7.2797          47.9288             0.0209                  2.54                 2.61                  5.15        0.0034            3.56
   13       4            7.2652          43.2968             0.0231                  1.23                 1.25                  2.48        0.0031            2.56
   14       4            7.2423          43.9565             0.0227                  3.32                 3.00                  6.32        0.0031            2.58
   15       4            7.2706          44.0008             0.0227                  3.32                 3.33                  6.65        0.0031            2.47
   16       5            7.2588          43.2507             0.0231                  3.32                 3.40                  6.72        0.0031            2.48

Summary Statistics:
------------------------------------------------------------------------------------------------------------------------
            Comp     Groups  Wall Time/Evt (s)  CPU Time/Evt (s)  Throughput (evt/s)  Write Remote (MB/evt)  Read Remote (MB/evt)  Net Transfer (MB/evt)  CPU Cores/Evt  Memory/Evt (MB)
count  16.000000  16.000000          16.000000         16.000000           16.000000              16.000000             16.000000              16.000000      16.000000         16.00000
mean    8.500000   3.000000           7.287293         48.117706            0.021003               1.884714              1.698491               3.583205       0.003403          3.17700
std     4.760952   1.032796           0.027871          5.290836            0.002148               1.152203              1.199596               2.343371       0.000356          0.64958
min     1.000000   1.000000           7.242289         43.250717            0.017364               0.448386              0.000000               0.449219       0.003080          2.47100
25%     4.750000   2.000000           7.273774         44.022317            0.019959               1.035156              0.710770               1.745718       0.003124          2.57600
50%     8.500000   3.000000           7.281066         46.016727            0.021769               1.884766              1.691885               3.576651       0.003265          3.09900
75%    12.250000   4.000000           7.294049         50.231941            0.022716               2.734375              2.692697               5.427072       0.003554          3.73700
max    16.000000   5.000000           7.353030         57.589918            0.023121               3.320312              3.397301               6.717613       0.004016          4.01600
