Workflow Construction Summary Table
========================================================================================================================

 Comp  Groups Wall Time/Evt (s) CPU Time/Evt (s) Throughput (evt/s) Write Remote (MB/evt) Read Remote (MB/evt) Net Transfer (MB/evt) CPU Cores/Evt Memory/Evt (MB)
    1       2           52.3773         361.1648             0.0028                  0.89                 0.62                  1.51        0.0281           28.57
    2       2           52.3773         361.1648             0.0028                  0.89                 0.62                  1.51        0.0281           27.85
    3       3           52.3809         361.1674             0.0028                  0.89                 0.79                  1.68        0.0281           28.58
    4       3           52.3809         361.1674             0.0028                  0.89                 0.79                  1.68        0.0281           27.86
    5       3           52.1579         358.2443             0.0028                  0.89                 0.79                  1.68        0.0280           28.41
    6       3           52.1579         358.2443             0.0028                  0.89                 0.79                  1.68        0.0280           27.86
    7       3           52.1790         183.1058             0.0055                  1.50                 1.34                  2.85        0.0143           28.52
    8       3           52.1790         183.1058             0.0055                  1.50                 1.34                  2.85        0.0143           27.79
    9       3           51.9122         351.8941             0.0028                  0.89                 1.25                  2.14        0.0276           27.81
   10       3           51.7730         322.4564             0.0031                  2.06                 1.99                  4.05        0.0253           28.53
   11       3           51.7730         322.4564             0.0031                  2.06                 1.99                  4.05        0.0253           27.80
   12       4           52.1359         358.1894             0.0028                  0.89                 0.96                  1.85        0.0280           28.41
   13       4           52.1359         358.1894             0.0028                  0.89                 0.96                  1.85        0.0280           27.86
   14       4           52.1778         183.0810             0.0055                  1.50                 1.51                  3.02        0.0143           28.52
   15       4           52.1778         183.0810             0.0055                  1.50                 1.51                  3.02        0.0143           27.80
   16       4           51.8985         351.8559             0.0028                  0.89                 1.42                  2.31        0.0276           27.82
   17       4           51.8985         351.8559             0.0028                  0.89                 1.42                  2.31        0.0276           27.82
   18       4           51.9802         182.3869             0.0055                  1.50                 1.51                  3.01        0.0143           28.37
   19       4           51.9802         182.3869             0.0055                  1.50                 1.51                  3.01        0.0143           27.82
   20       4           51.7480         322.4887             0.0031                  2.06                 2.15                  4.21        0.0254           28.53
   21       4           51.6010         181.1277             0.0055                  2.68                 2.70                  5.38        0.0143           28.49
   22       4           51.7480         322.4887             0.0031                  2.06                 2.15                  4.21        0.0254           27.81
   23       4           51.6010         181.1277             0.0055                  2.68                 2.70                  5.38        0.0143           27.78
   24       4           51.7134         322.2683             0.0031                  2.06                 2.16                  4.22        0.0253           28.36
   25       4           51.7134         322.2683             0.0031                  2.06                 2.16                  4.22        0.0253           27.82
   26       4           51.6981         322.4340             0.0031                  2.06                 2.60                  4.67        0.0254           27.81
   27       4           51.7399         181.5944             0.0055                  1.50                 1.96                  3.46        0.0143           27.78
   28       5           51.8897         351.8274             0.0028                  0.89                 1.59                  2.48        0.0276           27.80
   29       5           51.9499         182.3097             0.0055                  1.50                 1.68                  3.19        0.0143           28.37
   30       5           51.9499         182.3097             0.0055                  1.50                 1.68                  3.19        0.0143           27.80
   31       5           51.5892         181.0934             0.0055                  2.68                 2.87                  5.55        0.0143           28.50
   32       5           51.5892         181.0934             0.0055                  2.68                 2.87                  5.55        0.0143           27.78
   33       5           51.7148         322.3763             0.0031                  2.06                 2.32                  4.38        0.0254           28.37
   34       5           51.7148         322.3763             0.0031                  2.06                 2.32                  4.38        0.0254           27.82
   35       5           51.6238         322.2862             0.0031                  2.06                 2.76                  4.82        0.0254           27.80
   36       5           51.6238         322.2862             0.0031                  2.06                 2.76                  4.82        0.0254           27.80
   37       5           51.7365         181.5768             0.0055                  1.50                 2.13                  3.64        0.0143           27.79
   38       5           51.7365         181.5768             0.0055                  1.50                 2.13                  3.64        0.0143           27.79
   39       5           51.5309         180.9243             0.0055                  2.68                 2.87                  5.55        0.0143           28.33
   40       5           51.5309         180.9243             0.0055                  2.68                 2.87                  5.55        0.0143           27.77
   41       5           51.4408         180.6969             0.0055                  2.68                 3.32                  5.99        0.0143           27.73
   42       6           51.6747         322.3365             0.0031                  2.06                 2.95                  5.01        0.0254           27.84
   43       6           51.7233         181.5512             0.0055                  1.50                 2.30                  3.80        0.0143           27.78
   44       6           51.4673         180.7863             0.0055                  2.68                 3.04                  5.71        0.0143           28.30
   45       6           51.4673         180.7863             0.0055                  2.68                 3.04                  5.71        0.0143           27.75
   46       6           51.4390         180.6823             0.0055                  2.68                 3.48                  6.16        0.0143           27.75
   47       6           51.4390         180.6823             0.0055                  2.68                 3.48                  6.16        0.0143           27.77
   48       7           51.4474         180.6883             0.0055                  2.68                 3.66                  6.34        0.0143           27.75

Summary Statistics:
------------------------------------------------------------------------------------------------------------------------
        Comp     Groups  Wall Time/Evt (s)  CPU Time/Evt (s)  Throughput (evt/s)  Write Remote (MB/evt)  Read Remote (MB/evt)  Net Transfer (MB/evt)  CPU Cores/Evt  Memory/Evt (MB)
count  48.00  48.000000          48.000000         48.000000           48.000000              48.000000             48.000000              48.000000      48.000000        48.000000
mean   24.50   4.333333          51.830719        260.670148            0.004229               1.782451              2.038647               3.821098       0.020450        28.016417
std    14.00   1.117241           0.280237         80.877724            0.001296               0.668887              0.838920               1.479730       0.006305         0.314140
min     1.00   2.000000          51.439019        180.682297            0.002769               0.888672              0.621255               1.509926       0.014255        27.729000
25%    12.75   4.000000          51.618060        181.445324            0.003036               1.350435              1.418733               2.754266       0.014276        27.791500
50%    24.50   4.000000          51.743993        252.687091            0.004282               1.782451              2.131576               3.929526       0.019818        27.818800
75%    36.25   5.000000          52.019097        329.823381            0.005511               2.214468              2.759824               5.101981       0.025929        28.367250
max    48.00   7.000000          52.380932        361.167385            0.005535               2.676230              3.659030               6.335260       0.028099        28.582400
