Workflow Construction Summary Table
========================================================================================================================

 Comp  Groups Wall Time/Evt (s) CPU Time/Evt (s) Throughput (evt/s) Write Remote (MB/evt) Read Remote (MB/evt) Net Transfer (MB/evt) CPU Cores/Evt Memory/Evt (MB)
    1       1            9.3049         592.5478             0.0017                  0.45                 0.00                  0.45        0.4973          497.27
    2       2            8.8286         558.9612             0.0018                  0.45                 0.06                  0.51        0.4937          493.94
    3       2            8.0825         257.5025             0.0039                  1.23                 0.79                  2.02        0.2272          231.47
    4       2            8.3494         504.0772             0.0020                  0.45                 0.38                  0.83        0.4702          472.94
    5       2            8.0831         200.8510             0.0050                  2.54                 2.10                  4.64        0.1878          232.00
    6       3            8.3229         503.9852             0.0020                  0.45                 0.44                  0.89        0.4703          472.85
    7       3            7.8670         240.5259             0.0042                  1.23                 0.85                  2.08        0.2237          228.17
    8       3            7.7670         169.7465             0.0059                  3.32                 2.89                  6.21        0.1578          171.98
    9       3            7.9460         188.8633             0.0053                  2.54                 2.16                  4.70        0.1846          229.03
   10       3            7.8448         158.0538             0.0063                  2.54                 2.48                  5.02        0.1610          207.88
   11       3            7.6683         203.5229             0.0049                  1.23                 1.16                  2.39        0.2002          207.20
   12       4            7.8178         157.9525             0.0063                  2.54                 2.54                  5.08        0.1610          207.76
   13       4            7.6421         203.4185             0.0049                  1.23                 1.23                  2.46        0.2002          207.09
   14       4            7.6305         157.7731             0.0063                  3.32                 2.95                  6.27        0.1547          169.04
   15       4            7.5291         126.9677             0.0079                  3.32                 3.26                  6.58        0.1310          147.88
   16       5            7.5022         126.8620             0.0079                  3.32                 3.33                  6.65        0.1310          147.76

Summary Statistics:
------------------------------------------------------------------------------------------------------------------------
            Comp     Groups  Wall Time/Evt (s)  CPU Time/Evt (s)  Throughput (evt/s)  Write Remote (MB/evt)  Read Remote (MB/evt)  Net Transfer (MB/evt)  CPU Cores/Evt  Memory/Evt (MB)
count  16.000000  16.000000          16.000000         16.000000           16.000000              16.000000             16.000000              16.000000      16.000000        16.000000
mean    8.500000   3.000000           8.011647        271.975703            0.004765               1.884766              1.663558               3.548324       0.253239       270.266000
std     4.760952   1.032796           0.490139        164.708888            0.002055               1.152134              1.174781               2.318591       0.139865       130.582239
min     1.000000   1.000000           7.502228        126.861996            0.001688               0.449219              0.000000               0.449219       0.131019       147.763600
25%     4.750000   2.000000           7.661751        158.028515            0.003409               1.035156              0.699228               1.734384       0.160215       198.316100
50%     8.500000   3.000000           7.855913        202.134751            0.004947               1.884766              1.663541               3.548306       0.194033       218.024000
75%    12.250000   4.000000           8.143055        319.123211            0.006328               2.734375              2.627745               5.362120       0.287954       292.212200
max    16.000000   5.000000           9.304905        592.547756            0.007883               3.320312              3.327115               6.647428       0.497267       497.267200
