Workflow Construction Summary Table
========================================================================================================================

 Comp  Groups Wall Time/Evt (s) CPU Time/Evt (s) Throughput (evt/s) Write Remote (MB/evt) Read Remote (MB/evt) Net Transfer (MB/evt) CPU Cores/Evt Memory/Evt (MB)
    1       1            9.7292         607.4192             0.0016                  0.45                 0.00                  0.45        0.5177          517.67
    2       2            9.2390         573.0686             0.0017                  0.45                 0.07                  0.51        0.5139          514.14
    3       2            8.7699         516.8860             0.0019                  0.45                 0.39                  0.83        0.4896          492.39
    4       2            8.6050         270.2493             0.0037                  1.23                 0.80                  2.03        0.2367          241.14
    5       2            8.8519         221.5508             0.0045                  2.54                 2.14                  4.68        0.1956          241.54
    6       3            8.7486         516.7442             0.0019                  0.45                 0.45                  0.90        0.4895          492.18
    7       3            8.3865         252.8918             0.0040                  1.23                 0.87                  2.10        0.2330          237.70
    8       3            8.7151         209.2464             0.0048                  2.54                 2.21                  4.75        0.1922          238.37
    9       3            8.2090         214.9043             0.0047                  1.23                 1.19                  2.42        0.2086          215.90
   10       3            8.6392         177.6491             0.0056                  2.54                 2.53                  5.07        0.1677          216.47
   11       3            8.6721         190.5121             0.0052                  3.32                 2.95                  6.27        0.1644          179.16
   12       4            8.1875         214.7822             0.0047                  1.23                 1.25                  2.48        0.2086          215.73
   13       4            8.6180         177.5992             0.0056                  2.54                 2.60                  5.13        0.1678          216.41
   14       4            8.5350         178.2709             0.0056                  3.32                 3.01                  6.33        0.1611          176.11
   15       4            8.4591         146.5907             0.0068                  3.32                 3.33                  6.65        0.1365          154.09
   16       5            8.4376         146.4872             0.0068                  3.32                 3.40                  6.72        0.1365          153.94

Summary Statistics:
------------------------------------------------------------------------------------------------------------------------
            Comp     Groups  Wall Time/Evt (s)  CPU Time/Evt (s)  Throughput (evt/s)  Write Remote (MB/evt)  Read Remote (MB/evt)  Net Transfer (MB/evt)  CPU Cores/Evt  Memory/Evt (MB)
count  16.000000  16.000000          16.000000         16.000000           16.000000              16.000000             16.000000              16.000000      16.000000        16.000000
mean    8.500000   3.000000           8.675171        288.428244            0.004330               1.884754              1.698336               3.583091       0.263713       281.432975
std     4.760952   1.032796           0.378316        162.645650            0.001725               1.152129              1.199303               2.343018       0.145543       135.878218
min     1.000000   1.000000           8.187473        146.487151            0.001646               0.449219              0.000000               0.449219       0.136511       153.944400
25%     4.750000   2.000000           8.453753        178.115446            0.003259               1.035137              0.714049               1.749205       0.166885       206.588300
50%     8.500000   3.000000           8.628603        214.843279            0.004655               1.884727              1.698077               3.582792       0.202085       227.082400
75%    12.250000   4.000000           8.753896        331.873010            0.005614               2.734375              2.682974               5.417349       0.299883       304.198800
max    16.000000   5.000000           9.729207        607.419165            0.006827               3.320312              3.396796               6.717108       0.517670       517.670400
