Workflow Construction Summary Table
========================================================================================================================

 Comp  Groups Wall Time/Evt (s) CPU Time/Evt (s) Throughput (evt/s) Write Remote (MB/evt) Read Remote (MB/evt) Net Transfer (MB/evt) CPU Cores/Evt Memory/Evt (MB)
    1       1            7.2967          57.0924             0.0175                  0.45                 0.00                  0.45        0.0020            2.01
    2       2            7.2820          56.9775             0.0176                  0.45                 0.06                  0.51        0.0020            2.01
    3       2            7.2697          56.8810             0.0176                  0.45                 0.38                  0.83        0.0020            2.01
    4       2            7.2960          57.1011             0.0175                  2.54                 2.15                  4.68        0.0020            2.01
    5       2            7.2732          56.9083             0.0176                  1.23                 0.80                  2.03        0.0020            2.01
    6       3            7.2695          56.8794             0.0176                  0.45                 0.45                  0.90        0.0020            2.01
    7       3            7.2903          57.0635             0.0175                  2.54                 2.21                  4.75        0.0020            2.01
    8       3            7.2669          56.8591             0.0176                  1.23                 0.86                  2.09        0.0020            2.01
    9       3            7.2940          57.0781             0.0175                  2.54                 2.53                  5.07        0.0020            2.01
   10       3            7.2630          56.8311             0.0176                  1.23                 1.18                  2.41        0.0020            2.01
   11       3            7.3053          57.1599             0.0175                  3.32                 2.94                  6.26        0.0020            2.01
   12       4            7.2938          57.0766             0.0175                  2.54                 2.60                  5.13        0.0020            2.01
   13       4            7.2628          56.8295             0.0176                  1.23                 1.25                  2.48        0.0020            2.01
   14       4            7.3015          57.1304             0.0175                  3.32                 3.00                  6.32        0.0020            2.02
   15       4            7.3014          57.1294             0.0175                  3.32                 3.32                  6.64        0.0020            2.01
   16       5            7.3012          57.1277             0.0175                  3.32                 3.39                  6.71        0.0020            2.01

Summary Statistics:
------------------------------------------------------------------------------------------------------------------------
            Comp     Groups  Wall Time/Evt (s)  CPU Time/Evt (s)  Throughput (evt/s)  Write Remote (MB/evt)  Read Remote (MB/evt)  Net Transfer (MB/evt)  CPU Cores/Evt  Memory/Evt (MB)
count  16.000000  16.000000          16.000000         16.000000           16.000000              16.000000             16.000000              16.000000      16.000000        16.000000
mean    8.500000   3.000000           7.285437         57.007812            0.017542               1.884766              1.695179               3.579945       0.002010         2.010400
std     4.760952   1.032796           0.015463          0.122328            0.000038               1.152134              1.197459               2.341235       0.000003         0.003036
min     1.000000   1.000000           7.262781         56.829476            0.017495               0.449219              0.000000               0.449219       0.002006         2.006400
25%     4.750000   2.000000           7.269608         56.880637            0.017511               1.035156              0.711729               1.746886       0.002008         2.008000
50%     8.500000   3.000000           7.292036         57.070037            0.017522               1.884766              1.696641               3.581406       0.002010         2.009600
75%    12.250000   4.000000           7.297792         57.107726            0.017581               2.734375              2.681795               5.416170       0.002013         2.012800
max    16.000000   5.000000           7.305254         57.159872            0.017597               3.320312              3.386851               6.707164       0.002016         2.016000
