Workflow Construction Summary Table
========================================================================================================================

 Comp  Groups Wall Time/Evt (s) CPU Time/Evt (s) Throughput (evt/s) Write Remote (MB/evt) Read Remote (MB/evt) Net Transfer (MB/evt) CPU Cores/Evt Memory/Evt (MB)
    1       2           44.6711         334.0670             0.0030                  0.89                 0.56                  1.45        0.0471           47.86
    2       2           44.6711         334.0670             0.0030                  0.89                 0.56                  1.45        0.0471           46.67
    3       3           44.6561         334.0182             0.0030                  0.89                 0.72                  1.60        0.0471           47.86
    4       3           44.6561         334.0182             0.0030                  0.89                 0.72                  1.60        0.0471           46.67
    5       3           44.3081         330.0623             0.0030                  0.89                 0.72                  1.60        0.0468           47.48
    6       3           44.3081         330.0623             0.0030                  0.89                 0.72                  1.60        0.0468           46.57
    7       3           44.3211         168.7025             0.0059                  1.50                 1.22                  2.72        0.0239           47.63
    8       3           44.3211         168.7025             0.0059                  1.50                 1.22                  2.72        0.0239           46.42
    9       3           43.9626         323.0873             0.0031                  0.89                 1.13                  2.02        0.0462           46.63
   10       3           43.6924         295.0691             0.0034                  2.06                 1.80                  3.86        0.0424           47.75
   11       3           43.6924         295.0691             0.0034                  2.06                 1.80                  3.86        0.0424           46.55
   12       4           44.2990         330.0282             0.0030                  0.89                 0.87                  1.76        0.0468           47.49
   13       4           44.2990         330.0282             0.0030                  0.89                 0.87                  1.76        0.0468           46.57
   14       4           44.3059         168.6535             0.0059                  1.50                 1.37                  2.87        0.0239           47.63
   15       4           44.3059         168.6535             0.0059                  1.50                 1.37                  2.87        0.0239           46.43
   16       4           43.9449         323.0595             0.0031                  0.89                 1.28                  2.17        0.0462           46.64
   17       4           43.9449         323.0595             0.0031                  0.89                 1.28                  2.17        0.0462           46.64
   18       4           43.9625         167.3687             0.0060                  1.50                 1.37                  2.88        0.0239           47.48
   19       4           43.9625         167.3687             0.0060                  1.50                 1.37                  2.88        0.0239           46.55
   20       4           43.6776         295.0150             0.0034                  2.06                 1.95                  4.02        0.0424           47.75
   21       4           43.4184         165.3224             0.0060                  2.68                 2.45                  5.13        0.0238           47.60
   22       4           43.6776         295.0150             0.0034                  2.06                 1.95                  4.02        0.0424           46.54
   23       4           43.4184         165.3224             0.0060                  2.68                 2.45                  5.13        0.0238           46.40
   24       4           43.6163         294.7961             0.0034                  2.06                 1.95                  4.01        0.0424           47.47
   25       4           43.6163         294.7961             0.0034                  2.06                 1.95                  4.01        0.0424           46.55
   26       4           43.5530         294.5325             0.0034                  2.06                 2.37                  4.43        0.0424           46.53
   27       4           43.6330         166.0969             0.0060                  1.50                 1.78                  3.29        0.0239           46.43
   28       5           43.9425         323.0508             0.0031                  0.89                 1.43                  2.32        0.0463           46.65
   29       5           43.9598         167.3414             0.0060                  1.50                 1.52                  3.03        0.0239           47.50
   30       5           43.9598         167.3414             0.0060                  1.50                 1.52                  3.03        0.0239           46.57
   31       5           43.4026         165.2721             0.0061                  2.68                 2.60                  5.28        0.0238           47.61
   32       5           43.4026         165.2721             0.0061                  2.68                 2.60                  5.28        0.0238           46.40
   33       5           43.6052         294.7611             0.0034                  2.06                 2.11                  4.17        0.0424           47.47
   34       5           43.6052         294.7611             0.0034                  2.06                 2.11                  4.17        0.0424           46.55
   35       5           43.5360         294.4740             0.0034                  2.06                 2.52                  4.58        0.0424           46.52
   36       5           43.5360         294.4740             0.0034                  2.06                 2.52                  4.58        0.0424           46.52
   37       5           43.6067         166.0255             0.0060                  1.50                 1.94                  3.44        0.0238           46.41
   38       5           43.6067         166.0255             0.0060                  1.50                 1.94                  3.44        0.0238           46.41
   39       5           43.3507         165.0631             0.0061                  2.68                 2.60                  5.28        0.0238           47.33
   40       5           43.3507         165.0631             0.0061                  2.68                 2.60                  5.28        0.0238           46.42
   41       5           43.3058         164.8863             0.0061                  2.68                 3.02                  5.69        0.0238           46.41
   42       6           43.5272         294.4435             0.0034                  2.06                 2.67                  4.73        0.0424           46.53
   43       6           43.5963         165.9893             0.0060                  1.50                 2.09                  3.59        0.0239           46.41
   44       6           43.3409         165.0247             0.0061                  2.68                 2.76                  5.44        0.0238           47.34
   45       6           43.3409         165.0247             0.0061                  2.68                 2.76                  5.44        0.0238           46.40
   46       6           43.2929         164.8416             0.0061                  2.68                 3.17                  5.85        0.0238           46.41
   47       6           43.2929         164.8416             0.0061                  2.68                 3.17                  5.85        0.0238           46.42
   48       7           43.2877         164.8123             0.0061                  2.68                 3.33                  6.00        0.0239           46.42

Summary Statistics:
------------------------------------------------------------------------------------------------------------------------
        Comp     Groups  Wall Time/Evt (s)  CPU Time/Evt (s)  Throughput (evt/s)  Write Remote (MB/evt)  Read Remote (MB/evt)  Net Transfer (MB/evt)  CPU Cores/Evt  Memory/Evt (MB)
count  48.00  48.000000          48.000000         48.000000           48.000000              48.000000             48.000000              48.000000      48.000000        48.000000
mean   24.50   4.333333          43.807182        239.058974            0.004617               1.782451              1.849685               3.632136       0.034215        46.864437
std    14.00   1.117241           0.420527         74.674830            0.001421               0.668887              0.763792               1.405530       0.010574         0.523716
min     1.00   2.000000          43.287673        164.812306            0.002993               0.888672              0.562988               1.451660       0.023842        46.397400
25%    12.75   4.000000          43.500009        165.822545            0.003316               1.350435              1.280524               2.621641       0.023850        46.425950
50%    24.50   4.000000          43.655319        231.573003            0.004662               1.782451              1.936522               3.727143       0.033175        46.569000
75%    36.25   5.000000          44.046710        302.064555            0.006031               2.214468              2.519910               4.832698       0.043396        47.471450
max    48.00   7.000000          44.671130        334.067027            0.006068               2.676230              3.325614               6.001844       0.047070        47.864000
