Workflow Construction Summary Table
========================================================================================================================

 Comp  Groups Wall Time/Evt (s) CPU Time/Evt (s) Throughput (evt/s) Write Remote (MB/evt) Read Remote (MB/evt) Net Transfer (MB/evt) CPU Cores/Evt Memory/Evt (MB)
    1       1            7.2326          57.8610             0.0173                  0.45                 0.00                  0.45        0.0077            7.67
    2       2            7.1802          57.2104             0.0175                  0.45                 0.06                  0.51        0.0076            7.64
    3       2            7.1520          55.4091             0.0180                  0.45                 0.38                  0.83        0.0075            7.46
    4       2            7.4947          50.7414             0.0197                  2.54                 2.09                  4.63        0.0066            6.99
    5       2            7.2363          44.5844             0.0224                  1.23                 0.78                  2.01        0.0059            5.03
    6       3            7.1549          54.6273             0.0183                  0.45                 0.44                  0.89        0.0074            7.46
    7       3            7.4839          50.6984             0.0197                  2.54                 2.15                  4.69        0.0066            6.96
    8       3            7.2159          44.5030             0.0225                  1.23                 0.84                  2.08        0.0059            5.00
    9       3            7.5023          50.7721             0.0197                  2.54                 2.47                  5.00        0.0066            6.78
   10       3            7.2223          44.5284             0.0225                  1.23                 1.16                  2.39        0.0060            4.82
   11       3            7.6100          46.0794             0.0217                  3.32                 2.87                  6.19        0.0059            4.88
   12       4            7.5053          49.9902             0.0200                  2.54                 2.53                  5.07        0.0065            6.78
   13       4            7.2253          43.7466             0.0229                  1.23                 1.22                  2.45        0.0059            4.82
   14       4            7.5993          46.0364             0.0217                  3.32                 2.93                  6.25        0.0059            4.85
   15       4            7.6177          46.1100             0.0217                  3.32                 3.25                  6.57        0.0060            4.66
   16       5            7.6207          45.3282             0.0221                  3.32                 3.31                  6.63        0.0059            4.66

Summary Statistics:
------------------------------------------------------------------------------------------------------------------------
            Comp     Groups  Wall Time/Evt (s)  CPU Time/Evt (s)  Throughput (evt/s)  Write Remote (MB/evt)  Read Remote (MB/evt)  Net Transfer (MB/evt)  CPU Cores/Evt  Memory/Evt (MB)
count  16.000000  16.000000          16.000000         16.000000           16.000000              16.000000             16.000000              16.000000      16.000000        16.000000
mean    8.500000   3.000000           7.378335         49.264133            0.020477               1.884766              1.655273               3.540039       0.006480         6.028500
std     4.760952   1.032796           0.188091          4.858354            0.001936               1.152134              1.168838               2.312666       0.000683         1.257527
min     1.000000   1.000000           7.151960         43.746558            0.017283               0.449219              0.000000               0.449219       0.005854         4.663000
25%     4.750000   2.000000           7.220702         45.142242            0.019348               1.035156              0.695801               1.730957       0.005948         4.842250
50%     8.500000   3.000000           7.360095         48.050122            0.020846               1.884766              1.655273               3.540039       0.006209         5.903500
75%    12.250000   4.000000           7.528794         51.735860            0.022153               2.734375              2.614746               5.349121       0.006763         7.107250
max    16.000000   5.000000           7.620686         57.860975            0.022859               3.320312              3.310547               6.630859       0.007672         7.672000
