Workflow Construction Summary Table
========================================================================================================================

 Comp  Groups Wall Time/Evt (s) CPU Time/Evt (s) Throughput (evt/s) Write Remote (MB/evt) Read Remote (MB/evt) Net Transfer (MB/evt) CPU Cores/Evt Memory/Evt (MB)
    1       2           41.3141         161.5170             0.0062                  0.89                 0.55                  1.44        0.0113           22.52
    2       2           41.3141         161.5170             0.0062                  0.89                 0.55                  1.44        0.0113           22.52
    3       3           41.3246         161.5300             0.0062                  0.89                 0.70                  1.59        0.0113           22.53
    4       3           41.3246         161.5300             0.0062                  0.89                 0.70                  1.59        0.0113           22.53
    5       3           41.1540         160.8809             0.0062                  0.89                 0.70                  1.59        0.0113           22.54
    6       3           41.1540         160.8809             0.0062                  0.89                 0.70                  1.59        0.0113           22.54
    7       3           41.1857         160.9702             0.0062                  1.50                 1.18                  2.68        0.0113           22.51
    8       3           41.1857         160.9702             0.0062                  1.50                 1.18                  2.68        0.0113           22.51
    9       3           41.0087         160.2826             0.0062                  0.89                 1.10                  1.99        0.0113           22.54
   10       3           40.9102         159.8813             0.0063                  2.06                 1.75                  3.81        0.0113           22.52
   11       3           40.9102         159.8813             0.0063                  2.06                 1.75                  3.81        0.0113           22.52
   12       4           41.1580         160.8809             0.0062                  0.89                 0.85                  1.74        0.0113           22.55
   13       4           41.1580         160.8809             0.0062                  0.89                 0.85                  1.74        0.0113           22.55
   14       4           41.1786         160.9482             0.0062                  1.50                 1.33                  2.83        0.0113           22.51
   15       4           41.1786         160.9482             0.0062                  1.50                 1.33                  2.83        0.0113           22.51
   16       4           40.9779         160.2130             0.0062                  0.89                 1.25                  2.14        0.0113           22.52
   17       4           40.9779         160.2130             0.0062                  0.89                 1.25                  2.14        0.0113           22.52
   18       4           41.0213         160.3289             0.0062                  1.50                 1.33                  2.83        0.0113           22.52
   19       4           41.0213         160.3289             0.0062                  1.50                 1.33                  2.83        0.0113           22.52
   20       4           40.8990         159.8510             0.0063                  2.06                 1.90                  3.96        0.0113           22.52
   21       4           40.7825         159.3999             0.0063                  2.68                 2.38                  5.06        0.0113           22.51
   22       4           40.8990         159.8510             0.0063                  2.06                 1.90                  3.96        0.0113           22.52
   23       4           40.7825         159.3999             0.0063                  2.68                 2.38                  5.06        0.0113           22.51
   24       4           40.8620         159.7245             0.0063                  2.06                 1.90                  3.96        0.0113           22.52
   25       4           40.8620         159.7245             0.0063                  2.06                 1.90                  3.96        0.0113           22.52
   26       4           40.8446         159.6500             0.0063                  2.06                 2.30                  4.36        0.0113           22.52
   27       4           40.8600         159.7078             0.0063                  1.50                 1.73                  3.24        0.0113           22.50
   28       5           40.9892         160.2277             0.0062                  0.89                 1.40                  2.29        0.0113           22.54
   29       5           41.0172         160.3127             0.0062                  1.50                 1.48                  2.98        0.0113           22.52
   30       5           41.0172         160.3127             0.0062                  1.50                 1.48                  2.98        0.0113           22.52
   31       5           40.7666         159.3602             0.0063                  2.68                 2.53                  5.21        0.0112           22.50
   32       5           40.7666         159.3602             0.0063                  2.68                 2.53                  5.21        0.0112           22.50
   33       5           40.8584         159.7095             0.0063                  2.06                 2.05                  4.11        0.0113           22.53
   34       5           40.8584         159.7095             0.0063                  2.06                 2.05                  4.11        0.0113           22.53
   35       5           40.8172         159.5872             0.0063                  2.06                 2.45                  4.51        0.0113           22.51
   36       5           40.8172         159.5872             0.0063                  2.06                 2.45                  4.51        0.0113           22.51
   37       5           40.8376         159.6551             0.0063                  1.50                 1.88                  3.38        0.0112           22.50
   38       5           40.8376         159.6551             0.0063                  1.50                 1.88                  3.38        0.0112           22.50
   39       5           40.7247         159.2238             0.0063                  2.68                 2.53                  5.20        0.0112           22.49
   40       5           40.7247         159.2238             0.0063                  2.68                 2.53                  5.20        0.0112           22.49
   41       5           40.7245         159.1837             0.0063                  2.68                 2.93                  5.61        0.0113           22.50
   42       6           40.8294         159.6039             0.0063                  2.06                 2.60                  4.66        0.0113           22.52
   43       6           40.8518         159.6755             0.0063                  1.50                 2.03                  3.54        0.0113           22.51
   44       6           40.7206         159.2078             0.0063                  2.68                 2.68                  5.35        0.0112           22.50
   45       6           40.7206         159.2078             0.0063                  2.68                 2.68                  5.35        0.0112           22.50
   46       6           40.7058         159.1385             0.0063                  2.68                 3.08                  5.75        0.0112           22.50
   47       6           40.7058         159.1385             0.0063                  2.68                 3.08                  5.75        0.0112           22.50
   48       7           40.7084         159.1357             0.0063                  2.68                 3.23                  5.91        0.0113           22.51

Summary Statistics:
------------------------------------------------------------------------------------------------------------------------
        Comp     Groups  Wall Time/Evt (s)  CPU Time/Evt (s)  Throughput (evt/s)  Write Remote (MB/evt)  Read Remote (MB/evt)  Net Transfer (MB/evt)  CPU Cores/Evt  Memory/Evt (MB)
count  48.00  48.000000          48.000000         48.000000           48.000000              48.000000             48.000000              48.000000      48.000000        48.000000
mean   24.50   4.333333          40.942683        160.043922            0.006248               1.782451              1.797452               3.579903       0.011258        22.515300
std    14.00   1.117241           0.187782          0.728596            0.000028               0.668887              0.740133               1.381995       0.000007         0.014388
min     1.00   2.000000          40.705844        159.135706            0.006191               0.888672              0.550792               1.439464       0.011246        22.492800
25%    12.75   4.000000          40.808494        159.540393            0.006232               1.350435              1.248515               2.585646       0.011253        22.505200
50%    24.50   4.000000          40.880525        159.787771            0.006258               1.782451              1.878196               3.672681       0.011258        22.516800
75%    36.25   5.000000          41.054474        160.466921            0.006268               2.214468              2.446919               4.760279       0.011261        22.522400
max    48.00   7.000000          41.324559        161.529995            0.006284               2.676230              3.230042               5.906272       0.011274        22.547200
