Workflow Construction Summary Table
========================================================================================================================

 Comp  Groups Wall Time/Evt (s) CPU Time/Evt (s) Throughput (evt/s) Write Remote (MB/evt) Read Remote (MB/evt) Net Transfer (MB/evt) CPU Cores/Evt Memory/Evt (MB)
    1       1            9.5780          65.9121             0.0152                  0.45                 0.00                  0.45        0.0018            1.78
    2       2            9.5720          65.8881             0.0152                  0.45                 0.09                  0.54        0.0018            1.81
    3       2            9.5697          65.8788             0.0152                  0.45                 0.41                  0.86        0.0018            1.78
    4       2            9.6215          66.0861             0.0151                  2.54                 2.54                  5.08        0.0018            1.81
    5       2            9.4588          65.0897             0.0154                  1.21                 0.92                  2.13        0.0018            1.77
    6       3            9.5684          65.8737             0.0152                  0.45                 0.48                  0.93        0.0018            1.81
    7       3            9.5783          65.7404             0.0152                  2.52                 2.45                  4.97        0.0018            1.82
    8       3            9.5512          65.8049             0.0152                  1.23                 1.00                  2.23        0.0018            1.82
    9       3            9.5118          65.4743             0.0153                  2.52                 2.97                  5.50        0.0018            1.78
   10       3            9.5483          65.7934             0.0152                  1.23                 1.34                  2.57        0.0018            1.82
   11       3            9.4803          65.3486             0.0153                  3.31                 3.39                  6.70        0.0018            1.78
   12       4            9.5149          65.4866             0.0153                  2.52                 3.05                  5.57        0.0018            1.82
   13       4            9.5499          65.7995             0.0152                  1.23                 1.42                  2.65        0.0018            1.82
   14       4            9.6397          66.1589             0.0151                  3.32                 3.51                  6.83        0.0019            1.87
   15       4            9.5552          65.8209             0.0152                  3.32                 3.90                  7.22        0.0018            1.82
   16       5            9.5741          65.8965             0.0152                  3.32                 3.96                  7.28        0.0019            1.90

Summary Statistics:
------------------------------------------------------------------------------------------------------------------------
            Comp     Groups  Wall Time/Evt (s)  CPU Time/Evt (s)  Throughput (evt/s)  Write Remote (MB/evt)  Read Remote (MB/evt)  Net Transfer (MB/evt)  CPU Cores/Evt  Memory/Evt (MB)
count  16.000000  16.000000          16.000000         16.000000           16.000000              16.000000             16.000000              16.000000      16.000000        16.000000
mean    8.500000   3.000000           9.554519         65.753280            0.015209               1.879646              1.964390               3.844035       0.001813         1.813000
std     4.760952   1.032796           0.046272          0.274921            0.000064               1.150003              1.404951               2.545658       0.000033         0.033419
min     1.000000   1.000000           9.458820         65.089694            0.015115               0.449219              0.000000               0.449219       0.001768         1.768000
25%     4.750000   2.000000           9.539970         65.676957            0.015177               1.021834              0.809901               1.831735       0.001784         1.784000
50%     8.500000   3.000000           9.561827         65.812902            0.015195               1.875554              1.937357               3.812911       0.001812         1.812000
75%    12.250000   4.000000           9.575107         65.890238            0.015226               2.732155              3.131526               5.849863       0.001824         1.824000
max    16.000000   5.000000           9.639714         66.158858            0.015363               3.320312              3.961700               7.282013       0.001896         1.896000
