Workflow Construction Summary Table
========================================================================================================================

 Comp  Groups Wall Time/Evt (s) CPU Time/Evt (s) Throughput (evt/s) Write Remote (MB/evt) Read Remote (MB/evt) Net Transfer (MB/evt) CPU Cores/Evt Memory/Evt (MB)
    1       2           42.3024         165.0818             0.0061                  0.89                 0.55                  1.44        0.0227           45.33
    2       2           42.3024         165.0818             0.0061                  0.89                 0.55                  1.44        0.0227           45.33
    3       3           42.2926         165.0436             0.0061                  0.89                 0.70                  1.59        0.0227           45.33
    4       3           42.2926         165.0436             0.0061                  0.89                 0.70                  1.59        0.0227           45.33
    5       3           41.9627         163.7597             0.0061                  0.89                 0.70                  1.59        0.0226           45.23
    6       3           41.9627         163.7597             0.0061                  0.89                 0.70                  1.59        0.0226           45.23
    7       3           41.9812         163.8269             0.0061                  1.50                 1.18                  2.69        0.0226           45.15
    8       3           41.9812         163.8269             0.0061                  1.50                 1.18                  2.69        0.0226           45.15
    9       3           41.6395         162.4942             0.0062                  0.89                 1.10                  1.99        0.0227           45.31
   10       3           41.3834         161.5351             0.0062                  2.06                 1.75                  3.81        0.0226           45.22
   11       3           41.3834         161.5351             0.0062                  2.06                 1.75                  3.81        0.0226           45.22
   12       4           41.9464         163.7083             0.0061                  0.89                 0.85                  1.74        0.0226           45.23
   13       4           41.9464         163.7083             0.0061                  0.89                 0.85                  1.74        0.0226           45.23
   14       4           41.9715         163.7886             0.0061                  1.50                 1.33                  2.84        0.0226           45.15
   15       4           41.9715         163.7886             0.0061                  1.50                 1.33                  2.84        0.0226           45.15
   16       4           41.6260         162.4484             0.0062                  0.89                 1.25                  2.14        0.0227           45.31
   17       4           41.6260         162.4484             0.0062                  0.89                 1.25                  2.14        0.0227           45.31
   18       4           41.6508         162.5427             0.0062                  1.50                 1.33                  2.84        0.0226           45.28
   19       4           41.6508         162.5427             0.0062                  1.50                 1.33                  2.84        0.0226           45.28
   20       4           41.3698         161.4891             0.0062                  2.06                 1.90                  3.96        0.0226           45.23
   21       4           41.0953         160.4799             0.0062                  2.68                 2.38                  5.06        0.0225           45.08
   22       4           41.3698         161.4891             0.0062                  2.06                 1.90                  3.96        0.0226           45.23
   23       4           41.0953         160.4799             0.0062                  2.68                 2.38                  5.06        0.0225           45.08
   24       4           41.3195         161.2836             0.0062                  2.06                 1.90                  3.96        0.0226           45.23
   25       4           41.3195         161.2836             0.0062                  2.06                 1.90                  3.96        0.0226           45.23
   26       4           41.2494         161.0561             0.0062                  2.06                 2.30                  4.36        0.0226           45.20
   27       4           41.3334         161.2984             0.0062                  1.50                 1.73                  3.24        0.0226           45.15
   28       5           41.6220         162.4218             0.0062                  0.89                 1.40                  2.28        0.0227           45.32
   29       5           41.6409         162.5041             0.0062                  1.50                 1.48                  2.99        0.0226           45.28
   30       5           41.6409         162.5041             0.0062                  1.50                 1.48                  2.99        0.0226           45.28
   31       5           41.0841         160.4389             0.0062                  2.68                 2.53                  5.21        0.0225           45.08
   32       5           41.0841         160.4389             0.0062                  2.68                 2.53                  5.21        0.0225           45.08
   33       5           41.3082         161.2422             0.0062                  2.06                 2.05                  4.11        0.0226           45.23
   34       5           41.3082         161.2422             0.0062                  2.06                 2.05                  4.11        0.0226           45.23
   35       5           41.2309         161.0002             0.0062                  2.06                 2.45                  4.51        0.0226           45.19
   36       5           41.2309         161.0002             0.0062                  2.06                 2.45                  4.51        0.0226           45.19
   37       5           41.3113         161.2352             0.0062                  1.50                 1.88                  3.39        0.0226           45.14
   38       5           41.3113         161.2352             0.0062                  1.50                 1.88                  3.39        0.0226           45.14
   39       5           41.0272         160.2202             0.0062                  2.68                 2.53                  5.21        0.0225           45.09
   40       5           41.0272         160.2202             0.0062                  2.68                 2.53                  5.21        0.0225           45.09
   41       5           40.9815         160.0416             0.0062                  2.68                 2.93                  5.61        0.0225           45.09
   42       6           41.2225         160.9648             0.0062                  2.06                 2.60                  4.66        0.0226           45.20
   43       6           41.2978         161.1895             0.0062                  1.50                 2.03                  3.54        0.0226           45.14
   44       6           41.0180         160.1831             0.0062                  2.68                 2.68                  5.36        0.0225           45.09
   45       6           41.0180         160.1831             0.0062                  2.68                 2.68                  5.36        0.0225           45.09
   46       6           40.9716         160.0029             0.0062                  2.68                 3.08                  5.76        0.0225           45.08
   47       6           40.9716         160.0029             0.0062                  2.68                 3.08                  5.76        0.0225           45.08
   48       7           40.9560         159.9528             0.0063                  2.68                 3.23                  5.91        0.0225           45.08

Summary Statistics:
------------------------------------------------------------------------------------------------------------------------
        Comp     Groups  Wall Time/Evt (s)  CPU Time/Evt (s)  Throughput (evt/s)  Write Remote (MB/evt)  Read Remote (MB/evt)  Net Transfer (MB/evt)  CPU Cores/Evt  Memory/Evt (MB)
count  48.00  48.000000          48.000000         48.000000           48.000000              48.000000             48.000000              48.000000      48.000000        48.000000
mean   24.50   4.333333          41.485208        161.938497            0.006176               1.782451              1.799476               3.581927       0.022597        45.194967
std    14.00   1.117241           0.406130          1.545151            0.000059               0.668887              0.741625               1.383680       0.000042         0.084154
min     1.00   2.000000          40.955968        159.952763            0.006058               0.888672              0.549900               1.438572       0.022538        45.076800
25%    12.75   4.000000          41.190702        160.843581            0.006141               1.350435              1.247794               2.585872       0.022563        45.125600
50%    24.50   4.000000          41.351621        161.393760            0.006196               1.782451              1.884199               3.676261       0.022605        45.210400
75%    36.25   5.000000          41.724701        162.834067            0.006217               2.214468              2.449946               4.760229       0.022622        45.243200
max    48.00   7.000000          42.302424        165.081843            0.006252               2.676230              3.229202               5.905433       0.022666        45.332800
