Workflow Construction Summary Table
========================================================================================================================

 Comp  Groups Wall Time/Evt (s) CPU Time/Evt (s) Throughput (evt/s) Write Remote (MB/evt) Read Remote (MB/evt) Net Transfer (MB/evt) CPU Cores/Evt Memory/Evt (MB)
    1       2           43.2501        2550.7982             0.0004                  0.89                 0.56                  1.45        0.0922           92.47
    2       2           43.2501        2550.7982             0.0004                  0.89                 0.56                  1.45        0.0922           92.47
    3       3           43.2429        2550.0139             0.0004                  0.89                 0.72                  1.60        0.0921           92.39
    4       3           43.2429        2550.0139             0.0004                  0.89                 0.72                  1.60        0.0921           92.39
    5       3           43.1508        2525.1776             0.0004                  0.89                 0.72                  1.61        0.0915           91.77
    6       3           43.1508        2525.1776             0.0004                  0.89                 0.72                  1.61        0.0915           91.77
    7       3           43.1551        2543.2239             0.0004                  1.50                 1.21                  2.72        0.0920           92.33
    8       3           43.1551        2543.2239             0.0004                  1.50                 1.21                  2.72        0.0920           92.33
    9       3           43.0874        2457.0544             0.0004                  0.89                 1.13                  2.02        0.0891           89.72
   10       3           42.9991         756.3768             0.0013                  2.06                 1.81                  3.87        0.0274           36.97
   11       3           42.9991         756.3768             0.0013                  2.06                 1.81                  3.87        0.0274           36.97
   12       4           43.1521        2523.8614             0.0004                  0.89                 0.88                  1.76        0.0914           91.65
   13       4           43.1521        2523.8614             0.0004                  0.89                 0.88                  1.76        0.0914           91.65
   14       4           43.1549        2542.2423             0.0004                  1.50                 1.36                  2.87        0.0920           92.24
   15       4           43.1549        2542.2423             0.0004                  1.50                 1.36                  2.87        0.0920           92.24
   16       4           43.0716        2456.2419             0.0004                  0.89                 1.29                  2.18        0.0891           89.64
   17       4           43.0716        2456.2419             0.0004                  0.89                 1.29                  2.18        0.0891           89.64
   18       4           43.0390        2517.0403             0.0004                  1.50                 1.36                  2.87        0.0913           91.58
   19       4           43.0390        2517.0403             0.0004                  1.50                 1.36                  2.87        0.0913           91.58
   20       4           43.0059         755.9734             0.0013                  2.06                 1.96                  4.02        0.0274           36.92
   21       4           42.9583         629.4780             0.0016                  2.68                 2.45                  5.12        0.0228           36.97
   22       4           43.0059         755.9734             0.0013                  2.06                 1.96                  4.02        0.0274           36.92
   23       4           42.9583         629.4780             0.0016                  2.68                 2.45                  5.12        0.0228           36.97
   24       4           42.9847         736.1811             0.0014                  2.06                 1.96                  4.02        0.0268           36.32
   25       4           42.9847         736.1811             0.0014                  2.06                 1.96                  4.02        0.0268           36.32
   26       4           42.9585         671.5623             0.0015                  2.06                 2.37                  4.43        0.0244           34.26
   27       4           42.9897        2449.8308             0.0004                  1.50                 1.78                  3.28        0.0890           89.59
   28       5           43.0852        2455.3079             0.0004                  0.89                 1.44                  2.33        0.0891           89.55
   29       5           43.0378        2515.7456             0.0004                  1.50                 1.52                  3.02        0.0912           91.47
   30       5           43.0378        2515.7456             0.0004                  1.50                 1.52                  3.02        0.0912           91.47
   31       5           42.9607         628.5886             0.0016                  2.68                 2.60                  5.28        0.0228           36.91
   32       5           42.9607         628.5886             0.0016                  2.68                 2.60                  5.28        0.0228           36.91
   33       5           42.9801         735.3166             0.0014                  2.06                 2.11                  4.17        0.0267           36.22
   34       5           42.9801         735.3166             0.0014                  2.06                 2.11                  4.17        0.0267           36.22
   35       5           42.9459         670.8895             0.0015                  2.06                 2.52                  4.58        0.0244           34.16
   36       5           42.9459         670.8895             0.0015                  2.06                 2.52                  4.58        0.0244           34.16
   37       5           43.0056        2448.7359             0.0004                  1.50                 1.94                  3.44        0.0890           89.50
   38       5           43.0056        2448.7359             0.0004                  1.50                 1.94                  3.44        0.0890           89.50
   39       5           42.9319         608.5131             0.0016                  2.68                 2.60                  5.28        0.0221           36.28
   40       5           42.9319         608.5131             0.0016                  2.68                 2.60                  5.28        0.0221           36.28
   41       5           42.9466         545.7138             0.0018                  2.68                 3.02                  5.70        0.0199           34.32
   42       6           42.9286         669.9075             0.0015                  2.06                 2.67                  4.73        0.0244           34.07
   43       6           42.9942        2447.5664             0.0004                  1.50                 2.09                  3.60        0.0889           89.39
   44       6           42.9215         607.0106             0.0016                  2.68                 2.76                  5.43        0.0220           36.13
   45       6           42.9215         607.0106             0.0016                  2.68                 2.76                  5.43        0.0220           36.13
   46       6           42.9394         544.7723             0.0018                  2.68                 3.17                  5.85        0.0199           34.22
   47       6           42.9394         544.7723             0.0018                  2.68                 3.17                  5.85        0.0199           34.22
   48       7           42.9361         543.7917             0.0018                  2.68                 3.33                  6.00        0.0198           34.11

Summary Statistics:
------------------------------------------------------------------------------------------------------------------------
        Comp     Groups  Wall Time/Evt (s)  CPU Time/Evt (s)  Throughput (evt/s)  Write Remote (MB/evt)  Read Remote (MB/evt)  Net Transfer (MB/evt)  CPU Cores/Evt  Memory/Evt (MB)
count  48.00  48.000000          48.000000         48.000000           48.000000              48.000000             48.000000              48.000000      48.000000        48.000000
mean   24.50   4.333333          43.035442       1581.939515            0.000970               1.782451              1.850278               3.632729       0.057353        63.486467
std    14.00   1.117241           0.098751        936.232300            0.000590               0.668887              0.763855               1.405245       0.033882        28.012984
min     1.00   2.000000          42.921547        543.791708            0.000392               0.888672              0.564476               1.453148       0.019806        34.074400
25%    12.75   4.000000          42.958272        659.800146            0.000397               1.350435              1.286343               2.619359       0.023973        36.263100
50%    24.50   4.000000          43.002378       1601.971617            0.000865               1.782451              1.937886               3.730960       0.058167        63.183600
75%    36.25   5.000000          43.103237       2518.745605            0.001517               2.214468              2.521740               4.829880       0.091310        91.599800
max    48.00   7.000000          43.250073       2550.798166            0.001839               2.676230              3.328720               6.004950       0.092169        92.470000
