Workflow Construction Summary Table
========================================================================================================================

 Comp  Groups Wall Time/Evt (s) CPU Time/Evt (s) Throughput (evt/s) Write Remote (MB/evt) Read Remote (MB/evt) Net Transfer (MB/evt) CPU Cores/Evt Memory/Evt (MB)
    1       2           44.6556        2633.0296             0.0004                  0.89                 0.56                  1.45        0.3710          372.20
    2       2           44.6556        2633.0296             0.0004                  0.89                 0.56                  1.45        0.3710          372.20
    3       3           44.6390        2632.0160             0.0004                  0.89                 0.72                  1.60        0.3709          371.82
    4       3           44.6390        2632.0160             0.0004                  0.89                 0.72                  1.60        0.3709          371.82
    5       3           44.2910        2591.1825             0.0004                  0.89                 0.72                  1.60        0.3673          368.50
    6       3           44.2910        2591.1825             0.0004                  0.89                 0.72                  1.60        0.3673          368.50
    7       3           44.2901        2608.1291             0.0004                  1.50                 1.22                  2.72        0.3689          370.06
    8       3           44.2901        2608.1291             0.0004                  1.50                 1.22                  2.72        0.3689          370.06
    9       3           43.9359        2506.7514             0.0004                  0.89                 1.12                  2.01        0.3589          361.27
   10       3           43.6510         768.3584             0.0013                  2.06                 1.80                  3.86        0.1100          148.33
   11       3           43.6510         768.3584             0.0013                  2.06                 1.80                  3.86        0.1100          148.33
   12       4           44.2802        2590.2302             0.0004                  0.89                 0.87                  1.76        0.3671          368.15
   13       4           44.2802        2590.2302             0.0004                  0.89                 0.87                  1.76        0.3671          368.15
   14       4           44.2780        2607.3567             0.0004                  1.50                 1.37                  2.87        0.3688          369.75
   15       4           44.2780        2607.3567             0.0004                  1.50                 1.37                  2.87        0.3688          369.75
   16       4           43.9245        2505.7496             0.0004                  0.89                 1.28                  2.17        0.3588          360.91
   17       4           43.9245        2505.7496             0.0004                  0.89                 1.28                  2.17        0.3588          360.91
   18       4           43.9327        2566.5791             0.0004                  1.50                 1.37                  2.87        0.3669          368.16
   19       4           43.9327        2566.5791             0.0004                  1.50                 1.37                  2.87        0.3669          368.16
   20       4           43.6348         767.3603             0.0013                  2.06                 1.95                  4.01        0.1098          147.96
   21       4           43.3636         638.0523             0.0016                  2.68                 2.45                  5.13        0.0912          147.90
   22       4           43.6348         767.3603             0.0013                  2.06                 1.95                  4.01        0.1098          147.96
   23       4           43.3636         638.0523             0.0016                  2.68                 2.45                  5.13        0.0912          147.90
   24       4           43.5733         743.8701             0.0013                  2.06                 1.95                  4.01        0.1070          145.44
   25       4           43.5733         743.8701             0.0013                  2.06                 1.95                  4.01        0.1070          145.44
   26       4           43.5058         677.4785             0.0015                  2.06                 2.37                  4.43        0.0980          137.52
   27       4           43.5850        2482.4354             0.0004                  1.50                 1.78                  3.28        0.3568          359.15
   28       5           43.9179        2504.5351             0.0004                  0.89                 1.43                  2.32        0.3586          360.49
   29       5           43.9282        2565.9476             0.0004                  1.50                 1.52                  3.03        0.3669          367.91
   30       5           43.9282        2565.9476             0.0004                  1.50                 1.52                  3.03        0.3669          367.91
   31       5           43.3462         637.0359             0.0016                  2.68                 2.60                  5.28        0.0911          147.52
   32       5           43.3462         637.0359             0.0016                  2.68                 2.60                  5.28        0.0911          147.52
   33       5           43.5631         742.8012             0.0013                  2.06                 2.11                  4.17        0.1069          145.08
   34       5           43.5631         742.8012             0.0013                  2.06                 2.11                  4.17        0.1069          145.08
   35       5           43.4950         676.3975             0.0015                  2.06                 2.52                  4.58        0.0979          137.14
   36       5           43.4950         676.3975             0.0015                  2.06                 2.52                  4.58        0.0979          137.14
   37       5           43.5694        2481.3357             0.0004                  1.50                 1.93                  3.44        0.3566          358.75
   38       5           43.5694        2481.3357             0.0004                  1.50                 1.93                  3.44        0.3566          358.75
   39       5           43.2943         614.4587             0.0016                  2.68                 2.60                  5.28        0.0885          145.22
   40       5           43.2943         614.4587             0.0016                  2.68                 2.60                  5.28        0.0885          145.22
   41       5           43.2451         547.8009             0.0018                  2.68                 3.02                  5.69        0.0794          137.27
   42       6           43.4791         675.2156             0.0015                  2.06                 2.68                  4.74        0.0977          136.71
   43       6           43.5593        2480.3426             0.0004                  1.50                 2.09                  3.59        0.3565          358.39
   44       6           43.2828         612.9801             0.0016                  2.68                 2.76                  5.44        0.0883          144.73
   45       6           43.2828         612.9801             0.0016                  2.68                 2.76                  5.44        0.0883          144.73
   46       6           43.2306         546.5965             0.0018                  2.68                 3.17                  5.85        0.0792          136.87
   47       6           43.2306         546.5965             0.0018                  2.68                 3.17                  5.85        0.0792          136.87
   48       7           43.2237         545.5512             0.0018                  2.68                 3.33                  6.00        0.0791          136.47

Summary Statistics:
------------------------------------------------------------------------------------------------------------------------
        Comp     Groups  Wall Time/Evt (s)  CPU Time/Evt (s)  Throughput (evt/s)  Write Remote (MB/evt)  Read Remote (MB/evt)  Net Transfer (MB/evt)  CPU Cores/Evt  Memory/Evt (MB)
count  48.00  48.000000          48.000000         48.000000           48.000000              48.000000             48.000000              48.000000      48.000000        48.000000
mean   24.50   4.333333          43.768716       1614.146761            0.000958               1.782451              1.849327               3.631778       0.230235       254.833867
std    14.00   1.117241           0.434300        962.247700            0.000588               0.668887              0.764242               1.405994       0.136334       112.768104
min     1.00   2.000000          43.223679        545.551244            0.000380               0.888672              0.562988               1.451660       0.079082       136.473800
25%    12.75   4.000000          43.450199        665.924754            0.000389               1.350435              1.278052               2.621116       0.096054       145.183050
50%    24.50   4.000000          43.609894       1624.350500            0.000852               1.782451              1.934328               3.727324       0.233230       253.358200
75%    36.25   5.000000          44.021419       2572.491843            0.001503               2.214468              2.522778               4.835498       0.366993       368.149950
max    48.00   7.000000          44.655554       2633.029561            0.001833               2.676230              3.325614               6.001844       0.371008       372.198400
