Workflow Construction Summary Table
========================================================================================================================

 Comp  Groups Wall Time/Evt (s) CPU Time/Evt (s) Throughput (evt/s) Write Remote (MB/evt) Read Remote (MB/evt) Net Transfer (MB/evt) CPU Cores/Evt Memory/Evt (MB)
    1       1            7.5542         480.9741             0.0021                  0.45                 0.00                  0.45        0.1241          124.12
    2       2            7.4352         470.3449             0.0021                  0.45                 0.06                  0.51        0.1232          123.30
    3       2            7.3151         440.8371             0.0023                  0.45                 0.38                  0.83        0.1174          118.09
    4       2            7.2467         216.5791             0.0046                  1.23                 0.78                  2.02        0.0567           57.78
    5       2            7.2429         176.0460             0.0057                  2.54                 2.10                  4.64        0.0470           57.99
    6       3            7.3085         440.8107             0.0023                  0.45                 0.44                  0.89        0.1174          118.06
    7       3            7.1930         210.1023             0.0048                  1.23                 0.85                  2.08        0.0559           57.02
    8       3            7.2085         170.7969             0.0059                  2.54                 2.17                  4.70        0.0462           57.22
    9       3            7.1428         185.0640             0.0054                  1.23                 1.16                  2.39        0.0500           51.76
   10       3            7.1827         147.2919             0.0068                  2.54                 2.48                  5.02        0.0403           51.96
   11       3            7.1619         148.1961             0.0067                  3.32                 2.89                  6.21        0.0395           43.01
   12       4            7.1362         185.0152             0.0054                  1.23                 1.23                  2.46        0.0500           51.72
   13       4            7.1760         147.2654             0.0068                  2.54                 2.54                  5.08        0.0403           51.93
   14       4            7.1274         142.9477             0.0070                  3.32                 2.95                  6.27        0.0387           42.24
   15       4            7.1016         119.4640             0.0084                  3.32                 3.26                  6.58        0.0328           36.99
   16       5            7.0949         119.4154             0.0084                  3.32                 3.33                  6.65        0.0328           36.95

Summary Statistics:
------------------------------------------------------------------------------------------------------------------------
            Comp     Groups  Wall Time/Evt (s)  CPU Time/Evt (s)  Throughput (evt/s)  Write Remote (MB/evt)  Read Remote (MB/evt)  Net Transfer (MB/evt)  CPU Cores/Evt  Memory/Evt (MB)
count  16.000000  16.000000          16.000000         16.000000           16.000000              16.000000             16.000000              16.000000      16.000000        16.000000
mean    8.500000   3.000000           7.226736        237.571935            0.005283               1.884766              1.663574               3.548340       0.063263        67.508050
std     4.760952   1.032796           0.124944        134.701519            0.002135               1.152134              1.175032               2.318846       0.034889        32.576227
min     1.000000   1.000000           7.094940        119.415397            0.002079               0.449219              0.000000               0.449219       0.032778        36.951600
25%     4.750000   2.000000           7.141179        147.285285            0.004030               1.035156              0.698909               1.734065       0.040076        49.541700
50%     8.500000   3.000000           7.187845        180.530602            0.005543               1.884766              1.663752               3.548518       0.048491        54.488200
75%    12.250000   4.000000           7.262184        272.637022            0.006790               2.734375              2.628628               5.363003       0.071886        73.005900
max    16.000000   5.000000           7.554172        480.974116            0.008374               3.320312              3.327090               6.647403       0.124122       124.121600
