Workflow Construction Summary Table
========================================================================================================================

 Comp  Groups Wall Time/Evt (s) CPU Time/Evt (s) Throughput (evt/s) Write Remote (MB/evt) Read Remote (MB/evt) Net Transfer (MB/evt) CPU Cores/Evt Memory/Evt (MB)
    1       1            9.2079          73.6636             0.0136                  0.45                 0.00                  0.45        0.0615           61.54
    2       2            8.7356          69.6711             0.0144                  0.45                 0.06                  0.51        0.0613           61.30
    3       2            8.2579          64.2498             0.0156                  0.45                 0.38                  0.83        0.0598           59.76
    4       2            7.9564          54.0496             0.0185                  2.54                 2.09                  4.63        0.0526           56.04
    5       2            7.9822          48.1464             0.0208                  1.23                 0.78                  2.01        0.0477           40.31
    6       3            8.2312          63.3962             0.0158                  0.45                 0.44                  0.89        0.0590           59.76
    7       3            7.8200          53.5042             0.0187                  2.54                 2.15                  4.69        0.0526           55.84
    8       3            7.7680          47.2896             0.0211                  1.23                 0.84                  2.08        0.0477           40.06
    9       3            7.7165          53.0900             0.0188                  2.54                 2.47                  5.00        0.0526           54.27
   10       3            7.5684          46.4910             0.0215                  1.23                 1.16                  2.39        0.0477           38.53
   11       3            7.6284          46.7311             0.0214                  3.32                 2.87                  6.19        0.0477           39.06
   12       4            7.6898          52.2365             0.0191                  2.54                 2.53                  5.07        0.0518           54.27
   13       4            7.5417          45.6375             0.0219                  1.23                 1.22                  2.45        0.0469           38.53
   14       4            7.4920          46.1856             0.0217                  3.32                 2.93                  6.25        0.0477           38.86
   15       4            7.3885          45.7715             0.0218                  3.32                 3.25                  6.57        0.0477           37.30
   16       5            7.3618          44.9180             0.0223                  3.32                 3.31                  6.63        0.0469           37.30

Summary Statistics:
------------------------------------------------------------------------------------------------------------------------
            Comp     Groups  Wall Time/Evt (s)  CPU Time/Evt (s)  Throughput (evt/s)  Write Remote (MB/evt)  Read Remote (MB/evt)  Net Transfer (MB/evt)  CPU Cores/Evt  Memory/Evt (MB)
count  16.000000  16.000000          16.000000         16.000000           16.000000              16.000000             16.000000              16.000000      16.000000        16.000000
mean    8.500000   3.000000           7.896665         53.439480            0.019184               1.884766              1.655273               3.540039       0.051955        48.294000
std     4.760952   1.032796           0.502523          9.289593            0.002911               1.152134              1.168838               2.312666       0.005479        10.114525
min     1.000000   1.000000           7.361823         44.917957            0.013575               0.449219              0.000000               0.449219       0.046918        37.295000
25%     4.750000   2.000000           7.561725         46.414674            0.017820               1.035156              0.695801               1.730957       0.047694        38.775750
50%     8.500000   3.000000           7.742274         50.191446            0.019957               1.884766              1.655273               3.540039       0.049771        47.290500
75%    12.250000   4.000000           8.044493         56.386290            0.021545               2.734375              2.614746               5.349121       0.054212        56.968250
max    16.000000   5.000000           9.207945         73.663559            0.022263               3.320312              3.310547               6.630859       0.061544        61.544000
