Workflow Construction Summary Table
========================================================================================================================

 Comp  Groups Wall Time/Evt (s) CPU Time/Evt (s) Throughput (evt/s) Write Remote (MB/evt) Read Remote (MB/evt) Net Transfer (MB/evt) CPU Cores/Evt Memory/Evt (MB)
    1       2           38.9046        2411.6348             0.0004                  0.89                 0.54                  1.43        0.0555           55.67
    2       2           38.9046        2411.6348             0.0004                  0.89                 0.54                  1.43        0.0555           55.67
    3       3           38.9029        2410.7264             0.0004                  0.89                 0.68                  1.57        0.0555           55.62
    4       3           38.9029        2410.7264             0.0004                  0.89                 0.68                  1.57        0.0555           55.62
    5       3           38.8515        2389.2975             0.0004                  0.89                 0.68                  1.57        0.0550           55.22
    6       3           38.8515        2389.2975             0.0004                  0.89                 0.68                  1.57        0.0550           55.22
    7       3           38.8536        2406.0927             0.0004                  1.50                 1.15                  2.66        0.0554           55.58
    8       3           38.8536        2406.0927             0.0004                  1.50                 1.15                  2.66        0.0554           55.58
    9       3           38.7995        2326.6460             0.0004                  0.89                 1.07                  1.96        0.0537           54.03
   10       3           38.7613         715.4843             0.0014                  2.06                 1.71                  3.77        0.0165           22.26
   11       3           38.7613         715.4843             0.0014                  2.06                 1.71                  3.77        0.0165           22.26
   12       4           38.8498        2388.3891             0.0004                  0.89                 0.83                  1.72        0.0550           55.16
   13       4           38.8498        2388.3891             0.0004                  0.89                 0.83                  1.72        0.0550           55.16
   14       4           38.8519        2405.1842             0.0004                  1.50                 1.30                  2.80        0.0554           55.52
   15       4           38.8519        2405.1842             0.0004                  1.50                 1.30                  2.80        0.0554           55.52
   16       4           38.7978        2325.7375             0.0004                  0.89                 1.22                  2.11        0.0536           53.98
   17       4           38.7978        2325.7375             0.0004                  0.89                 1.22                  2.11        0.0536           53.98
   18       4           38.8012        2383.7991             0.0004                  1.50                 1.30                  2.80        0.0550           55.17
   19       4           38.8012        2383.7991             0.0004                  1.50                 1.30                  2.80        0.0550           55.17
   20       4           38.7597         714.5759             0.0014                  2.06                 1.86                  3.92        0.0165           22.20
   21       4           38.7208         594.9864             0.0017                  2.68                 2.32                  5.00        0.0137           22.25
   22       4           38.7597         714.5759             0.0014                  2.06                 1.86                  3.92        0.0165           22.20
   23       4           38.7208         594.9864             0.0017                  2.68                 2.32                  5.00        0.0137           22.25
   24       4           38.7509         695.8795             0.0014                  2.06                 1.86                  3.92        0.0161           21.83
   25       4           38.7509         695.8795             0.0014                  2.06                 1.86                  3.92        0.0161           21.83
   26       4           38.7434         636.0750             0.0016                  2.06                 2.25                  4.31        0.0147           20.63
   27       4           38.7505        2321.2344             0.0004                  1.50                 1.69                  3.19        0.0536           53.94
   28       5           38.7961        2324.8291             0.0004                  0.89                 1.37                  2.26        0.0536           53.92
   29       5           38.7995        2382.8907             0.0004                  1.50                 1.45                  2.95        0.0550           55.11
   30       5           38.7995        2382.8907             0.0004                  1.50                 1.45                  2.95        0.0550           55.11
   31       5           38.7192         594.0780             0.0017                  2.68                 2.47                  5.15        0.0137           22.19
   32       5           38.7192         594.0780             0.0017                  2.68                 2.47                  5.15        0.0137           22.19
   33       5           38.7492         694.9711             0.0014                  2.06                 2.00                  4.06        0.0161           21.77
   34       5           38.7492         694.9711             0.0014                  2.06                 2.00                  4.06        0.0161           21.77
   35       5           38.7417         635.1665             0.0016                  2.06                 2.39                  4.45        0.0147           20.57
   36       5           38.7417         635.1665             0.0016                  2.06                 2.39                  4.45        0.0147           20.57
   37       5           38.7488        2320.3259             0.0004                  1.50                 1.84                  3.34        0.0536           53.89
   38       5           38.7488        2320.3259             0.0004                  1.50                 1.84                  3.34        0.0536           53.89
   39       5           38.7104         575.3816             0.0017                  2.68                 2.47                  5.15        0.0133           21.81
   40       5           38.7104         575.3816             0.0017                  2.68                 2.47                  5.15        0.0133           21.81
   41       5           38.7029         515.5771             0.0019                  2.68                 2.86                  5.54        0.0119           20.62
   42       6           38.7400         634.2581             0.0016                  2.06                 2.54                  4.60        0.0147           20.52
   43       6           38.7472        2319.4175             0.0004                  1.50                 1.98                  3.49        0.0535           53.83
   44       6           38.7087         574.4732             0.0017                  2.68                 2.62                  5.29        0.0133           21.76
   45       6           38.7087         574.4732             0.0017                  2.68                 2.62                  5.29        0.0133           21.76
   46       6           38.7012         514.6686             0.0019                  2.68                 3.01                  5.68        0.0119           20.56
   47       6           38.7012         514.6686             0.0019                  2.68                 3.01                  5.68        0.0119           20.56
   48       7           38.6995         513.7602             0.0019                  2.68                 3.15                  5.83        0.0119           20.50

Summary Statistics:
------------------------------------------------------------------------------------------------------------------------
        Comp     Groups  Wall Time/Evt (s)  CPU Time/Evt (s)  Throughput (evt/s)  Write Remote (MB/evt)  Read Remote (MB/evt)  Net Transfer (MB/evt)  CPU Cores/Evt  Memory/Evt (MB)
count  48.00  48.000000          48.000000         48.000000           48.000000              48.000000             48.000000              48.000000      48.000000        48.000000
mean   24.50   4.333333          38.778099       1497.068407            0.001025               1.782451              1.756410               3.538861       0.034520        38.212833
std    14.00   1.117241           0.061744        886.466242            0.000624               0.668887              0.723768               1.366042       0.020412        16.876148
min     1.00   2.000000          38.699531        513.760191            0.000415               0.888672              0.537109               1.425781       0.011882        20.504600
25%    12.75   4.000000          38.735231        624.440166            0.000419               1.350435              1.220703               2.556826       0.014429        21.802650
50%    24.50   4.000000          38.755276       1517.450900            0.000914               1.782451              1.836387               3.628379       0.035030        38.046500
75%    36.25   5.000000          38.813331       2384.946620            0.001603               2.214468              2.392578               4.699932       0.054989        55.161150
max    48.00   7.000000          38.904610       2411.634813            0.001946               2.676230              3.154746               5.830977       0.055494        55.674800
