Workflow Construction Summary Table
========================================================================================================================

 Comp  Groups Wall Time/Evt (s) CPU Time/Evt (s) Throughput (evt/s) Write Remote (MB/evt) Read Remote (MB/evt) Net Transfer (MB/evt) CPU Cores/Evt Memory/Evt (MB)
    1       1            9.3068         592.6091             0.0017                  0.45                 0.00                  0.45        0.4974          497.37
    2       2            8.8304         559.0126             0.0018                  0.45                 0.06                  0.51        0.4938          494.03
    3       2            8.3509         504.1514             0.0020                  0.45                 0.38                  0.83        0.4704          473.07
    4       2            8.0842         257.5208             0.0039                  1.23                 0.79                  2.02        0.2272          231.51
    5       2            8.0843         200.8621             0.0050                  2.54                 2.10                  4.64        0.1879          232.03
    6       3            8.3247         504.0533             0.0020                  0.45                 0.44                  0.89        0.4704          472.97
    7       3            7.8687         240.5427             0.0042                  1.23                 0.85                  2.08        0.2237          228.21
    8       3            7.9472         188.8802             0.0053                  2.54                 2.16                  4.70        0.1847          229.07
    9       3            7.6699         203.5489             0.0049                  1.23                 1.16                  2.39        0.2003          207.25
   10       3            7.8457         158.0953             0.0063                  2.54                 2.48                  5.02        0.1611          207.93
   11       3            7.7686         169.7650             0.0059                  3.32                 2.89                  6.21        0.1578          172.01
   12       4            7.6436         203.4382             0.0049                  1.23                 1.23                  2.46        0.2003          207.13
   13       4            7.8194         157.9791             0.0063                  2.54                 2.54                  5.08        0.1611          207.81
   14       4            7.6315         157.7839             0.0063                  3.32                 2.95                  6.27        0.1547          169.05
   15       4            7.5300         127.0014             0.0079                  3.32                 3.26                  6.58        0.1311          147.94
   16       5            7.5038         126.8910             0.0079                  3.32                 3.33                  6.65        0.1311          147.82

Summary Statistics:
------------------------------------------------------------------------------------------------------------------------
            Comp     Groups  Wall Time/Evt (s)  CPU Time/Evt (s)  Throughput (evt/s)  Write Remote (MB/evt)  Read Remote (MB/evt)  Net Transfer (MB/evt)  CPU Cores/Evt  Memory/Evt (MB)
count  16.000000  16.000000          16.000000         16.000000           16.000000              16.000000             16.000000              16.000000      16.000000          16.0000
mean    8.500000   3.000000           8.013105        272.008436            0.004764               1.884766              1.663667               3.548432       0.253299         270.3256
std     4.760952   1.032796           0.490323        164.725625            0.002054               1.152134              1.174937               2.318744       0.139895         130.6120
min     1.000000   1.000000           7.503759        126.890999            0.001687               0.449219              0.000000               0.449219       0.131079         147.8208
25%     4.750000   2.000000           7.663308        158.066249            0.003408               1.035156              0.699214               1.734370       0.160255         198.3507
50%     8.500000   3.000000           7.857161        202.150174            0.004947               1.884766              1.663579               3.548344       0.194064         218.0730
75%    12.250000   4.000000           8.144423        319.153949            0.006326               2.734375              2.628297               5.362672       0.288018         292.2643
max    16.000000   5.000000           9.306821        592.609072            0.007881               3.320312              3.327543               6.647856       0.497370         497.3696
