Workflow Construction Summary Table
========================================================================================================================

 Comp  Groups Wall Time/Evt (s) CPU Time/Evt (s) Throughput (evt/s) Write Remote (MB/evt) Read Remote (MB/evt) Net Transfer (MB/evt) CPU Cores/Evt Memory/Evt (MB)
    1       1            7.4803         478.7400             0.0021                  0.45                 0.00                  0.45        0.1228          122.84
    2       2            7.3631         468.1453             0.0021                  0.45                 0.06                  0.51        0.1220          122.02
    3       2            7.2471         438.7447             0.0023                  0.45                 0.38                  0.83        0.1162          116.85
    4       2            7.1902         216.2898             0.0046                  1.23                 0.78                  2.01        0.0562           57.24
    5       2            7.2098         176.7006             0.0057                  2.54                 2.09                  4.63        0.0465           57.36
    6       3            7.2411         438.7206             0.0023                  0.45                 0.44                  0.89        0.1162          116.82
    7       3            7.1375         209.8231             0.0048                  1.23                 0.84                  2.08        0.0554           56.47
    8       3            7.1763         171.4612             0.0058                  2.54                 2.15                  4.69        0.0456           56.59
    9       3            7.0906         184.8447             0.0054                  1.23                 1.16                  2.39        0.0495           51.24
   10       3            7.1536         148.0318             0.0068                  2.54                 2.47                  5.00        0.0398           51.36
   11       3            7.1436         149.0732             0.0067                  3.32                 2.87                  6.19        0.0391           42.56
   12       4            7.0846         184.8206             0.0054                  1.23                 1.22                  2.45        0.0495           51.21
   13       4            7.1475         148.0077             0.0068                  2.54                 2.53                  5.07        0.0398           51.34
   14       4            7.1101         143.8337             0.0070                  3.32                 2.93                  6.25        0.0382           41.79
   15       4            7.0874         120.4044             0.0083                  3.32                 3.25                  6.57        0.0324           36.57
   16       5            7.0814         120.3803             0.0083                  3.32                 3.31                  6.63        0.0324           36.55

Summary Statistics:
------------------------------------------------------------------------------------------------------------------------
            Comp     Groups  Wall Time/Evt (s)  CPU Time/Evt (s)  Throughput (evt/s)  Write Remote (MB/evt)  Read Remote (MB/evt)  Net Transfer (MB/evt)  CPU Cores/Evt  Memory/Evt (MB)
count  16.000000  16.000000          16.000000         16.000000           16.000000              16.000000             16.000000              16.000000      16.000000        16.000000
mean    8.500000   3.000000           7.184013        237.376347            0.005267               1.884766              1.655273               3.540039       0.062595        66.800700
std     4.760952   1.032796           0.108893        133.476269            0.002110               1.152134              1.168838               2.312666       0.034536        32.242004
min     1.000000   1.000000           7.081377        120.380277            0.002089               0.449219              0.000000               0.449219       0.032402        36.545200
25%     4.750000   2.000000           7.105236        148.025800            0.004037               1.035156              0.695801               1.730957       0.039614        49.048900
50%     8.500000   3.000000           7.150544        180.760590            0.005535               1.884766              1.655273               3.540039       0.047986        53.917600
75%    12.250000   4.000000           7.217609        271.897492            0.006756               2.734375              2.614746               5.349121       0.071185        72.223500
max    16.000000   5.000000           7.480312        478.739980            0.008307               3.320312              3.310547               6.630859       0.122842       122.841600
