Workflow Construction Summary Table
========================================================================================================================

 Comp  Groups Wall Time/Evt (s) CPU Time/Evt (s) Throughput (evt/s) Write Remote (MB/evt) Read Remote (MB/evt) Net Transfer (MB/evt) CPU Cores/Evt Memory/Evt (MB)
    1       1            7.4955          58.7347             0.0170                  0.45                 0.00                  0.45        0.0080            8.00
    2       2            7.4344          58.2557             0.0172                  0.45                 0.07                  0.52        0.0080            8.02
    3       2            7.3670          57.7495             0.0173                  0.45                 0.38                  0.83        0.0080            8.02
    4       2            7.3375          57.4962             0.0174                  2.54                 2.13                  4.67        0.0080            8.01
    5       2            7.3311          57.4729             0.0174                  1.23                 0.79                  2.03        0.0080            8.00
    6       3            7.3693          57.7460             0.0173                  0.45                 0.45                  0.90        0.0080            8.03
    7       3            7.3200          57.3587             0.0174                  2.54                 2.20                  4.73        0.0080            8.03
    8       3            7.3063          57.2678             0.0175                  1.23                 0.86                  2.09        0.0080            8.02
    9       3            7.3020          57.2365             0.0175                  2.54                 2.51                  5.05        0.0080            8.03
   10       3            7.2779          57.0561             0.0175                  1.23                 1.18                  2.41        0.0080            8.02
   11       3            7.2953          57.1707             0.0175                  3.32                 2.92                  6.25        0.0080            8.02
   12       4            7.3034          57.2286             0.0175                  2.54                 2.58                  5.12        0.0080            8.04
   13       4            7.2744          57.0288             0.0175                  1.23                 1.24                  2.47        0.0080            8.03
   14       4            7.2776          57.0320             0.0175                  3.32                 2.99                  6.31        0.0080            8.03
   15       4            7.2647          56.9297             0.0176                  3.32                 3.31                  6.63        0.0080            8.03
   16       5            7.2612          56.9031             0.0176                  3.32                 3.37                  6.69        0.0080            8.05

Summary Statistics:
------------------------------------------------------------------------------------------------------------------------
            Comp     Groups  Wall Time/Evt (s)  CPU Time/Evt (s)  Throughput (evt/s)  Write Remote (MB/evt)  Read Remote (MB/evt)  Net Transfer (MB/evt)  CPU Cores/Evt  Memory/Evt (MB)
count  16.000000  16.000000          16.000000         16.000000           16.000000              16.000000             16.000000              16.000000      16.000000        16.000000
mean    8.500000   3.000000           7.326106         57.416688            0.017418               1.884766              1.686593               3.571358       0.008023         8.023500
std     4.760952   1.032796           0.064255          0.500211            0.000150               1.152134              1.190408               2.334185       0.000014         0.013847
min     1.000000   1.000000           7.261244         56.903100            0.017026               0.449219              0.000000               0.449219       0.008000         8.000000
25%     4.750000   2.000000           7.277826         57.050101            0.017374               1.035156              0.708173               1.743330       0.008016         8.016000
50%     8.500000   3.000000           7.304862         57.252166            0.017467               1.884766              1.686973               3.571739       0.008028         8.028000
75%    12.250000   4.000000           7.344861         57.558658            0.017528               2.734375              2.665628               5.400003       0.008032         8.032000
max    16.000000   5.000000           7.495533         58.734729            0.017574               3.320312              3.371541               6.691853       0.008048         8.048000
