Workflow Construction Summary Table
========================================================================================================================

 Comp  Groups Wall Time/Evt (s) CPU Time/Evt (s) Throughput (evt/s) Write Remote (MB/evt) Read Remote (MB/evt) Net Transfer (MB/evt) CPU Cores/Evt Memory/Evt (MB)
    1       2           51.4641         180.7376             0.0055                  0.89                 0.61                  1.50        0.0047            9.48
    2       2           51.4641         180.7376             0.0055                  0.89                 0.61                  1.50        0.0047            9.48
    3       3           51.4320         180.6700             0.0055                  0.89                 0.78                  1.67        0.0047            9.48
    4       3           51.4320         180.6700             0.0055                  0.89                 0.78                  1.67        0.0047            9.48
    5       3           51.3505         180.4041             0.0055                  0.89                 0.79                  1.68        0.0047            9.47
    6       3           51.3505         180.4041             0.0055                  0.89                 0.79                  1.68        0.0047            9.47
    7       3           51.3424         180.3922             0.0055                  1.50                 1.34                  2.84        0.0047            9.47
    8       3           51.3424         180.3922             0.0055                  1.50                 1.34                  2.84        0.0047            9.47
    9       3           51.2949         180.1890             0.0055                  0.89                 1.25                  2.13        0.0047            9.48
   10       3           51.2476         180.0182             0.0056                  2.06                 1.98                  4.04        0.0047            9.48
   11       3           51.2476         180.0182             0.0056                  2.06                 1.98                  4.04        0.0047            9.48
   12       4           51.3584         180.4167             0.0055                  0.89                 0.95                  1.84        0.0047            9.49
   13       4           51.3584         180.4167             0.0055                  0.89                 0.95                  1.84        0.0047            9.49
   14       4           51.3477         180.3996             0.0055                  1.50                 1.51                  3.01        0.0047            9.48
   15       4           51.3477         180.3996             0.0055                  1.50                 1.51                  3.01        0.0047            9.48
   16       4           51.2863         180.1686             0.0056                  0.89                 1.40                  2.28        0.0047            9.49
   17       4           51.2863         180.1686             0.0056                  0.89                 1.40                  2.28        0.0047            9.49
   18       4           51.1993         180.0012             0.0056                  1.50                 1.50                  3.01        0.0047            9.46
   19       4           51.1993         180.0012             0.0056                  1.50                 1.50                  3.01        0.0047            9.46
   20       4           51.2130         179.9456             0.0056                  2.06                 2.15                  4.21        0.0047            9.48
   21       4           51.0883         179.6186             0.0056                  2.68                 2.69                  5.37        0.0047            9.46
   22       4           51.2130         179.9456             0.0056                  2.06                 2.15                  4.21        0.0047            9.48
   23       4           51.0883         179.6186             0.0056                  2.68                 2.69                  5.37        0.0047            9.46
   24       4           51.2250         179.9522             0.0056                  2.06                 2.15                  4.21        0.0047            9.49
   25       4           51.2250         179.9522             0.0056                  2.06                 2.15                  4.21        0.0047            9.49
   26       4           51.0863         179.6597             0.0056                  2.06                 2.59                  4.65        0.0047            9.45
   27       4           51.1551         179.8113             0.0056                  1.50                 1.95                  3.45        0.0047            9.46
   28       5           51.2893         180.1711             0.0056                  0.89                 1.57                  2.46        0.0047            9.49
   29       5           51.1677         179.9346             0.0056                  1.50                 1.65                  3.16        0.0047            9.46
   30       5           51.1677         179.9346             0.0056                  1.50                 1.65                  3.16        0.0047            9.46
   31       5           51.0786         179.5960             0.0056                  2.68                 2.85                  5.53        0.0047            9.47
   32       5           51.0786         179.5960             0.0056                  2.68                 2.85                  5.53        0.0047            9.47
   33       5           51.1981         179.8950             0.0056                  2.06                 2.32                  4.38        0.0047            9.48
   34       5           51.1981         179.8950             0.0056                  2.06                 2.32                  4.38        0.0047            9.48
   35       5           51.0850         179.6538             0.0056                  2.06                 2.76                  4.82        0.0047            9.47
   36       5           51.0850         179.6538             0.0056                  2.06                 2.76                  4.82        0.0047            9.47
   37       5           51.2212         179.9405             0.0056                  1.50                 2.12                  3.62        0.0047            9.49
   38       5           51.2212         179.9405             0.0056                  1.50                 2.12                  3.62        0.0047            9.49
   39       5           51.0824         179.5861             0.0056                  2.68                 2.85                  5.52        0.0047            9.48
   40       5           51.0824         179.5861             0.0056                  2.68                 2.85                  5.52        0.0047            9.48
   41       5           51.0292         179.4647             0.0056                  2.68                 3.32                  6.00        0.0047            9.46
   42       6           51.0858         179.6521             0.0056                  2.06                 2.92                  4.98        0.0047            9.47
   43       6           51.2269         179.9484             0.0056                  1.50                 2.29                  3.80        0.0047            9.49
   44       6           51.0336         179.4849             0.0056                  2.68                 3.02                  5.69        0.0047            9.47
   45       6           51.0336         179.4849             0.0056                  2.68                 3.02                  5.69        0.0047            9.47
   46       6           50.9210         179.2449             0.0056                  2.68                 3.46                  6.14        0.0047            9.45
   47       6           50.9210         179.2449             0.0056                  2.68                 3.46                  6.14        0.0047            9.45
   48       7           50.9869         179.3733             0.0056                  2.68                 3.64                  6.32        0.0047            9.47

Summary Statistics:
------------------------------------------------------------------------------------------------------------------------
        Comp     Groups  Wall Time/Evt (s)  CPU Time/Evt (s)  Throughput (evt/s)  Write Remote (MB/evt)  Read Remote (MB/evt)  Net Transfer (MB/evt)  CPU Cores/Evt  Memory/Evt (MB)
count  48.00  48.000000          48.000000         48.000000           48.000000              48.000000             48.000000              48.000000      48.000000        48.000000
mean   24.50   4.333333          51.204976        179.966468            0.005557               1.782451              2.026155               3.808606       0.004737         9.473933
std    14.00   1.117241           0.137568          0.392160            0.000012               0.668887              0.836871               1.477899       0.000006         0.011448
min     1.00   2.000000          50.921046        179.244918            0.005533               0.888672              0.611831               1.500503       0.004724         9.448000
25%    12.75   4.000000          51.085614        179.643737            0.005548               1.350435              1.395575               2.747459       0.004734         9.467200
50%    24.50   4.000000          51.213001        179.945625            0.005557               1.782451              2.119994               3.917833       0.004738         9.475200
75%    36.25   5.000000          51.306771        180.239785            0.005567               2.214468              2.757230               5.075510       0.004742         9.483600
max    48.00   7.000000          51.464115        180.737594            0.005579               2.676230              3.642828               6.319058       0.004746         9.492800
