Workflow Construction Summary Table
========================================================================================================================

 Comp  Groups Wall Time/Evt (s) CPU Time/Evt (s) Throughput (evt/s) Write Remote (MB/evt) Read Remote (MB/evt) Net Transfer (MB/evt) CPU Cores/Evt Memory/Evt (MB)
    1       1            6.9484          55.5871             0.0180                  0.45                 0.00                  0.45        0.0013            1.28
    2       2            6.9386          55.5092             0.0180                  0.45                 0.06                  0.51        0.0013            1.28
    3       2            6.9245          55.3962             0.0181                  1.23                 0.78                  2.01        0.0013            1.28
    4       2            6.9291          55.4325             0.0180                  0.45                 0.38                  0.83        0.0013            1.28
    5       2            6.9266          55.4129             0.0180                  2.54                 2.09                  4.63        0.0013            1.28
    6       3            6.9286          55.4285             0.0180                  0.45                 0.44                  0.89        0.0013            1.28
    7       3            6.9202          55.3614             0.0181                  1.23                 0.84                  2.08        0.0013            1.28
    8       3            6.9214          55.3709             0.0181                  3.32                 2.87                  6.19        0.0013            1.28
    9       3            6.9238          55.3906             0.0181                  2.54                 2.15                  4.69        0.0013            1.28
   10       3            6.9220          55.3760             0.0181                  2.54                 2.47                  5.00        0.0013            1.28
   11       3            6.9163          55.3305             0.0181                  1.23                 1.16                  2.39        0.0013            1.28
   12       4            6.9215          55.3720             0.0181                  2.54                 2.53                  5.07        0.0013            1.28
   13       4            6.9158          55.3265             0.0181                  1.23                 1.22                  2.45        0.0013            1.28
   14       4            6.9186          55.3485             0.0181                  3.32                 2.93                  6.25        0.0013            1.28
   15       4            6.9167          55.3339             0.0181                  3.32                 3.25                  6.57        0.0013            1.28
   16       5            6.9162          55.3299             0.0181                  3.32                 3.31                  6.63        0.0013            1.28

Summary Statistics:
------------------------------------------------------------------------------------------------------------------------
            Comp     Groups  Wall Time/Evt (s)  CPU Time/Evt (s)  Throughput (evt/s)  Write Remote (MB/evt)  Read Remote (MB/evt)  Net Transfer (MB/evt)  CPU Cores/Evt  Memory/Evt (MB)
count  16.000000  16.000000          16.000000         16.000000           16.000000              16.000000             16.000000              16.000000      16.000000        16.000000
mean    8.500000   3.000000           6.924269         55.394154            0.018052               1.884766              1.655273               3.540039       0.001280         1.280100
std     4.760952   1.032796           0.008803          0.070423            0.000023               1.152134              1.168838               2.312666       0.000001         0.001088
min     1.000000   1.000000           6.915807         55.326457            0.017990               0.449219              0.000000               0.449219       0.001278         1.278400
25%     4.750000   2.000000           6.918111         55.344888            0.018045               1.035156              0.695801               1.730957       0.001280         1.280000
50%     8.500000   3.000000           6.921747         55.373973            0.018059               1.884766              1.655273               3.540039       0.001280         1.280000
75%    12.250000   4.000000           6.927100         55.416799            0.018069               2.734375              2.614746               5.349121       0.001280         1.280400
max    16.000000   5.000000           6.948389         55.587114            0.018075               3.320312              3.310547               6.630859       0.001282         1.281600
