Workflow Construction Summary Table
========================================================================================================================

 Comp  Groups Wall Time/Evt (s) CPU Time/Evt (s) Throughput (evt/s) Write Remote (MB/evt) Read Remote (MB/evt) Net Transfer (MB/evt) CPU Cores/Evt Memory/Evt (MB)
    1       2           43.0205        2539.7419             0.0004                  0.89                 0.56                  1.45        0.0614           61.57
    2       2           43.0205        2539.7419             0.0004                  0.89                 0.56                  1.45        0.0614           61.57
    3       3           43.0123        2537.7099             0.0004                  0.89                 0.72                  1.61        0.0613           61.46
    4       3           43.0123        2537.7099             0.0004                  0.89                 0.72                  1.61        0.0613           61.46
    5       3           42.9318        2514.2956             0.0004                  0.89                 0.72                  1.61        0.0608           60.97
    6       3           42.9318        2514.2956             0.0004                  0.89                 0.72                  1.61        0.0608           60.97
    7       3           42.9808        2533.5121             0.0004                  1.50                 1.22                  2.72        0.0612           61.44
    8       3           42.9808        2533.5121             0.0004                  1.50                 1.22                  2.72        0.0612           61.44
    9       3           42.9129        2450.1953             0.0004                  0.89                 1.13                  2.02        0.0594           59.76
   10       3           42.8897         756.4373             0.0013                  2.06                 1.80                  3.86        0.0184           24.70
   11       3           42.8897         756.4373             0.0013                  2.06                 1.80                  3.86        0.0184           24.70
   12       4           42.9316        2514.4302             0.0004                  0.89                 0.87                  1.76        0.0608           60.97
   13       4           42.9316        2514.4302             0.0004                  0.89                 0.87                  1.76        0.0608           60.97
   14       4           42.9804        2532.8255             0.0004                  1.50                 1.37                  2.87        0.0612           61.39
   15       4           42.9804        2532.8255             0.0004                  1.50                 1.37                  2.87        0.0612           61.39
   16       4           42.9006        2448.7299             0.0004                  0.89                 1.28                  2.17        0.0593           59.68
   17       4           42.9006        2448.7299             0.0004                  0.89                 1.28                  2.17        0.0593           59.68
   18       4           42.9204        2509.9005             0.0004                  1.50                 1.37                  2.87        0.0608           60.98
   19       4           42.9204        2509.9005             0.0004                  1.50                 1.37                  2.87        0.0608           60.98
   20       4           42.8632         754.6812             0.0013                  2.06                 1.95                  4.01        0.0183           24.61
   21       4           42.8319         628.6281             0.0016                  2.68                 2.44                  5.12        0.0153           24.65
   22       4           42.8632         754.6812             0.0013                  2.06                 1.95                  4.01        0.0183           24.61
   23       4           42.8319         628.6281             0.0016                  2.68                 2.44                  5.12        0.0153           24.65
   24       4           42.8795         735.2510             0.0014                  2.06                 1.95                  4.01        0.0179           24.22
   25       4           42.8795         735.2510             0.0014                  2.06                 1.95                  4.01        0.0179           24.22
   26       4           42.8490         671.4225             0.0015                  2.06                 2.36                  4.42        0.0163           22.85
   27       4           42.8491        2444.0352             0.0004                  1.50                 1.78                  3.28        0.0592           59.62
   28       5           42.9035        2448.3210             0.0004                  0.89                 1.43                  2.32        0.0593           59.64
   29       5           42.9021        2509.4556             0.0004                  1.50                 1.52                  3.02        0.0608           60.94
   30       5           42.9021        2509.4556             0.0004                  1.50                 1.52                  3.02        0.0608           60.94
   31       5           42.8299         627.9278             0.0016                  2.68                 2.60                  5.27        0.0152           24.60
   32       5           42.8299         627.9278             0.0016                  2.68                 2.60                  5.27        0.0152           24.60
   33       5           42.8768         733.7365             0.0014                  2.06                 2.11                  4.17        0.0178           24.12
   34       5           42.8768         733.7365             0.0014                  2.06                 2.11                  4.17        0.0178           24.12
   35       5           42.8347         670.4657             0.0015                  2.06                 2.51                  4.57        0.0163           22.81
   36       5           42.8347         670.4657             0.0015                  2.06                 2.51                  4.57        0.0163           22.81
   37       5           42.8440        2443.3256             0.0004                  1.50                 1.93                  3.43        0.0592           59.57
   38       5           42.8440        2443.3256             0.0004                  1.50                 1.93                  3.43        0.0592           59.57
   39       5           42.8123         607.9272             0.0016                  2.68                 2.60                  5.28        0.0148           24.18
   40       5           42.8123         607.9272             0.0016                  2.68                 2.60                  5.28        0.0148           24.18
   41       5           42.8269         544.9345             0.0018                  2.68                 3.01                  5.69        0.0133           22.86
   42       6           42.8536         669.5531             0.0015                  2.06                 2.67                  4.73        0.0163           22.76
   43       6           42.8301        2441.8078             0.0004                  1.50                 2.08                  3.59        0.0592           59.48
   44       6           42.8390         607.6051             0.0016                  2.68                 2.76                  5.43        0.0148           24.13
   45       6           42.8390         607.6051             0.0016                  2.68                 2.76                  5.43        0.0148           24.13
   46       6           42.7917         544.1913             0.0018                  2.68                 3.16                  5.83        0.0133           22.81
   47       6           42.7917         544.1913             0.0018                  2.68                 3.16                  5.83        0.0133           22.81
   48       7           42.8277         543.4207             0.0018                  2.68                 3.32                  6.00        0.0132           22.76

Summary Statistics:
------------------------------------------------------------------------------------------------------------------------
        Comp     Groups  Wall Time/Evt (s)  CPU Time/Evt (s)  Throughput (evt/s)  Write Remote (MB/evt)  Read Remote (MB/evt)  Net Transfer (MB/evt)  CPU Cores/Evt  Memory/Evt (MB)
count  48.00  48.000000          48.000000         48.000000           48.000000              48.000000             48.000000              48.000000      48.000000        48.000000
mean   24.50   4.333333          42.887485       1577.400960            0.000971               1.782451              1.846900               3.629351       0.038198        42.278167
std    14.00   1.117241           0.062841        932.204943            0.000590               0.668887              0.760783               1.402698       0.022522        18.618435
min     1.00   2.000000          42.791684        543.420655            0.000394               0.888672              0.561867               1.450539       0.013233        22.755200
25%    12.75   4.000000          42.834721        659.321853            0.000398               1.350435              1.282854               2.620595       0.016024        24.169800
50%    24.50   4.000000          42.878172       1599.122546            0.000866               1.782451              1.928903               3.723570       0.038761        42.092800
75%    36.25   5.000000          42.923205       2510.999259            0.001518               2.214468              2.510365               4.826760       0.060776        60.969700
max    48.00   7.000000          43.020483       2539.741855            0.001840               2.676230              3.320008               5.996239       0.061369        61.569200
