Workflow Construction Summary Table
========================================================================================================================

 Comp  Groups Wall Time/Evt (s) CPU Time/Evt (s) Throughput (evt/s) Write Remote (MB/evt) Read Remote (MB/evt) Net Transfer (MB/evt) CPU Cores/Evt Memory/Evt (MB)
    1       1            7.1922         460.3003             0.0022                  0.45                 0.00                  0.45        0.0614           61.38
    2       2            7.1340         453.5086             0.0022                  0.45                 0.06                  0.51        0.0610           60.98
    3       2            7.0777         428.2996             0.0023                  0.45                 0.38                  0.83        0.0581           58.42
    4       2            7.0552         209.6472             0.0048                  1.23                 0.78                  2.01        0.0281           28.64
    5       2            7.0780         172.8485             0.0058                  2.54                 2.09                  4.63        0.0232           28.69
    6       3            7.0750         428.2887             0.0023                  0.45                 0.44                  0.89        0.0581           58.40
    7       3            7.0292         204.9098             0.0049                  1.23                 0.84                  2.08        0.0277           28.25
    8       3            7.0616         168.7256             0.0059                  2.54                 2.15                  4.69        0.0228           28.30
    9       3            7.0074         181.9126             0.0055                  1.23                 1.16                  2.39        0.0248           25.68
   10       3            7.0519         146.5002             0.0068                  2.54                 2.47                  5.00        0.0199           25.73
   11       3            7.0528         145.7702             0.0069                  3.32                 2.87                  6.19        0.0195           21.30
   12       4            7.0047         181.9017             0.0055                  1.23                 1.22                  2.45        0.0248           25.67
   13       4            7.0491         146.4893             0.0068                  2.54                 2.53                  5.07        0.0199           25.71
   14       4            7.0363         141.6473             0.0071                  3.32                 2.93                  6.25        0.0191           20.90
   15       4            7.0266         119.4219             0.0084                  3.32                 3.25                  6.57        0.0162           18.34
   16       5            7.0239         119.4110             0.0084                  3.32                 3.31                  6.63        0.0162           18.32

Summary Statistics:
------------------------------------------------------------------------------------------------------------------------
            Comp     Groups  Wall Time/Evt (s)  CPU Time/Evt (s)  Throughput (evt/s)  Write Remote (MB/evt)  Read Remote (MB/evt)  Net Transfer (MB/evt)  CPU Cores/Evt  Memory/Evt (MB)
count  16.000000  16.000000          16.000000         16.000000           16.000000              16.000000             16.000000              16.000000      16.000000        16.000000
mean    8.500000   3.000000           7.059732        231.848907            0.005358               1.884766              1.655273               3.540039       0.031315        33.418500
std     4.760952   1.032796           0.047491        128.471970            0.002116               1.152134              1.168838               2.312666       0.017243        16.095874
min     1.000000   1.000000           7.004672        119.411013            0.002172               0.449219              0.000000               0.449219       0.016248        18.322000
25%     4.750000   2.000000           7.028537        146.309550            0.004161               1.035156              0.695801               1.730957       0.019844        24.573500
50%     8.500000   3.000000           7.052341        177.375126            0.005641               1.884766              1.655273               3.540039       0.024028        26.988000
75%    12.250000   4.000000           7.075648        264.307528            0.006835               2.734375              2.614746               5.349121       0.035604        36.116500
max    16.000000   5.000000           7.192192        460.300300            0.008374               3.320312              3.310547               6.630859       0.061376        61.376000
