Workflow Construction Summary Table
========================================================================================================================

 Comp  Groups Wall Time/Evt (s) CPU Time/Evt (s) Throughput (evt/s) Write Remote (MB/evt) Read Remote (MB/evt) Net Transfer (MB/evt) CPU Cores/Evt Memory/Evt (MB)
    1       1            9.6815         534.3497             0.0019                  0.45                 0.00                  0.45        0.0212           21.18
    2       2            9.6692         530.1961             0.0019                  0.45                 0.06                  0.51        0.0211           21.10
    3       2            9.6807         504.1677             0.0020                  0.45                 0.43                  0.88        0.0201           20.23
    4       2            9.8128         247.3855             0.0040                  1.23                 0.91                  2.14        0.0095            9.71
    5       2           10.1971         220.0227             0.0045                  2.54                 2.46                  5.00        0.0080            9.94
    6       3            9.6493         502.3092             0.0020                  0.45                 0.49                  0.94        0.0201           20.19
    7       3            9.8180         244.0022             0.0041                  1.23                 1.00                  2.23        0.0095            9.70
    8       3           10.1878         215.6441             0.0046                  2.54                 2.53                  5.07        0.0079            9.78
    9       3            9.8333         218.5537             0.0046                  1.22                 1.35                  2.58        0.0085            8.78
   10       3           10.2494         191.0143             0.0052                  2.54                 2.94                  5.48        0.0070            8.98
   11       3           10.4011         190.1660             0.0053                  3.32                 3.39                  6.71        0.0069            7.47
   12       4            9.8395         218.6393             0.0046                  1.22                 1.41                  2.63        0.0086            8.93
   13       4           10.2483         188.7182             0.0053                  2.54                 3.01                  5.55        0.0068            8.83
   14       4           10.3976         184.0171             0.0054                  3.32                 3.45                  6.77        0.0067            7.31
   15       4           10.4128         160.9195             0.0062                  3.32                 3.83                  7.15        0.0057            6.46
   16       5           10.4129         157.3925             0.0064                  3.27                 3.86                  7.13        0.0056            6.35

Summary Statistics:
------------------------------------------------------------------------------------------------------------------------
            Comp     Groups  Wall Time/Evt (s)  CPU Time/Evt (s)  Throughput (evt/s)  Write Remote (MB/evt)  Read Remote (MB/evt)  Net Transfer (MB/evt)  CPU Cores/Evt  Memory/Evt (MB)
count  16.000000  16.000000          16.000000         16.000000           16.000000              16.000000             16.000000              16.000000      16.000000        16.000000
mean    8.500000   3.000000          10.030697        281.718624            0.004250               1.879990              1.945645               3.825635       0.010816        11.559500
std     4.760952   1.032796           0.305534        143.132314            0.001523               1.148561              1.382091               2.521530       0.005955         5.554075
min     1.000000   1.000000           9.649320        157.392539            0.001871               0.447553              0.000000               0.449219       0.005585         6.346000
25%     4.750000   2.000000           9.779944        189.804031            0.003529               1.027708              0.807193               1.838803       0.006853         8.455000
50%     8.500000   3.000000          10.013655        218.596537            0.004575               1.884766              1.936322               3.816122       0.008252         9.340000
75%    12.250000   4.000000          10.286452        311.116401            0.005269               2.720696              3.102468               5.836843       0.012162        12.499000
max    16.000000   5.000000          10.412888        534.349735            0.006354               3.320312              3.862176               7.148655       0.021184        21.184000
