Workflow Construction Summary Table
========================================================================================================================

 Comp  Groups Wall Time/Evt (s) CPU Time/Evt (s) Throughput (evt/s) Write Remote (MB/evt) Read Remote (MB/evt) Net Transfer (MB/evt) CPU Cores/Evt Memory/Evt (MB)
    1       1            9.5782          65.9130             0.0152                  0.45                 0.00                  0.45        0.0009            0.89
    2       2            9.5784          65.5679             0.0153                  0.44                 0.06                  0.51        0.0009            0.92
    3       2            9.5783          65.5678             0.0153                  0.44                 0.42                  0.86        0.0009            0.92
    4       2            9.6136          66.0543             0.0151                  2.54                 2.42                  4.96        0.0009            0.92
    5       2            9.4839          65.5356             0.0153                  1.23                 0.88                  2.11        0.0009            0.90
    6       3            9.5783          65.5678             0.0153                  0.44                 0.49                  0.93        0.0009            0.94
    7       3            9.6647          66.2588             0.0151                  2.54                 2.52                  5.06        0.0009            0.94
    8       3            9.5839          65.9358             0.0152                  1.23                 0.95                  2.18        0.0009            0.94
    9       3            9.4251          64.9548             0.0154                  2.50                 2.76                  5.26        0.0009            0.90
   10       3            9.5175          65.6699             0.0152                  1.23                 1.31                  2.54        0.0009            0.90
   11       3            9.4168          65.2673             0.0153                  3.32                 3.25                  6.58        0.0009            0.90
   12       4            9.5135          65.6542             0.0152                  2.54                 2.88                  5.42        0.0009            0.94
   13       4            9.5925          65.9700             0.0152                  1.23                 1.36                  2.59        0.0010            0.97
   14       4            9.5118          65.6473             0.0152                  3.32                 3.33                  6.65        0.0010            0.95
   15       4            9.2701          64.3347             0.0155                  3.30                 3.60                  6.91        0.0009            0.90
   16       5            9.4080          65.2319             0.0153                  3.32                 3.75                  7.07        0.0009            0.94

Summary Statistics:
------------------------------------------------------------------------------------------------------------------------
            Comp     Groups  Wall Time/Evt (s)  CPU Time/Evt (s)  Throughput (evt/s)  Write Remote (MB/evt)  Read Remote (MB/evt)  Net Transfer (MB/evt)  CPU Cores/Evt  Memory/Evt (MB)
count  16.000000  16.000000          16.000000         16.000000           16.000000              16.000000             16.000000              16.000000      16.000000        16.000000
mean    8.500000   3.000000           9.519668         65.570676            0.015251               1.880381              1.873908               3.754290       0.000924         0.924000
std     4.760952   1.032796           0.099581          0.465856            0.000109               1.150595              1.324477               2.467075       0.000023         0.023001
min     1.000000   1.000000           9.270060         64.334653            0.015092               0.443676              0.000000               0.449219       0.000888         0.888000
25%     4.750000   2.000000           9.469189         65.468488            0.015170               1.035156              0.780130               1.814037       0.000904         0.904000
50%     8.500000   3.000000           9.547863         65.607572            0.015242               1.866342              1.892644               3.777410       0.000920         0.920000
75%    12.250000   4.000000           9.579763         65.918668            0.015275               2.729934              2.971624               5.705999       0.000944         0.944000
max    16.000000   5.000000           9.664712         66.258850            0.015544               3.320312              3.746663               7.066976       0.000968         0.968000
