Workflow Construction Summary Table
========================================================================================================================

 Comp  Groups Wall Time/Evt (s) CPU Time/Evt (s) Throughput (evt/s) Write Remote (MB/evt) Read Remote (MB/evt) Net Transfer (MB/evt) CPU Cores/Evt Memory/Evt (MB)
    1       2           50.9630        2779.7008             0.0004                  0.89                 0.63                  1.52        0.0364           36.55
    2       2           50.9630        2779.7008             0.0004                  0.89                 0.63                  1.52        0.0364           36.55
    3       3           50.9908        2780.2591             0.0004                  0.89                 0.80                  1.69        0.0364           36.55
    4       3           50.9908        2780.2591             0.0004                  0.89                 0.80                  1.69        0.0364           36.55
    5       3           50.9400        2756.0927             0.0004                  0.89                 0.80                  1.69        0.0361           36.28
    6       3           50.9400        2756.0927             0.0004                  0.89                 0.80                  1.69        0.0361           36.28
    7       3           51.0737        2779.0955             0.0004                  1.50                 1.35                  2.85        0.0365           36.61
    8       3           51.0737        2779.0955             0.0004                  1.50                 1.35                  2.85        0.0365           36.61
    9       3           50.8810        2685.2824             0.0004                  0.89                 1.25                  2.14        0.0352           35.47
   10       3           50.8526         824.2709             0.0012                  2.06                 1.99                  4.05        0.0109           14.64
   11       3           50.8526         824.2709             0.0012                  2.06                 1.99                  4.05        0.0109           14.64
   12       4           50.9008        2755.5665             0.0004                  0.89                 0.96                  1.85        0.0361           36.25
   13       4           50.9008        2755.5665             0.0004                  0.89                 0.96                  1.85        0.0361           36.25
   14       4           51.0067        2778.4484             0.0004                  1.50                 1.50                  3.00        0.0365           36.58
   15       4           51.0067        2778.4484             0.0004                  1.50                 1.50                  3.00        0.0365           36.58
   16       4           50.8309        2685.2086             0.0004                  0.89                 1.40                  2.29        0.0352           35.46
   17       4           50.8309        2685.2086             0.0004                  0.89                 1.40                  2.29        0.0352           35.46
   18       4           51.0272        2759.2463             0.0004                  1.50                 1.48                  2.98        0.0363           36.41
   19       4           51.0272        2759.2463             0.0004                  1.50                 1.48                  2.98        0.0363           36.41
   20       4           50.7631         823.1434             0.0012                  2.06                 2.14                  4.20        0.0108           14.60
   21       4           50.7168         682.6538             0.0015                  2.68                 2.68                  5.35        0.0090           14.57
   22       4           50.7631         823.1434             0.0012                  2.06                 2.14                  4.20        0.0108           14.60
   23       4           50.7168         682.6538             0.0015                  2.68                 2.68                  5.35        0.0090           14.57
   24       4           50.8852         806.6552             0.0012                  2.06                 2.15                  4.21        0.0107           14.45
   25       4           50.8852         806.6552             0.0012                  2.06                 2.15                  4.21        0.0107           14.45
   26       4           50.7005         736.6107             0.0014                  2.06                 2.60                  4.66        0.0097           13.62
   27       4           50.8823        2681.8615             0.0004                  1.50                 1.96                  3.47        0.0352           35.47
   28       5           50.8850        2683.7757             0.0004                  0.89                 1.59                  2.48        0.0352           35.42
   29       5           50.9615        2756.4702             0.0004                  1.50                 1.64                  3.15        0.0363           36.35
   30       5           50.9615        2756.4702             0.0004                  1.50                 1.64                  3.15        0.0363           36.35
   31       5           50.6189         680.1704             0.0015                  2.68                 2.82                  5.50        0.0089           14.52
   32       5           50.6189         680.1704             0.0015                  2.68                 2.82                  5.50        0.0089           14.52
   33       5           50.8264         804.3308             0.0012                  2.06                 2.30                  4.36        0.0106           14.41
   34       5           50.8264         804.3308             0.0012                  2.06                 2.30                  4.36        0.0106           14.41
   35       5           50.7514         734.4913             0.0014                  2.06                 2.80                  4.86        0.0097           13.56
   36       5           50.7514         734.4913             0.0014                  2.06                 2.80                  4.86        0.0097           13.56
   37       5           50.8201        2678.1165             0.0004                  1.50                 2.14                  3.64        0.0351           35.37
   38       5           50.8201        2678.1165             0.0004                  1.50                 2.14                  3.64        0.0351           35.37
   39       5           50.7004         665.3855             0.0015                  2.68                 2.85                  5.53        0.0088           14.38
   40       5           50.7004         665.3855             0.0015                  2.68                 2.85                  5.53        0.0088           14.38
   41       5           50.7021         597.7537             0.0017                  2.68                 3.31                  5.99        0.0079           13.64
   42       6           50.6903         734.7720             0.0014                  2.06                 2.96                  5.02        0.0097           13.57
   43       6           50.9252        2683.5211             0.0004                  1.50                 2.29                  3.79        0.0353           35.48
   44       6           50.6928         663.7366             0.0015                  2.68                 3.02                  5.70        0.0088           14.33
   45       6           50.6928         663.7366             0.0015                  2.68                 3.02                  5.70        0.0088           14.33
   46       6           50.7125         596.2331             0.0017                  2.68                 3.51                  6.19        0.0079           13.56
   47       6           50.7125         596.2331             0.0017                  2.68                 3.51                  6.19        0.0079           13.56
   48       7           50.6699         595.5898             0.0017                  2.68                 3.66                  6.34        0.0079           13.53

Summary Statistics:
------------------------------------------------------------------------------------------------------------------------
        Comp     Groups  Wall Time/Evt (s)  CPU Time/Evt (s)  Throughput (evt/s)  Write Remote (MB/evt)  Read Remote (MB/evt)  Net Transfer (MB/evt)  CPU Cores/Evt  Memory/Evt (MB)
count  48.00  48.000000          48.000000         48.000000           48.000000              48.000000             48.000000              48.000000      48.000000        48.000000
mean   24.50   4.333333          50.841782       1728.702467            0.000888               1.782451              2.031448               3.813899       0.022719        25.146658
std    14.00   1.117241           0.126010       1023.626626            0.000541               0.668887              0.838453               1.477662       0.013408        11.089567
min     1.00   2.000000          50.618865        595.589765            0.000360               0.888672              0.631273               1.519945       0.007889        13.529800
25%    12.75   4.000000          50.715712        721.531897            0.000363               1.350435              1.401670               2.756749       0.009513        14.400150
50%    24.50   4.000000          50.841719       1751.193719            0.000793               1.782451              2.137101               3.917601       0.023000        25.002800
75%    36.25   5.000000          50.945365       2756.187092            0.001387               2.214468              2.796019               5.105576       0.036174        36.296300
max    48.00   7.000000          51.073708       2780.259075            0.001679               2.676230              3.662977               6.339208       0.036484        36.607400
