Workflow Construction Summary Table
========================================================================================================================

 Comp  Groups Wall Time/Evt (s) CPU Time/Evt (s) Throughput (evt/s) Write Remote (MB/evt) Read Remote (MB/evt) Net Transfer (MB/evt) CPU Cores/Evt Memory/Evt (MB)
    1       1            9.5726          67.2205             0.0149                  0.45                 0.00                  0.45        0.0102           10.15
    2       2            9.5023          66.4653             0.0150                  0.45                 0.07                  0.52        0.0101           10.12
    3       2            9.4658          64.3886             0.0155                  0.45                 0.43                  0.88        0.0099            9.87
    4       2            9.9104          58.9279             0.0170                  2.54                 2.42                  4.96        0.0087            9.24
    5       2            9.5571          51.6876             0.0193                  1.23                 0.91                  2.14        0.0078            6.66
    6       3            9.4690          63.4595             0.0158                  0.45                 0.51                  0.96        0.0097            9.86
    7       3            9.8959          58.8775             0.0170                  2.54                 2.50                  5.04        0.0087            9.22
    8       3            9.5303          51.6022             0.0194                  1.23                 0.98                  2.21        0.0079            6.63
    9       3            9.9213          58.9557             0.0170                  2.54                 2.86                  5.40        0.0087            8.95
   10       3            9.5280          51.6337             0.0194                  1.23                 1.34                  2.57        0.0078            6.35
   11       3           10.0438          53.4204             0.0187                  3.32                 3.34                  6.66        0.0078            6.45
   12       4            9.9197          58.0373             0.0172                  2.54                 2.94                  5.48        0.0085            8.96
   13       4            9.5333          50.7299             0.0197                  1.23                 1.42                  2.65        0.0077            6.35
   14       4           10.0279          53.3848             0.0187                  3.32                 3.41                  6.73        0.0079            6.41
   15       4           10.0489          53.4605             0.0187                  3.32                 3.76                  7.09        0.0079            6.16
   16       5           10.0557          52.5586             0.0190                  3.32                 3.84                  7.16        0.0077            6.16

Summary Statistics:
------------------------------------------------------------------------------------------------------------------------
            Comp     Groups  Wall Time/Evt (s)  CPU Time/Evt (s)  Throughput (evt/s)  Write Remote (MB/evt)  Read Remote (MB/evt)  Net Transfer (MB/evt)  CPU Cores/Evt  Memory/Evt (MB)
count  16.000000  16.000000          16.000000         16.000000           16.000000              16.000000             16.000000              16.000000      16.000000        16.000000
mean    8.500000   3.000000           9.748863         57.175638            0.017647               1.884766              1.921230               3.805995       0.008562         7.972138
std     4.760952   1.032796           0.243000          5.689879            0.001683               1.152134              1.356796               2.500080       0.000913         1.667488
min     1.000000   1.000000           9.465784         50.729941            0.014876               0.449219              0.000000               0.449219       0.007725         6.157400
25%     4.750000   2.000000           9.529716         52.340883            0.016661               1.035156              0.809513               1.844669       0.007848         6.397050
50%     8.500000   3.000000           9.734227         55.748899            0.017968               1.884766              1.920221               3.804987       0.008200         7.807600
75%    12.250000   4.000000           9.947938         60.081671            0.019107               2.734375              3.037689               5.772064       0.008946         9.399200
max    16.000000   5.000000          10.055675         67.220536            0.019712               3.320312              3.840619               7.160931       0.010152        10.152000
