Workflow Construction Summary Table
========================================================================================================================

 Comp  Groups Wall Time/Evt (s) CPU Time/Evt (s) Throughput (evt/s) Write Remote (MB/evt) Read Remote (MB/evt) Net Transfer (MB/evt) CPU Cores/Evt Memory/Evt (MB)
    1       2           40.6358        2508.0265             0.0004                  0.89                 0.54                  1.43        0.3374          338.50
    2       2           40.6358        2508.0265             0.0004                  0.89                 0.54                  1.43        0.3374          338.50
    3       3           40.6264        2507.1211             0.0004                  0.89                 0.69                  1.57        0.3373          338.18
    4       3           40.6264        2507.1211             0.0004                  0.89                 0.69                  1.57        0.3373          338.18
    5       3           40.3122        2468.1267             0.0004                  0.89                 0.69                  1.57        0.3340          335.13
    6       3           40.3122        2468.1267             0.0004                  0.89                 0.69                  1.57        0.3340          335.13
    7       3           40.3281        2485.5969             0.0004                  1.50                 1.16                  2.66        0.3357          336.75
    8       3           40.3281        2485.5969             0.0004                  1.50                 1.16                  2.66        0.3357          336.75
    9       3           39.9988        2387.4572             0.0004                  0.89                 1.08                  1.97        0.3263          328.51
   10       3           39.7751         733.5520             0.0014                  2.06                 1.72                  3.78        0.1001          135.04
   11       3           39.7751         733.5520             0.0014                  2.06                 1.72                  3.78        0.1001          135.04
   12       4           40.3027        2467.1740             0.0004                  0.89                 0.83                  1.72        0.3339          334.80
   13       4           40.3027        2467.1740             0.0004                  0.89                 0.83                  1.72        0.3339          334.80
   14       4           40.3187        2484.6442             0.0004                  1.50                 1.31                  2.81        0.3356          336.42
   15       4           40.3187        2484.6442             0.0004                  1.50                 1.31                  2.81        0.3356          336.42
   16       4           39.9893        2386.5068             0.0004                  0.89                 1.22                  2.11        0.3262          328.18
   17       4           39.9893        2386.5068             0.0004                  0.89                 1.22                  2.11        0.3262          328.18
   18       4           40.0122        2446.2946             0.0004                  1.50                 1.31                  2.81        0.3340          335.11
   19       4           40.0122        2446.2946             0.0004                  1.50                 1.31                  2.81        0.3340          335.11
   20       4           39.7657         732.5551             0.0014                  2.06                 1.86                  3.92        0.1000          134.70
   21       4           39.5327         609.8072             0.0016                  2.68                 2.33                  5.01        0.0832          134.74
   22       4           39.7657         732.5551             0.0014                  2.06                 1.86                  3.92        0.1000          134.70
   23       4           39.5327         609.8072             0.0016                  2.68                 2.33                  5.01        0.0832          134.74
   24       4           39.7111         710.3085             0.0014                  2.06                 1.86                  3.92        0.0975          132.44
   25       4           39.7111         710.3085             0.0014                  2.06                 1.86                  3.92        0.0975          132.44
   26       4           39.6670         646.6333             0.0015                  2.06                 2.26                  4.32        0.0892          125.17
   27       4           39.7055        2366.0386             0.0004                  1.50                 1.70                  3.20        0.3247          326.90
   28       5           39.9799        2385.4217             0.0004                  0.89                 1.37                  2.26        0.3260          327.81
   29       5           40.0028        2445.3884             0.0004                  1.50                 1.45                  2.96        0.3339          334.79
   30       5           40.0028        2445.3884             0.0004                  1.50                 1.45                  2.96        0.3339          334.79
   31       5           39.5234         608.9013             0.0016                  2.68                 2.48                  5.16        0.0831          134.42
   32       5           39.5234         608.9013             0.0016                  2.68                 2.48                  5.16        0.0831          134.42
   33       5           39.7017         709.3142             0.0014                  2.06                 2.01                  4.07        0.0974          132.10
   34       5           39.7017         709.3142             0.0014                  2.06                 2.01                  4.07        0.0974          132.10
   35       5           39.6576         645.6830             0.0015                  2.06                 2.40                  4.46        0.0890          124.83
   36       5           39.6576         645.6830             0.0015                  2.06                 2.40                  4.46        0.0890          124.83
   37       5           39.6961        2365.0882             0.0004                  1.50                 1.84                  3.35        0.3246          326.56
   38       5           39.6961        2365.0882             0.0004                  1.50                 1.84                  3.35        0.3246          326.56
   39       5           39.4702         586.6536             0.0017                  2.68                 2.48                  5.16        0.0805          132.16
   40       5           39.4702         586.6536             0.0017                  2.68                 2.48                  5.16        0.0805          132.16
   41       5           39.4262         523.0246             0.0019                  2.68                 2.87                  5.55        0.0722          124.90
   42       6           39.6482         644.7304             0.0016                  2.06                 2.55                  4.61        0.0889          124.50
   43       6           39.6867        2364.0060             0.0004                  1.50                 1.99                  3.50        0.3245          326.20
   44       6           39.4608         585.6592             0.0017                  2.68                 2.63                  5.31        0.0804          131.82
   45       6           39.4608         585.6592             0.0017                  2.68                 2.63                  5.31        0.0804          131.82
   46       6           39.4168         522.0721             0.0019                  2.68                 3.02                  5.70        0.0721          124.57
   47       6           39.4168         522.0721             0.0019                  2.68                 3.02                  5.70        0.0721          124.57
   48       7           39.4073         521.1217             0.0019                  2.68                 3.17                  5.84        0.0720          124.23

Summary Statistics:
------------------------------------------------------------------------------------------------------------------------
        Comp     Groups  Wall Time/Evt (s)  CPU Time/Evt (s)  Throughput (evt/s)  Write Remote (MB/evt)  Read Remote (MB/evt)  Net Transfer (MB/evt)  CPU Cores/Evt  Memory/Evt (MB)
count  48.00  48.000000          48.000000         48.000000           48.000000              48.000000             48.000000              48.000000      48.000000        48.000000
mean   24.50   4.333333          39.874964       1538.653758            0.001003               1.782451              1.763475               3.545926       0.209492       231.888842
std    14.00   1.117241           0.369868        916.051924            0.000615               0.668887              0.727065               1.369317       0.123987       102.536574
min     1.00   2.000000          39.407344        521.121686            0.000399               0.888672              0.538597               1.427269       0.071989       124.235000
25%    12.75   4.000000          39.619314        635.999593            0.000408               1.350435              1.224511               2.562246       0.087483       132.143350
50%    24.50   4.000000          39.738380       1548.779045            0.000893               1.782451              1.843696               3.636120       0.212298       230.620300
75%    36.25   5.000000          40.084830       2451.514432            0.001573               2.214468              2.401957               4.709908       0.333916       334.873450
max    48.00   7.000000          40.635801       2508.026519            0.001919               2.676230              3.168130               5.844360       0.337406       338.496400
