Workflow Construction Summary Table
========================================================================================================================

 Comp  Groups Wall Time/Evt (s) CPU Time/Evt (s) Throughput (evt/s) Write Remote (MB/evt) Read Remote (MB/evt) Net Transfer (MB/evt) CPU Cores/Evt Memory/Evt (MB)
    1       2           39.3144         307.3853             0.0033                  0.89                 0.54                  1.43        0.0036            3.62
    2       2           39.3144         307.3853             0.0033                  0.89                 0.54                  1.43        0.0036            3.53
    3       3           39.3284         307.4407             0.0033                  0.89                 0.69                  1.58        0.0036            3.62
    4       3           39.3284         307.4407             0.0033                  0.89                 0.69                  1.58        0.0036            3.53
    5       3           39.3023         306.0181             0.0033                  0.89                 0.69                  1.58        0.0035            3.60
    6       3           39.3023         306.0181             0.0033                  0.89                 0.69                  1.58        0.0035            3.53
    7       3           39.4120         157.2528             0.0064                  1.50                 1.16                  2.66        0.0018            3.61
    8       3           39.4120         157.2528             0.0064                  1.50                 1.16                  2.66        0.0018            3.52
    9       3           39.2810         301.7262             0.0033                  0.89                 1.08                  1.97        0.0035            3.52
   10       3           39.4607         278.4245             0.0036                  2.06                 1.72                  3.78        0.0032            3.62
   11       3           39.4607         278.4245             0.0036                  2.06                 1.72                  3.78        0.0032            3.52
   12       4           39.3163         306.0736             0.0033                  0.89                 0.83                  1.72        0.0035            3.60
   13       4           39.3163         306.0736             0.0033                  0.89                 0.83                  1.72        0.0035            3.53
   14       4           39.4259         157.3082             0.0064                  1.50                 1.31                  2.81        0.0018            3.62
   15       4           39.4259         157.3082             0.0064                  1.50                 1.31                  2.81        0.0018            3.52
   16       4           39.2950         301.7816             0.0033                  0.89                 1.23                  2.12        0.0035            3.52
   17       4           39.2950         301.7816             0.0033                  0.89                 1.23                  2.12        0.0035            3.52
   18       4           39.4001         157.2058             0.0064                  1.50                 1.31                  2.81        0.0018            3.60
   19       4           39.4001         157.2058             0.0064                  1.50                 1.31                  2.81        0.0018            3.53
   20       4           39.4747         278.4799             0.0036                  2.06                 1.87                  3.93        0.0032            3.62
   21       4           39.5634         157.8893             0.0063                  2.68                 2.34                  5.01        0.0018            3.61
   22       4           39.4747         278.4799             0.0036                  2.06                 1.87                  3.93        0.0032            3.52
   23       4           39.5634         157.8893             0.0063                  2.68                 2.34                  5.01        0.0018            3.52
   24       4           39.4701         278.4620             0.0036                  2.06                 1.87                  3.93        0.0032            3.60
   25       4           39.4701         278.4620             0.0036                  2.06                 1.87                  3.93        0.0032            3.53
   26       4           39.4880         278.5681             0.0036                  2.06                 2.26                  4.32        0.0032            3.52
   27       4           39.3795         157.1916             0.0064                  1.50                 1.70                  3.20        0.0018            3.52
   28       5           39.3272         301.8737             0.0033                  0.89                 1.38                  2.27        0.0035            3.53
   29       5           39.4141         157.2613             0.0064                  1.50                 1.45                  2.96        0.0018            3.60
   30       5           39.4141         157.2613             0.0064                  1.50                 1.45                  2.96        0.0018            3.53
   31       5           39.5774         157.9447             0.0063                  2.68                 2.49                  5.16        0.0018            3.62
   32       5           39.5774         157.9447             0.0063                  2.68                 2.49                  5.16        0.0018            3.52
   33       5           39.4841         278.5174             0.0036                  2.06                 2.01                  4.07        0.0032            3.60
   34       5           39.4841         278.5174             0.0036                  2.06                 2.01                  4.07        0.0032            3.53
   35       5           39.5020         278.6235             0.0036                  2.06                 2.41                  4.47        0.0032            3.53
   36       5           39.5020         278.6235             0.0036                  2.06                 2.41                  4.47        0.0032            3.53
   37       5           39.3934         157.2470             0.0064                  1.50                 1.85                  3.35        0.0018            3.52
   38       5           39.3934         157.2470             0.0064                  1.50                 1.85                  3.35        0.0018            3.52
   39       5           39.5728         157.9268             0.0063                  2.68                 2.48                  5.16        0.0018            3.59
   40       5           39.5728         157.9268             0.0063                  2.68                 2.48                  5.16        0.0018            3.52
   41       5           39.5907         158.0328             0.0063                  2.68                 2.88                  5.55        0.0018            3.52
   42       6           39.5343         278.7156             0.0036                  2.06                 2.56                  4.62        0.0032            3.53
   43       6           39.4257         157.3391             0.0064                  1.50                 2.00                  3.50        0.0018            3.52
   44       6           39.5867         157.9822             0.0063                  2.68                 2.63                  5.31        0.0018            3.60
   45       6           39.5867         157.9822             0.0063                  2.68                 2.63                  5.31        0.0018            3.52
   46       6           39.6047         158.0883             0.0063                  2.68                 3.02                  5.70        0.0018            3.53
   47       6           39.6047         158.0883             0.0063                  2.68                 3.02                  5.70        0.0018            3.52
   48       7           39.6369         158.1804             0.0063                  2.68                 3.18                  5.85        0.0018            3.53

Summary Statistics:
------------------------------------------------------------------------------------------------------------------------
        Comp     Groups  Wall Time/Evt (s)  CPU Time/Evt (s)  Throughput (evt/s)  Write Remote (MB/evt)  Read Remote (MB/evt)  Net Transfer (MB/evt)  CPU Cores/Evt  Memory/Evt (MB)
count  48.00  48.000000          48.000000         48.000000           48.000000              48.000000             48.000000              48.000000      48.000000        48.000000
mean   24.50   4.333333          39.447091        224.713611            0.004889               1.782451              1.766908               3.549359       0.002593         3.552217
std    14.00   1.117241           0.103901         68.472432            0.001475               0.668887              0.727852               1.369926       0.000796         0.039808
min     1.00   2.000000          39.280983        157.191581            0.003253               0.888672              0.540679               1.429351       0.001810         3.519400
25%    12.75   4.000000          39.366694        157.751722            0.003519               1.350435              1.228913               2.565231       0.001812         3.523750
50%    24.50   4.000000          39.443333        218.302423            0.004957               1.782451              1.847405               3.641785       0.002514         3.525800
75%    36.25   5.000000          39.541556        284.468229            0.006339               2.214468              2.405851               4.717189       0.003285         3.597150
max    48.00   7.000000          39.636949        307.440714            0.006362               2.676230              3.176146               5.852376       0.003557         3.619200
