Workflow Construction Summary Table
========================================================================================================================

 Comp  Groups Wall Time/Evt (s) CPU Time/Evt (s) Throughput (evt/s) Write Remote (MB/evt) Read Remote (MB/evt) Net Transfer (MB/evt) CPU Cores/Evt Memory/Evt (MB)
    1       1            7.6696          58.3747             0.0171                  0.45                 0.00                  0.45        0.0007            0.71
    2       2            7.6643          58.1335             0.0172                  0.45                 0.06                  0.51        0.0007            0.71
    3       2            7.5865          45.0368             0.0222                  1.23                 0.81                  2.04        0.0005            0.46
    4       2            7.6762          56.7245             0.0176                  0.45                 0.38                  0.83        0.0007            0.69
    5       2            7.6038          49.6969             0.0201                  2.54                 2.18                  4.72        0.0006            0.64
    6       3            7.6759          56.0054             0.0179                  0.45                 0.45                  0.90        0.0007            0.70
    7       3            7.5841          45.0277             0.0222                  1.23                 0.88                  2.11        0.0005            0.46
    8       3            7.5829          45.0232             0.0222                  3.32                 2.99                  6.31        0.0005            0.45
    9       3            7.6023          49.6911             0.0201                  2.54                 2.25                  4.78        0.0006            0.64
   10       3            7.6083          49.7357             0.0201                  2.54                 2.56                  5.10        0.0006            0.62
   11       3            7.5645          45.0191             0.0222                  1.23                 1.20                  2.43        0.0005            0.44
   12       4            7.6052          49.0109             0.0204                  2.54                 2.63                  5.17        0.0006            0.63
   13       4            7.5816          44.3520             0.0225                  1.23                 1.26                  2.49        0.0005            0.45
   14       4            7.5814          45.0174             0.0222                  3.32                 3.05                  6.38        0.0006            0.45
   15       4            7.5630          44.9785             0.0222                  3.32                 3.37                  6.69        0.0005            0.43
   16       5            7.5627          44.2767             0.0226                  3.32                 3.44                  6.76        0.0005            0.43

Summary Statistics:
------------------------------------------------------------------------------------------------------------------------
            Comp     Groups  Wall Time/Evt (s)  CPU Time/Evt (s)  Throughput (evt/s)  Write Remote (MB/evt)  Read Remote (MB/evt)  Net Transfer (MB/evt)  CPU Cores/Evt  Memory/Evt (MB)
count  16.000000  16.000000          16.000000         16.000000           16.000000              16.000000             16.000000              16.000000      16.000000        16.000000
mean    8.500000   3.000000           7.607005         49.131504            0.020562               1.884766              1.719757               3.604523       0.000600         0.556700
std     4.760952   1.032796           0.041072          5.293848            0.002066               1.152134              1.216781               2.360797       0.000064         0.118233
min     1.000000   1.000000           7.562672         44.276697            0.017131               0.449219              0.000000               0.449219       0.000542         0.429000
25%     4.750000   2.000000           7.581529         45.018693            0.019544               1.035156              0.722616               1.757772       0.000549         0.446900
50%     8.500000   3.000000           7.594370         47.023891            0.021304               1.884766              1.717914               3.602679       0.000576         0.542500
75%    12.250000   4.000000           7.622301         51.303107            0.022213               2.734375              2.720894               5.455269       0.000627         0.656100
max    16.000000   5.000000           7.676160         58.374683            0.022585               3.320312              3.437646               6.757959       0.000709         0.708800
