Workflow Construction Summary Table
========================================================================================================================

 Comp  Groups Wall Time/Evt (s) CPU Time/Evt (s) Throughput (evt/s) Write Remote (MB/evt) Read Remote (MB/evt) Net Transfer (MB/evt) CPU Cores/Evt Memory/Evt (MB)
    1       1            8.2964         504.8546             0.0020                  0.45                 0.00                  0.45        0.1362          136.24
    2       2            8.1662         493.6579             0.0020                  0.45                 0.07                  0.52        0.1353          135.32
    3       2            7.9678         228.2645             0.0044                  1.23                 0.82                  2.05        0.0624           63.60
    4       2            8.0328         462.5226             0.0022                  0.45                 0.40                  0.85        0.1288          129.52
    5       2            7.9922         186.3794             0.0054                  2.54                 2.20                  4.74        0.0516           63.65
    6       3            8.0243         462.5161             0.0022                  0.45                 0.46                  0.91        0.1288          129.50
    7       3            7.9090         221.4649             0.0045                  1.23                 0.89                  2.12        0.0615           62.73
    8       3            7.9115         157.2463             0.0064                  3.32                 3.03                  6.35        0.0434           47.25
    9       3            7.9547         180.8737             0.0055                  2.54                 2.27                  4.81        0.0507           62.79
   10       3            7.9258         156.0530             0.0064                  2.54                 2.60                  5.14        0.0441           56.95
   11       3            7.8565         195.1326             0.0051                  1.23                 1.22                  2.45        0.0550           56.96
   12       4            7.9197         156.0241             0.0064                  2.54                 2.67                  5.20        0.0441           56.91
   13       4            7.8490         195.0608             0.0051                  1.23                 1.29                  2.52        0.0550           56.90
   14       4            7.8728         151.6596             0.0066                  3.32                 3.09                  6.41        0.0424           46.37
   15       4            7.8499         127.0677             0.0079                  3.32                 3.43                  6.75        0.0360           40.64
   16       5            7.8432         126.9576             0.0079                  3.32                 3.49                  6.81        0.0360           40.57

Summary Statistics:
------------------------------------------------------------------------------------------------------------------------
            Comp     Groups  Wall Time/Evt (s)  CPU Time/Evt (s)  Throughput (evt/s)  Write Remote (MB/evt)  Read Remote (MB/evt)  Net Transfer (MB/evt)  CPU Cores/Evt  Memory/Evt (MB)
count  16.000000  16.000000          16.000000         16.000000           16.000000              16.000000             16.000000              16.000000      16.000000        16.000000
mean    8.500000   3.000000           7.960737        250.358459            0.004993               1.884766              1.745466               3.630231       0.069459        74.119225
std     4.760952   1.032796           0.123927        140.705786            0.002000               1.152134              1.232665               2.376303       0.038266        35.720764
min     1.000000   1.000000           7.843205        126.957606            0.001981               0.449219              0.000000               0.449219       0.035972        40.570800
25%     4.750000   2.000000           7.868737        156.045799            0.003826               1.035156              0.733866               1.769022       0.043935        54.490000
50%     8.500000   3.000000           7.922729        190.720083            0.005246               1.884766              1.745975               3.630741       0.053301        59.845400
75%    12.250000   4.000000           8.000230        286.827386            0.006408               2.734375              2.756331               5.490706       0.079016        80.112700
max    16.000000   5.000000           8.296394        504.854609            0.007877               3.320312              3.491649               6.811962       0.136243       136.243200
