Workflow Construction Summary Table
========================================================================================================================

 Comp  Groups Wall Time/Evt (s) CPU Time/Evt (s) Throughput (evt/s) Write Remote (MB/evt) Read Remote (MB/evt) Net Transfer (MB/evt) CPU Cores/Evt Memory/Evt (MB)
    1       1            7.4803          59.8425             0.0167                  0.45                 0.00                  0.45        0.0154           15.36
    2       2            7.3631          58.6987             0.0170                  0.45                 0.06                  0.51        0.0153           15.29
    3       2            7.1902          44.2455             0.0226                  1.23                 0.78                  2.01        0.0119           10.06
    4       2            7.2471          56.3055             0.0178                  0.45                 0.38                  0.83        0.0149           14.91
    5       2            7.2098          49.1767             0.0203                  2.54                 2.09                  4.63        0.0131           13.98
    6       3            7.2411          55.5609             0.0180                  0.45                 0.44                  0.89        0.0147           14.91
    7       3            7.1375          44.0348             0.0227                  1.23                 0.84                  2.08        0.0119           10.00
    8       3            7.1436          44.0592             0.0227                  3.32                 2.87                  6.19        0.0119            9.75
    9       3            7.1763          49.0426             0.0204                  2.54                 2.15                  4.69        0.0131           13.93
   10       3            7.1536          48.9518             0.0204                  2.54                 2.47                  5.00        0.0131           13.54
   11       3            7.0906          43.8471             0.0228                  1.23                 1.16                  2.39        0.0119            9.61
   12       4            7.1475          48.2072             0.0207                  2.54                 2.53                  5.07        0.0129           13.54
   13       4            7.0846          43.1025             0.0232                  1.23                 1.22                  2.45        0.0117            9.62
   14       4            7.1101          43.9251             0.0228                  3.32                 2.93                  6.25        0.0119            9.70
   15       4            7.0874          43.8343             0.0228                  3.32                 3.25                  6.57        0.0119            9.31
   16       5            7.0814          43.0897             0.0232                  3.32                 3.31                  6.63        0.0117            9.31

Summary Statistics:
------------------------------------------------------------------------------------------------------------------------
            Comp     Groups  Wall Time/Evt (s)  CPU Time/Evt (s)  Throughput (evt/s)  Write Remote (MB/evt)  Read Remote (MB/evt)  Net Transfer (MB/evt)  CPU Cores/Evt  Memory/Evt (MB)
count  16.000000  16.000000          16.000000         16.000000           16.000000              16.000000             16.000000              16.000000      16.000000        16.000000
mean    8.500000   3.000000           7.184013         48.495263            0.020888               1.884766              1.655273               3.540039       0.012959        12.051750
std     4.760952   1.032796           0.108893          5.916082            0.002343               1.152134              1.168838               2.312666       0.001370         2.521135
min     1.000000   1.000000           7.081377         43.089719            0.016711               0.449219              0.000000               0.449219       0.011700         9.310200
25%     4.750000   2.000000           7.105236         43.905633            0.019751               1.035156              0.695801               1.730957       0.011894         9.678050
50%     8.500000   3.000000           7.150544         46.226369            0.021672               1.884766              1.655273               3.540039       0.012411        11.798800
75%    12.250000   4.000000           7.217609         50.772750            0.022776               2.734375              2.614746               5.349121       0.013521        14.214200
max    16.000000   5.000000           7.480312         59.842498            0.023207               3.320312              3.310547               6.630859       0.015355        15.355200
