Workflow Construction Summary Table
========================================================================================================================

 Comp  Groups Wall Time/Evt (s) CPU Time/Evt (s) Throughput (evt/s) Write Remote (MB/evt) Read Remote (MB/evt) Net Transfer (MB/evt) CPU Cores/Evt Memory/Evt (MB)
    1       2           39.0360         156.1440             0.0064                  0.89                 0.54                  1.43        0.0054           10.74
    2       2           39.0360         156.1440             0.0064                  0.89                 0.54                  1.43        0.0054           10.74
    3       3           39.0335         156.1338             0.0064                  0.89                 0.68                  1.57        0.0054           10.74
    4       3           39.0335         156.1338             0.0064                  0.89                 0.68                  1.57        0.0054           10.74
    5       3           38.9566         155.8262             0.0064                  0.89                 0.68                  1.57        0.0054           10.74
    6       3           38.9566         155.8262             0.0064                  0.89                 0.68                  1.57        0.0054           10.74
    7       3           38.9591         155.8362             0.0064                  1.50                 1.15                  2.66        0.0054           10.74
    8       3           38.9591         155.8362             0.0064                  1.50                 1.15                  2.66        0.0054           10.74
    9       3           38.8781         155.5124             0.0064                  0.89                 1.07                  1.96        0.0054           10.74
   10       3           38.8201         155.2805             0.0064                  2.06                 1.71                  3.77        0.0054           10.74
   11       3           38.8201         155.2805             0.0064                  2.06                 1.71                  3.77        0.0054           10.74
   12       4           38.9540         155.8160             0.0064                  0.89                 0.83                  1.72        0.0054           10.75
   13       4           38.9540         155.8160             0.0064                  0.89                 0.83                  1.72        0.0054           10.75
   14       4           38.9565         155.8260             0.0064                  1.50                 1.30                  2.80        0.0054           10.74
   15       4           38.9565         155.8260             0.0064                  1.50                 1.30                  2.80        0.0054           10.74
   16       4           38.8755         155.5022             0.0064                  0.89                 1.22                  2.11        0.0054           10.74
   17       4           38.8755         155.5022             0.0064                  0.89                 1.22                  2.11        0.0054           10.74
   18       4           38.8803         155.5213             0.0064                  1.50                 1.30                  2.80        0.0054           10.74
   19       4           38.8803         155.5213             0.0064                  1.50                 1.30                  2.80        0.0054           10.74
   20       4           38.8176         155.2703             0.0064                  2.06                 1.86                  3.92        0.0054           10.74
   21       4           38.7587         155.0347             0.0065                  2.68                 2.32                  5.00        0.0054           10.74
   22       4           38.8176         155.2703             0.0064                  2.06                 1.86                  3.92        0.0054           10.74
   23       4           38.7587         155.0347             0.0065                  2.68                 2.32                  5.00        0.0054           10.74
   24       4           38.8044         155.2178             0.0064                  2.06                 1.86                  3.92        0.0054           10.74
   25       4           38.8044         155.2178             0.0064                  2.06                 1.86                  3.92        0.0054           10.74
   26       4           38.7929         155.1718             0.0064                  2.06                 2.25                  4.31        0.0054           10.74
   27       4           38.8041         155.2165             0.0064                  1.50                 1.69                  3.19        0.0054           10.73
   28       5           38.8730         155.4920             0.0064                  0.89                 1.37                  2.26        0.0054           10.74
   29       5           38.8778         155.5111             0.0064                  1.50                 1.45                  2.95        0.0054           10.74
   30       5           38.8778         155.5111             0.0064                  1.50                 1.45                  2.95        0.0054           10.74
   31       5           38.7561         155.0244             0.0065                  2.68                 2.47                  5.15        0.0054           10.74
   32       5           38.7561         155.0244             0.0065                  2.68                 2.47                  5.15        0.0054           10.74
   33       5           38.8019         155.2075             0.0064                  2.06                 2.00                  4.06        0.0054           10.75
   34       5           38.8019         155.2075             0.0064                  2.06                 2.00                  4.06        0.0054           10.75
   35       5           38.7904         155.1615             0.0064                  2.06                 2.39                  4.45        0.0054           10.74
   36       5           38.7904         155.1615             0.0064                  2.06                 2.39                  4.45        0.0054           10.74
   37       5           38.8016         155.2063             0.0064                  1.50                 1.84                  3.34        0.0054           10.74
   38       5           38.8016         155.2063             0.0064                  1.50                 1.84                  3.34        0.0054           10.74
   39       5           38.7430         154.9719             0.0065                  2.68                 2.47                  5.15        0.0054           10.74
   40       5           38.7430         154.9719             0.0065                  2.68                 2.47                  5.15        0.0054           10.74
   41       5           38.7315         154.9259             0.0065                  2.68                 2.86                  5.54        0.0054           10.74
   42       6           38.7878         155.1513             0.0064                  2.06                 2.54                  4.60        0.0054           10.75
   43       6           38.7990         155.1961             0.0064                  1.50                 1.98                  3.49        0.0054           10.74
   44       6           38.7404         154.9617             0.0065                  2.68                 2.62                  5.29        0.0054           10.74
   45       6           38.7404         154.9617             0.0065                  2.68                 2.62                  5.29        0.0054           10.74
   46       6           38.7289         154.9157             0.0065                  2.68                 3.01                  5.68        0.0054           10.74
   47       6           38.7289         154.9157             0.0065                  2.68                 3.01                  5.68        0.0054           10.74
   48       7           38.7264         154.9055             0.0065                  2.68                 3.15                  5.83        0.0054           10.74

Summary Statistics:
------------------------------------------------------------------------------------------------------------------------
        Comp     Groups  Wall Time/Evt (s)  CPU Time/Evt (s)  Throughput (evt/s)  Write Remote (MB/evt)  Read Remote (MB/evt)  Net Transfer (MB/evt)  CPU Cores/Evt  Memory/Evt (MB)
count  48.00  48.000000          48.000000         48.000000           48.000000              48.000000             48.000000              48.000000      48.000000        48.000000
mean   24.50   4.333333          38.845365        155.381459            0.006436               1.782451              1.756410               3.538861       0.005370        10.740133
std    14.00   1.117241           0.093225          0.372901            0.000015               0.668887              0.723768               1.366042       0.000002         0.003395
min     1.00   2.000000          38.726375        154.905500            0.006404               0.888672              0.537109               1.425781       0.005367        10.734400
25%    12.75   4.000000          38.780540        155.122160            0.006427               1.350435              1.220703               2.556826       0.005369        10.737600
50%    24.50   4.000000          38.811004        155.244016            0.006441               1.782451              1.836387               3.628379       0.005370        10.739200
75%    36.25   5.000000          38.898741        155.594966            0.006447               2.214468              2.392578               4.699932       0.005372        10.744000
max    48.00   7.000000          39.036010        156.144039            0.006456               2.676230              3.154746               5.830977       0.005373        10.745600
