Workflow Construction Summary Table
========================================================================================================================

 Comp  Groups Wall Time/Evt (s) CPU Time/Evt (s) Throughput (evt/s) Write Remote (MB/evt) Read Remote (MB/evt) Net Transfer (MB/evt) CPU Cores/Evt Memory/Evt (MB)
    1       2           40.6216        2507.5443             0.0004                  0.89                 0.54                  1.43        0.3374          338.50
    2       2           40.6216        2507.5443             0.0004                  0.89                 0.54                  1.43        0.3374          338.50
    3       3           40.6108        2506.6382             0.0004                  0.89                 0.69                  1.57        0.3373          338.18
    4       3           40.6108        2506.6382             0.0004                  0.89                 0.69                  1.57        0.3373          338.18
    5       3           40.2965        2467.6613             0.0004                  0.89                 0.69                  1.57        0.3340          335.13
    6       3           40.2965        2467.6613             0.0004                  0.89                 0.69                  1.57        0.3340          335.13
    7       3           40.3014        2484.6729             0.0004                  1.50                 1.16                  2.66        0.3357          336.75
    8       3           40.3014        2484.6729             0.0004                  1.50                 1.16                  2.66        0.3357          336.75
    9       3           39.9792        2386.9261             0.0004                  0.89                 1.08                  1.97        0.3263          328.48
   10       3           39.7374         732.2302             0.0014                  2.06                 1.72                  3.78        0.1001          135.04
   11       3           39.7374         732.2302             0.0014                  2.06                 1.72                  3.78        0.1001          135.04
   12       4           40.2855        2466.7080             0.0004                  0.89                 0.83                  1.72        0.3339          334.80
   13       4           40.2855        2466.7080             0.0004                  0.89                 0.83                  1.72        0.3339          334.80
   14       4           40.2905        2483.7197             0.0004                  1.50                 1.31                  2.81        0.3356          336.42
   15       4           40.2905        2483.7197             0.0004                  1.50                 1.31                  2.81        0.3356          336.42
   16       4           39.9683        2386.0194             0.0004                  0.89                 1.23                  2.11        0.3262          328.16
   17       4           39.9683        2386.0194             0.0004                  0.89                 1.23                  2.11        0.3262          328.16
   18       4           39.9840        2445.3876             0.0004                  1.50                 1.31                  2.81        0.3340          335.11
   19       4           39.9840        2445.3876             0.0004                  1.50                 1.31                  2.81        0.3340          335.11
   20       4           39.7266         731.2328             0.0014                  2.06                 1.86                  3.92        0.1000          134.70
   21       4           39.4826         608.4582             0.0016                  2.68                 2.33                  5.01        0.0832          134.74
   22       4           39.7266         731.2328             0.0014                  2.06                 1.86                  3.92        0.1000          134.70
   23       4           39.4826         608.4582             0.0016                  2.68                 2.33                  5.01        0.0832          134.74
   24       4           39.6720         709.0035             0.0014                  2.06                 1.86                  3.92        0.0975          132.44
   25       4           39.6720         709.0035             0.0014                  2.06                 1.86                  3.92        0.0975          132.44
   26       4           39.6240         645.3950             0.0015                  2.06                 2.26                  4.32        0.0892          125.17
   27       4           39.6735        2364.9347             0.0004                  1.50                 1.70                  3.20        0.3247          326.83
   28       5           39.9573        2385.0218             0.0004                  0.89                 1.37                  2.26        0.3260          327.81
   29       5           39.9732        2444.4807             0.0004                  1.50                 1.45                  2.96        0.3339          334.79
   30       5           39.9732        2444.4807             0.0004                  1.50                 1.45                  2.96        0.3339          334.79
   31       5           39.4718         607.5515             0.0016                  2.68                 2.48                  5.16        0.0831          134.42
   32       5           39.4718         607.5515             0.0016                  2.68                 2.48                  5.16        0.0831          134.42
   33       5           39.6612         708.0087             0.0014                  2.06                 2.01                  4.07        0.0974          132.10
   34       5           39.6612         708.0087             0.0014                  2.06                 2.01                  4.07        0.0974          132.10
   35       5           39.6131         644.4441             0.0016                  2.06                 2.40                  4.46        0.0890          124.83
   36       5           39.6131         644.4441             0.0016                  2.06                 2.40                  4.46        0.0890          124.83
   37       5           39.6626        2364.0254             0.0004                  1.50                 1.85                  3.35        0.3246          326.51
   38       5           39.6626        2364.0254             0.0004                  1.50                 1.85                  3.35        0.3246          326.51
   39       5           39.4187         585.3212             0.0017                  2.68                 2.48                  5.16        0.0805          132.16
   40       5           39.4187         585.3212             0.0017                  2.68                 2.48                  5.16        0.0805          132.16
   41       5           39.3707         521.7588             0.0019                  2.68                 2.87                  5.55        0.0722          124.90
   42       6           39.6022         643.4909             0.0016                  2.06                 2.55                  4.61        0.0889          124.50
   43       6           39.6517        2363.1644             0.0004                  1.50                 1.99                  3.50        0.3245          326.20
   44       6           39.4078         584.3264             0.0017                  2.68                 2.63                  5.31        0.0804          131.82
   45       6           39.4078         584.3264             0.0017                  2.68                 2.63                  5.31        0.0804          131.82
   46       6           39.3598         520.8057             0.0019                  2.68                 3.02                  5.70        0.0721          124.57
   47       6           39.3598         520.8057             0.0019                  2.68                 3.02                  5.70        0.0721          124.57
   48       7           39.3489         519.8547             0.0019                  2.68                 3.17                  5.84        0.0720          124.23

Summary Statistics:
------------------------------------------------------------------------------------------------------------------------
        Comp     Groups  Wall Time/Evt (s)  CPU Time/Evt (s)  Throughput (evt/s)  Write Remote (MB/evt)  Read Remote (MB/evt)  Net Transfer (MB/evt)  CPU Cores/Evt  Memory/Evt (MB)
count  48.00  48.000000          48.000000         48.000000           48.000000              48.000000             48.000000              48.000000      48.000000        48.000000
mean   24.50   4.333333          39.839542       1537.646369            0.001005               1.782451              1.763615               3.546066       0.209487       231.883683
std    14.00   1.117241           0.382480        916.351159            0.000616               0.668887              0.727032               1.369251       0.123982       102.531680
min     1.00   2.000000          39.348938        519.854680            0.000399               0.888672              0.538597               1.427269       0.071989       124.235000
25%    12.75   4.000000          39.572339        634.732716            0.000408               1.350435              1.225106               2.562246       0.087483       132.143350
50%    24.50   4.000000          39.700016       1547.697309            0.000894               1.782451              1.845176               3.636120       0.212298       230.620300
75%    36.25   5.000000          40.059412       2450.717660            0.001576               2.214468              2.401957               4.709908       0.333916       334.873450
max    48.00   7.000000          40.621576       2507.544259            0.001924               2.676230              3.168130               5.844360       0.337406       338.496400
