Workflow Construction Summary Table
========================================================================================================================

 Comp  Groups Wall Time/Evt (s) CPU Time/Evt (s) Throughput (evt/s) Write Remote (MB/evt) Read Remote (MB/evt) Net Transfer (MB/evt) CPU Cores/Evt Memory/Evt (MB)
    1       1            6.9366         443.9419             0.0023                  0.45                 0.00                  0.45        0.0068            6.85
    2       2            6.9306         440.5126             0.0023                  0.45                 0.06                  0.51        0.0068            6.79
    3       2            6.9273         419.0255             0.0024                  0.45                 0.38                  0.83        0.0065            6.53
    4       2            6.9352         203.7361             0.0049                  1.23                 0.78                  2.01        0.0031            3.19
    5       2            6.9610         169.4223             0.0059                  2.54                 2.09                  4.63        0.0026            3.20
    6       3            6.9275         419.0263             0.0024                  0.45                 0.44                  0.89        0.0065            6.53
    7       3            6.9330         200.5487             0.0050                  1.23                 0.84                  2.08        0.0031            3.20
    8       3            6.9598         166.3001             0.0060                  2.54                 2.15                  4.69        0.0026            3.21
    9       3            6.9333         179.2959             0.0056                  1.23                 1.16                  2.39        0.0028            2.88
   10       3            6.9615         145.1356             0.0069                  2.54                 2.47                  5.00        0.0022            2.89
   11       3            6.9721         142.8313             0.0070                  3.32                 2.87                  6.19        0.0022            2.37
   12       4            6.9335         179.2967             0.0056                  1.23                 1.22                  2.45        0.0028            2.87
   13       4            6.9617         145.1365             0.0069                  2.54                 2.53                  5.07        0.0022            2.88
   14       4            6.9709         139.7092             0.0072                  3.32                 2.93                  6.25        0.0022            2.38
   15       4            6.9726         118.5447             0.0084                  3.32                 3.25                  6.57        0.0018            2.06
   16       5            6.9728         118.5455             0.0084                  3.32                 3.31                  6.63        0.0018            2.06

Summary Statistics:
------------------------------------------------------------------------------------------------------------------------
            Comp     Groups  Wall Time/Evt (s)  CPU Time/Evt (s)  Throughput (evt/s)  Write Remote (MB/evt)  Read Remote (MB/evt)  Net Transfer (MB/evt)  CPU Cores/Evt  Memory/Evt (MB)
count  16.000000  16.000000          16.000000         16.000000           16.000000              16.000000             16.000000              16.000000      16.000000        16.000000
mean    8.500000   3.000000           6.949332        226.938057            0.005442               1.884766              1.655273               3.540039       0.003507         3.743500
std     4.760952   1.032796           0.018385        124.049313            0.002121               1.152134              1.168838               2.312666       0.001918         1.790101
min     1.000000   1.000000           6.927272        118.544654            0.002253               0.449219              0.000000               0.449219       0.001823         2.058000
25%     4.750000   2.000000           6.933221        144.559531            0.004278               1.035156              0.695801               1.730957       0.002223         2.751000
50%     8.500000   3.000000           6.948208        174.359067            0.005740               1.884766              1.655273               3.540039       0.002685         3.038000
75%    12.250000   4.000000           6.964015        257.558468            0.006918               2.734375              2.614746               5.349121       0.003974         4.039000
max    16.000000   5.000000           6.972789        443.941900            0.008436               3.320312              3.310547               6.630859       0.006848         6.848000
