Workflow Construction Summary Table
========================================================================================================================

 Comp  Groups Wall Time/Evt (s) CPU Time/Evt (s) Throughput (evt/s) Write Remote (MB/evt) Read Remote (MB/evt) Net Transfer (MB/evt) CPU Cores/Evt Memory/Evt (MB)
    1       1            9.9176          69.5918             0.0144                  0.45                 0.00                  0.45        0.0204           20.36
    2       2            9.7552          68.2366             0.0147                  0.45                 0.07                  0.52        0.0203           20.27
    3       2            9.5102          51.4049             0.0195                  1.23                 0.91                  2.14        0.0157           13.29
    4       2            9.5980          65.4442             0.0153                  0.45                 0.44                  0.88        0.0198           19.76
    5       2            9.5487          57.1447             0.0175                  2.54                 2.43                  4.97        0.0174           18.52
    6       3            9.5891          64.5768             0.0155                  0.45                 0.51                  0.96        0.0195           19.76
    7       3            9.4360          51.1367             0.0196                  1.23                 0.98                  2.21        0.0157           13.23
    8       3            9.4464          51.1814             0.0195                  3.32                 3.33                  6.65        0.0157           12.90
    9       3            9.4969          56.9801             0.0175                  2.54                 2.50                  5.04        0.0174           18.44
   10       3            9.4574          56.8393             0.0176                  2.54                 2.86                  5.40        0.0174           17.91
   11       3            9.3695          50.9201             0.0196                  1.23                 1.33                  2.56        0.0157           12.73
   12       4            9.4436          55.9874             0.0179                  2.54                 2.92                  5.46        0.0171           17.90
   13       4            9.3620          50.0614             0.0200                  1.23                 1.41                  2.64        0.0155           12.71
   14       4            9.4035          51.0286             0.0196                  3.32                 3.40                  6.72        0.0157           12.83
   15       4            9.3645          50.8873             0.0197                  3.32                 3.76                  7.08        0.0157           12.32
   16       5            9.3559          50.0320             0.0200                  3.32                 3.84                  7.16        0.0155           12.33

Summary Statistics:
------------------------------------------------------------------------------------------------------------------------
            Comp     Groups  Wall Time/Evt (s)  CPU Time/Evt (s)  Throughput (evt/s)  Write Remote (MB/evt)  Read Remote (MB/evt)  Net Transfer (MB/evt)  CPU Cores/Evt  Memory/Evt (MB)
count  16.000000  16.000000          16.000000         16.000000           16.000000              16.000000             16.000000              16.000000      16.000000        16.000000
mean    8.500000   3.000000           9.503408         56.340832            0.017981               1.884766              1.918697               3.803463       0.017157        15.953088
std     4.760952   1.032796           0.154030          6.898665            0.002024               1.152134              1.355710               2.499086       0.001825         3.349422
min     1.000000   1.000000           9.355850         50.032005            0.014370               0.449219              0.000000               0.449219       0.015480        12.318800
25%     4.750000   2.000000           9.395035         51.001475            0.016996               1.035156              0.806884               1.842041       0.015738        12.801900
50%     8.500000   3.000000           9.451910         53.696151            0.018657               1.884766              1.920853               3.805618       0.016429        15.595400
75%    12.250000   4.000000           9.558785         59.002735            0.019607               2.734375              3.025635               5.760010       0.017907        18.831400
max    16.000000   5.000000           9.917646         69.591834            0.019987               3.320312              3.840212               7.160524       0.020358        20.358400
