Workflow Construction Summary Table
========================================================================================================================

 Comp  Groups Wall Time/Evt (s) CPU Time/Evt (s) Throughput (evt/s) Write Remote (MB/evt) Read Remote (MB/evt) Net Transfer (MB/evt) CPU Cores/Evt Memory/Evt (MB)
    1       1            9.3457         595.1483             0.0017                  0.45                 0.00                  0.45        0.4973          497.27
    2       2            8.8751         561.5317             0.0018                  0.45                 0.06                  0.51        0.4937          493.94
    3       2            8.2654         264.6963             0.0038                  1.23                 0.79                  2.02        0.2272          231.47
    4       2            8.4246         506.4297             0.0020                  0.45                 0.38                  0.83        0.4703          472.96
    5       2            8.5039         217.0621             0.0046                  2.54                 2.10                  4.64        0.1878          232.00
    6       3            8.4037         506.3472             0.0020                  0.45                 0.44                  0.89        0.4703          472.85
    7       3            8.0557         247.6899             0.0040                  1.23                 0.85                  2.08        0.2237          228.17
    8       3            8.3299         186.5924             0.0054                  3.32                 2.89                  6.21        0.1578          171.98
    9       3            8.3726         205.0447             0.0049                  2.54                 2.16                  4.70        0.1846          229.03
   10       3            8.2997         174.0088             0.0057                  2.54                 2.48                  5.02        0.1610          207.87
   11       3            7.8854         210.4554             0.0048                  1.23                 1.16                  2.39        0.2002          207.20
   12       4            8.2786         173.9260             0.0057                  2.54                 2.54                  5.08        0.1610          207.76
   13       4            7.8649         210.3803             0.0048                  1.23                 1.23                  2.46        0.2002          207.11
   14       4            8.1985         174.5816             0.0057                  3.32                 2.95                  6.27        0.1546          169.02
   15       4            8.1262         143.5545             0.0070                  3.32                 3.26                  6.58        0.1310          147.88
   16       5            8.1050         143.4716             0.0070                  3.32                 3.33                  6.65        0.1310          147.76

Summary Statistics:
------------------------------------------------------------------------------------------------------------------------
            Comp     Groups  Wall Time/Evt (s)  CPU Time/Evt (s)  Throughput (evt/s)  Write Remote (MB/evt)  Read Remote (MB/evt)  Net Transfer (MB/evt)  CPU Cores/Evt  Memory/Evt (MB)
count  16.000000  16.000000          16.000000         16.000000           16.000000              16.000000             16.000000              16.000000      16.000000        16.000000
mean    8.500000   3.000000           8.333429        282.557528            0.004421               1.884766              1.663541               3.548307       0.253240       270.266700
std     4.760952   1.032796           0.363468        159.394582            0.001762               1.152134              1.174777               2.318585       0.139868       130.585452
min     1.000000   1.000000           7.864884        143.471617            0.001680               0.449219              0.000000               0.449219       0.131019       147.763600
25%     4.750000   2.000000           8.120897        174.438391            0.003327               1.035156              0.699228               1.734384       0.160216       198.325400
50%     8.500000   3.000000           8.289127        210.417884            0.004752               1.884766              1.663514               3.548280       0.194033       218.020400
75%    12.250000   4.000000           8.408906        325.109001            0.005733               2.734375              2.627745               5.362120       0.287960       292.212200
max    16.000000   5.000000           9.345742        595.148274            0.006970               3.320312              3.327115               6.647428       0.497267       497.267200
