Workflow Construction Summary Table
========================================================================================================================

 Comp  Groups Wall Time/Evt (s) CPU Time/Evt (s) Throughput (evt/s) Write Remote (MB/evt) Read Remote (MB/evt) Net Transfer (MB/evt) CPU Cores/Evt Memory/Evt (MB)
    1       2           38.9046         155.6184             0.0064                  0.89                 0.54                  1.43        0.0036            7.16
    2       2           38.9046         155.6184             0.0064                  0.89                 0.54                  1.43        0.0036            7.16
    3       3           38.9029         155.6118             0.0064                  0.89                 0.68                  1.57        0.0036            7.16
    4       3           38.9029         155.6118             0.0064                  0.89                 0.68                  1.57        0.0036            7.16
    5       3           38.8515         155.4060             0.0064                  0.89                 0.68                  1.57        0.0036            7.16
    6       3           38.8515         155.4060             0.0064                  0.89                 0.68                  1.57        0.0036            7.16
    7       3           38.8536         155.4144             0.0064                  1.50                 1.15                  2.66        0.0036            7.16
    8       3           38.8536         155.4144             0.0064                  1.50                 1.15                  2.66        0.0036            7.16
    9       3           38.7995         155.1979             0.0064                  0.89                 1.07                  1.96        0.0036            7.16
   10       3           38.7613         155.0453             0.0064                  2.06                 1.71                  3.77        0.0036            7.16
   11       3           38.7613         155.0453             0.0064                  2.06                 1.71                  3.77        0.0036            7.16
   12       4           38.8498         155.3993             0.0064                  0.89                 0.83                  1.72        0.0036            7.16
   13       4           38.8498         155.3993             0.0064                  0.89                 0.83                  1.72        0.0036            7.16
   14       4           38.8519         155.4078             0.0064                  1.50                 1.30                  2.80        0.0036            7.16
   15       4           38.8519         155.4078             0.0064                  1.50                 1.30                  2.80        0.0036            7.16
   16       4           38.7978         155.1912             0.0064                  0.89                 1.22                  2.11        0.0036            7.16
   17       4           38.7978         155.1912             0.0064                  0.89                 1.22                  2.11        0.0036            7.16
   18       4           38.8012         155.2047             0.0064                  1.50                 1.30                  2.80        0.0036            7.16
   19       4           38.8012         155.2047             0.0064                  1.50                 1.30                  2.80        0.0036            7.16
   20       4           38.7597         155.0386             0.0065                  2.06                 1.86                  3.92        0.0036            7.16
   21       4           38.7208         154.8833             0.0065                  2.68                 2.32                  5.00        0.0036            7.16
   22       4           38.7597         155.0386             0.0065                  2.06                 1.86                  3.92        0.0036            7.16
   23       4           38.7208         154.8833             0.0065                  2.68                 2.32                  5.00        0.0036            7.16
   24       4           38.7509         155.0036             0.0065                  2.06                 1.86                  3.92        0.0036            7.16
   25       4           38.7509         155.0036             0.0065                  2.06                 1.86                  3.92        0.0036            7.16
   26       4           38.7434         154.9735             0.0065                  2.06                 2.25                  4.31        0.0036            7.16
   27       4           38.7505         155.0020             0.0065                  1.50                 1.69                  3.19        0.0036            7.16
   28       5           38.7961         155.1846             0.0064                  0.89                 1.37                  2.26        0.0036            7.16
   29       5           38.7995         155.1980             0.0064                  1.50                 1.45                  2.95        0.0036            7.16
   30       5           38.7995         155.1980             0.0064                  1.50                 1.45                  2.95        0.0036            7.16
   31       5           38.7192         154.8766             0.0065                  2.68                 2.47                  5.15        0.0036            7.16
   32       5           38.7192         154.8766             0.0065                  2.68                 2.47                  5.15        0.0036            7.16
   33       5           38.7492         154.9969             0.0065                  2.06                 2.00                  4.06        0.0036            7.16
   34       5           38.7492         154.9969             0.0065                  2.06                 2.00                  4.06        0.0036            7.16
   35       5           38.7417         154.9668             0.0065                  2.06                 2.39                  4.45        0.0036            7.16
   36       5           38.7417         154.9668             0.0065                  2.06                 2.39                  4.45        0.0036            7.16
   37       5           38.7488         154.9954             0.0065                  1.50                 1.84                  3.34        0.0036            7.16
   38       5           38.7488         154.9954             0.0065                  1.50                 1.84                  3.34        0.0036            7.16
   39       5           38.7104         154.8416             0.0065                  2.68                 2.47                  5.15        0.0036            7.16
   40       5           38.7104         154.8416             0.0065                  2.68                 2.47                  5.15        0.0036            7.16
   41       5           38.7029         154.8114             0.0065                  2.68                 2.86                  5.54        0.0036            7.16
   42       6           38.7400         154.9601             0.0065                  2.06                 2.54                  4.60        0.0036            7.16
   43       6           38.7472         154.9887             0.0065                  1.50                 1.98                  3.49        0.0036            7.16
   44       6           38.7087         154.8349             0.0065                  2.68                 2.62                  5.29        0.0036            7.16
   45       6           38.7087         154.8349             0.0065                  2.68                 2.62                  5.29        0.0036            7.16
   46       6           38.7012         154.8048             0.0065                  2.68                 3.01                  5.68        0.0036            7.16
   47       6           38.7012         154.8048             0.0065                  2.68                 3.01                  5.68        0.0036            7.16
   48       7           38.6995         154.7981             0.0065                  2.68                 3.15                  5.83        0.0036            7.16

Summary Statistics:
------------------------------------------------------------------------------------------------------------------------
        Comp     Groups  Wall Time/Evt (s)  CPU Time/Evt (s)  Throughput (evt/s)  Write Remote (MB/evt)  Read Remote (MB/evt)  Net Transfer (MB/evt)  CPU Cores/Evt  Memory/Evt (MB)
count  48.00  48.000000          48.000000         48.000000           48.000000              48.000000             48.000000              48.000000   4.800000e+01        48.000000
mean   24.50   4.333333          38.778099        155.112395            0.006447               1.782451              1.756410               3.538861   3.580133e-03         7.160267
std    14.00   1.117241           0.061744          0.246978            0.000010               0.668887              0.723768               1.366042   6.462110e-07         0.001292
min     1.00   2.000000          38.699531        154.798124            0.006426               0.888672              0.537109               1.425781   3.579200e-03         7.158400
25%    12.75   4.000000          38.735231        154.940924            0.006441               1.350435              1.220703               2.556826   3.580000e-03         7.160000
50%    24.50   4.000000          38.755276        155.021104            0.006451               1.782451              1.836387               3.628379   3.580000e-03         7.160000
75%    36.25   5.000000          38.813331        155.253326            0.006454               2.214468              2.392578               4.699932   3.580200e-03         7.160400
max    48.00   7.000000          38.904610        155.618439            0.006460               2.676230              3.154746               5.830977   3.581600e-03         7.163200
