Workflow Construction Summary Table
========================================================================================================================

 Comp  Groups Wall Time/Evt (s) CPU Time/Evt (s) Throughput (evt/s) Write Remote (MB/evt) Read Remote (MB/evt) Net Transfer (MB/evt) CPU Cores/Evt Memory/Evt (MB)
    1       2           41.4390         318.4262             0.0031                  0.89                 0.55                  1.43        0.0221           22.52
    2       2           41.4390         318.4262             0.0031                  0.89                 0.55                  1.43        0.0221           21.96
    3       3           41.4484         318.4636             0.0031                  0.89                 0.69                  1.58        0.0221           22.52
    4       3           41.4484         318.4636             0.0031                  0.89                 0.69                  1.58        0.0221           21.96
    5       3           41.2929         315.9444             0.0032                  0.89                 0.70                  1.59        0.0221           22.40
    6       3           41.2929         315.9444             0.0032                  0.89                 0.70                  1.59        0.0221           21.97
    7       3           41.4403         162.3794             0.0062                  1.50                 1.18                  2.68        0.0113           22.49
    8       3           41.4403         162.3794             0.0062                  1.50                 1.18                  2.68        0.0113           21.92
    9       3           41.1945         310.6632             0.0032                  0.89                 1.10                  1.99        0.0218           21.96
   10       3           41.2660         285.8327             0.0035                  2.06                 1.75                  3.81        0.0200           22.52
   11       3           41.2660         285.8327             0.0035                  2.06                 1.75                  3.81        0.0200           21.95
   12       4           41.3032         315.9836             0.0032                  0.89                 0.85                  1.74        0.0221           22.40
   13       4           41.3032         315.9836             0.0032                  0.89                 0.85                  1.74        0.0221           21.97
   14       4           41.4442         162.4056             0.0062                  1.50                 1.33                  2.83        0.0113           22.49
   15       4           41.4442         162.4056             0.0062                  1.50                 1.33                  2.83        0.0113           21.92
   16       4           41.1763         310.6451             0.0032                  0.89                 1.25                  2.14        0.0218           21.95
   17       4           41.1763         310.6451             0.0032                  0.89                 1.25                  2.14        0.0218           21.96
   18       4           41.2845         161.7815             0.0062                  1.50                 1.33                  2.83        0.0113           22.37
   19       4           41.2845         161.7815             0.0062                  1.50                 1.33                  2.83        0.0113           21.93
   20       4           41.2756         285.8704             0.0035                  2.06                 1.90                  3.96        0.0200           22.53
   21       4           41.2521         161.6608             0.0062                  2.68                 2.38                  5.05        0.0113           22.49
   22       4           41.2756         285.8704             0.0035                  2.06                 1.90                  3.96        0.0200           21.95
   23       4           41.2521         161.6608             0.0062                  2.68                 2.38                  5.05        0.0113           21.92
   24       4           41.2261         285.7307             0.0035                  2.06                 1.90                  3.96        0.0200           22.38
   25       4           41.2261         285.7307             0.0035                  2.06                 1.90                  3.96        0.0200           21.95
   26       4           41.2537         285.8164             0.0035                  2.06                 2.30                  4.36        0.0200           21.94
   27       4           41.1632         161.3108             0.0062                  1.50                 1.73                  3.24        0.0113           21.90
   28       5           41.2080         310.7211             0.0032                  0.89                 1.40                  2.29        0.0218           21.95
   29       5           41.2931         161.8173             0.0062                  1.50                 1.48                  2.98        0.0113           22.38
   30       5           41.2931         161.8173             0.0062                  1.50                 1.48                  2.98        0.0113           21.93
   31       5           41.2549         161.6848             0.0062                  2.68                 2.53                  5.20        0.0113           22.49
   32       5           41.2549         161.6848             0.0062                  2.68                 2.53                  5.20        0.0113           21.92
   33       5           41.2308         285.7584             0.0035                  2.06                 2.04                  4.10        0.0200           22.39
   34       5           41.2308         285.7584             0.0035                  2.06                 2.04                  4.10        0.0200           21.95
   35       5           41.2357         285.7989             0.0035                  2.06                 2.44                  4.50        0.0200           21.94
   36       5           41.2357         285.7989             0.0035                  2.06                 2.44                  4.50        0.0200           21.95
   37       5           41.1467         161.2962             0.0062                  1.50                 1.88                  3.38        0.0113           21.90
   38       5           41.1467         161.2962             0.0062                  1.50                 1.88                  3.38        0.0113           21.91
   39       5           41.2103         161.5431             0.0062                  2.68                 2.53                  5.20        0.0113           22.34
   40       5           41.2103         161.5431             0.0062                  2.68                 2.53                  5.20        0.0113           21.92
   41       5           41.2481         161.6494             0.0062                  2.68                 2.93                  5.61        0.0113           21.91
   42       6           41.2697         285.8855             0.0035                  2.06                 2.60                  4.66        0.0200           21.94
   43       6           41.1823         161.3859             0.0062                  1.50                 2.03                  3.54        0.0113           21.91
   44       6           41.2198         161.5806             0.0062                  2.68                 2.67                  5.35        0.0113           22.35
   45       6           41.2198         161.5806             0.0062                  2.68                 2.67                  5.35        0.0113           21.92
   46       6           41.2363         161.6443             0.0062                  2.68                 3.08                  5.75        0.0113           21.91
   47       6           41.2363         161.6443             0.0062                  2.68                 3.08                  5.75        0.0113           21.91
   48       7           41.2665         161.7230             0.0062                  2.68                 3.23                  5.91        0.0113           21.91

Summary Statistics:
------------------------------------------------------------------------------------------------------------------------
        Comp     Groups  Wall Time/Evt (s)  CPU Time/Evt (s)  Throughput (evt/s)  Write Remote (MB/evt)  Read Remote (MB/evt)  Net Transfer (MB/evt)  CPU Cores/Evt  Memory/Evt (MB)
count  48.00  48.000000          48.000000         48.000000           48.000000              48.000000             48.000000              48.000000      48.000000        48.000000
mean   24.50   4.333333          41.273712        231.076059            0.004760               1.782451              1.795892               3.578343       0.016134        22.102983
std    14.00   1.117241           0.085781         70.866913            0.001443               0.668887              0.740897               1.382775       0.004973         0.245336
min     1.00   2.000000          41.146735        161.296167            0.003140               0.888672              0.546033               1.434705       0.011256        21.900600
25%    12.75   4.000000          41.224547        161.660831            0.003428               1.350435              1.246339               2.585771       0.011264        21.921300
50%    24.50   4.000000          41.254253        224.068135            0.004829               1.782451              1.877551               3.673772       0.015642        21.950400
75%    36.25   5.000000          41.292918        292.075393            0.006186               2.214468              2.443348               4.759058       0.020455        22.376650
max    48.00   7.000000          41.448433        318.463625            0.006200               2.676230              3.231327               5.907558       0.022147        22.526400
