Workflow Construction Summary Table
========================================================================================================================

 Comp  Groups Wall Time/Evt (s) CPU Time/Evt (s) Throughput (evt/s) Write Remote (MB/evt) Read Remote (MB/evt) Net Transfer (MB/evt) CPU Cores/Evt Memory/Evt (MB)
    1       2           42.7786         163.1033             0.0061                  0.89                 0.57                  1.46        0.0020            3.95
    2       2           42.7786         163.1033             0.0061                  0.89                 0.57                  1.46        0.0020            3.95
    3       3           42.7827         163.1100             0.0061                  0.89                 0.72                  1.61        0.0020            3.96
    4       3           42.7827         163.1100             0.0061                  0.89                 0.72                  1.61        0.0020            3.96
    5       3           42.6963         162.8859             0.0061                  0.89                 0.72                  1.61        0.0020            3.95
    6       3           42.6963         162.8859             0.0061                  0.89                 0.72                  1.61        0.0020            3.95
    7       3           42.7537         163.0039             0.0061                  1.50                 1.21                  2.72        0.0020            3.96
    8       3           42.7537         163.0039             0.0061                  1.50                 1.21                  2.72        0.0020            3.96
    9       3           42.6683         162.7783             0.0061                  0.89                 1.13                  2.02        0.0020            3.95
   10       3           42.6340         162.6733             0.0061                  2.06                 1.79                  3.85        0.0020            3.95
   11       3           42.6340         162.6733             0.0061                  2.06                 1.79                  3.85        0.0020            3.95
   12       4           42.7118         162.9154             0.0061                  0.89                 0.88                  1.77        0.0020            3.96
   13       4           42.7118         162.9154             0.0061                  0.89                 0.88                  1.77        0.0020            3.96
   14       4           42.7671         163.0292             0.0061                  1.50                 1.37                  2.88        0.0020            3.96
   15       4           42.7671         163.0292             0.0061                  1.50                 1.37                  2.88        0.0020            3.96
   16       4           42.6756         162.7913             0.0061                  0.89                 1.28                  2.17        0.0020            3.96
   17       4           42.6756         162.7913             0.0061                  0.89                 1.28                  2.17        0.0020            3.96
   18       4           42.7230         162.8901             0.0061                  1.50                 1.36                  2.86        0.0020            3.96
   19       4           42.7230         162.8901             0.0061                  1.50                 1.36                  2.86        0.0020            3.96
   20       4           42.6473         162.6984             0.0061                  2.06                 1.94                  4.00        0.0020            3.95
   21       4           42.6966         162.7593             0.0061                  2.68                 2.45                  5.12        0.0020            3.96
   22       4           42.6473         162.6984             0.0061                  2.06                 1.94                  4.00        0.0020            3.95
   23       4           42.6966         162.7593             0.0061                  2.68                 2.45                  5.12        0.0020            3.96
   24       4           42.6257         162.6464             0.0061                  2.06                 1.94                  4.00        0.0020            3.95
   25       4           42.6257         162.6464             0.0061                  2.06                 1.94                  4.00        0.0020            3.95
   26       4           42.6382         162.6643             0.0061                  2.06                 2.33                  4.39        0.0020            3.95
   27       4           42.6725         162.7390             0.0061                  1.50                 1.76                  3.27        0.0020            3.96
   28       5           42.6667         162.7719             0.0061                  0.89                 1.43                  2.32        0.0020            3.96
   29       5           42.7387         162.9199             0.0061                  1.50                 1.52                  3.02        0.0020            3.96
   30       5           42.7387         162.9199             0.0061                  1.50                 1.52                  3.02        0.0020            3.96
   31       5           42.6612         162.6870             0.0061                  2.68                 2.59                  5.27        0.0020            3.96
   32       5           42.6612         162.6870             0.0061                  2.68                 2.59                  5.27        0.0020            3.96
   33       5           42.6405         162.6746             0.0061                  2.06                 2.10                  4.16        0.0020            3.96
   34       5           42.6405         162.6746             0.0061                  2.06                 2.10                  4.16        0.0020            3.96
   35       5           42.6213         162.6289             0.0061                  2.06                 2.48                  4.54        0.0020            3.95
   36       5           42.6213         162.6289             0.0061                  2.06                 2.48                  4.54        0.0020            3.95
   37       5           42.7285         162.8496             0.0061                  1.50                 1.91                  3.41        0.0020            3.97
   38       5           42.7285         162.8496             0.0061                  1.50                 1.91                  3.41        0.0020            3.97
   39       5           42.5871         162.5299             0.0062                  2.68                 2.58                  5.26        0.0020            3.95
   40       5           42.5871         162.5299             0.0062                  2.68                 2.58                  5.26        0.0020            3.95
   41       5           42.5659         162.4803             0.0062                  2.68                 3.00                  5.67        0.0020            3.95
   42       6           42.6374         162.6597             0.0061                  2.06                 2.64                  4.70        0.0020            3.96
   43       6           42.7185         162.8279             0.0061                  1.50                 2.07                  3.58        0.0020            3.96
   44       6           42.6209         162.5960             0.0062                  2.68                 2.75                  5.42        0.0020            3.96
   45       6           42.6209         162.5960             0.0062                  2.68                 2.75                  5.42        0.0020            3.96
   46       6           42.5794         162.5060             0.0062                  2.68                 3.15                  5.83        0.0020            3.95
   47       6           42.5794         162.5060             0.0062                  2.68                 3.15                  5.83        0.0020            3.95
   48       7           42.5834         162.5124             0.0062                  2.68                 3.30                  5.98        0.0020            3.97

Summary Statistics:
------------------------------------------------------------------------------------------------------------------------
        Comp     Groups  Wall Time/Evt (s)  CPU Time/Evt (s)  Throughput (evt/s)  Write Remote (MB/evt)  Read Remote (MB/evt)  Net Transfer (MB/evt)  CPU Cores/Evt  Memory/Evt (MB)
count  48.00  48.000000          48.000000         48.000000           48.000000              48.000000             48.000000              48.000000      48.000000        48.000000
mean   24.50   4.333333          42.676902        162.775640            0.006143               1.782451              1.839560               3.622012       0.001979         3.957100
std    14.00   1.117241           0.061857          0.177266            0.000007               0.668887              0.754281               1.396672       0.000002         0.004768
min     1.00   2.000000          42.565874        162.480329            0.006131               0.888672              0.569585               1.458257       0.001974         3.947200
25%    12.75   4.000000          42.631916        162.656385            0.006139               1.350435              1.284385               2.617534       0.001977         3.953600
50%    24.50   4.000000          42.670436        162.759288            0.006144               1.782451              1.908100               3.711750       0.001978         3.956800
75%    36.25   5.000000          42.724352        162.896437            0.006148               2.214468              2.482002               4.803109       0.001980         3.960000
max    48.00   7.000000          42.782735        163.109950            0.006155               2.676230              3.304121               5.980352       0.001985         3.969600
