Workflow Construction Summary Table
========================================================================================================================

 Comp  Groups Wall Time/Evt (s) CPU Time/Evt (s) Throughput (evt/s) Write Remote (MB/evt) Read Remote (MB/evt) Net Transfer (MB/evt) CPU Cores/Evt Memory/Evt (MB)
    1       1            7.0017          55.7533             0.0179                  0.45                 0.00                  0.45        0.0009            0.86
    2       2            6.9958          55.5024             0.0180                  0.45                 0.06                  0.51        0.0009            0.86
    3       2            6.9924          54.0574             0.0185                  0.45                 0.38                  0.83        0.0008            0.85
    4       2            7.0264          47.8255             0.0209                  2.54                 2.09                  4.63        0.0007            0.80
    5       2            7.0004          43.2470             0.0231                  1.23                 0.78                  2.01        0.0007            0.57
    6       3            6.9926          53.3486             0.0187                  0.45                 0.44                  0.89        0.0008            0.85
    7       3            7.0251          47.8204             0.0209                  2.54                 2.15                  4.69        0.0007            0.80
    8       3            6.9980          43.2376             0.0231                  1.23                 0.84                  2.08        0.0007            0.57
    9       3            7.0269          47.8276             0.0209                  2.54                 2.47                  5.00        0.0008            0.78
   10       3            6.9984          43.2390             0.0231                  1.23                 1.16                  2.39        0.0007            0.55
   11       3            7.0373          43.3945             0.0230                  3.32                 2.87                  6.19        0.0007            0.56
   12       4            7.0271          47.1188             0.0212                  2.54                 2.53                  5.07        0.0007            0.78
   13       4            6.9986          42.5303             0.0235                  1.23                 1.22                  2.45        0.0007            0.55
   14       4            7.0360          43.3894             0.0230                  3.32                 2.93                  6.25        0.0007            0.56
   15       4            7.0378          43.3966             0.0230                  3.32                 3.25                  6.57        0.0007            0.55
   16       5            7.0380          42.6879             0.0234                  3.32                 3.31                  6.63        0.0007            0.55

Summary Statistics:
------------------------------------------------------------------------------------------------------------------------
            Comp     Groups  Wall Time/Evt (s)  CPU Time/Evt (s)  Throughput (evt/s)  Write Remote (MB/evt)  Read Remote (MB/evt)  Net Transfer (MB/evt)  CPU Cores/Evt  Memory/Evt (MB)
count  16.000000  16.000000          16.000000         16.000000           16.000000              16.000000             16.000000              16.000000      16.000000        16.000000
mean    8.500000   3.000000           7.014534         47.148527            0.021413               1.884766              1.655273               3.540039       0.000740         0.690250
std     4.760952   1.032796           0.018445          4.903750            0.002086               1.152134              1.168838               2.312666       0.000074         0.139174
min     1.000000   1.000000           6.992408         42.530271            0.017936               0.449219              0.000000               0.449219       0.000670         0.546000
25%     4.750000   2.000000           6.998317         43.245042            0.020367               1.035156              0.695801               1.730957       0.000680         0.559500
50%     8.500000   3.000000           7.013405         45.257732            0.022133               1.884766              1.655273               3.540039       0.000715         0.675500
75%    12.250000   4.000000           7.029323         49.207859            0.023124               2.734375              2.614746               5.349121       0.000773         0.808250
max    16.000000   5.000000           7.038019         55.753298            0.023513               3.320312              3.310547               6.630859       0.000864         0.864000
