Workflow Construction Summary Table
========================================================================================================================

 Comp  Groups Wall Time/Evt (s) CPU Time/Evt (s) Throughput (evt/s) Write Remote (MB/evt) Read Remote (MB/evt) Net Transfer (MB/evt) CPU Cores/Evt Memory/Evt (MB)
    1       1            6.9648          55.4592             0.0180                  0.45                 0.00                  0.45        0.0009            0.86
    2       2            6.9648          55.2592             0.0181                  0.45                 0.06                  0.51        0.0009            0.86
    3       2            6.9648          53.8592             0.0186                  0.45                 0.38                  0.83        0.0008            0.85
    4       2            6.9648          47.4592             0.0211                  2.54                 2.09                  4.63        0.0007            0.80
    5       2            6.9648          43.0592             0.0232                  1.23                 0.78                  2.01        0.0007            0.57
    6       3            6.9648          53.1592             0.0188                  0.45                 0.44                  0.89        0.0008            0.85
    7       3            6.9648          47.4592             0.0211                  2.54                 2.15                  4.69        0.0007            0.80
    8       3            6.9648          43.0592             0.0232                  1.23                 0.84                  2.08        0.0007            0.57
    9       3            6.9648          47.4592             0.0211                  2.54                 2.47                  5.00        0.0008            0.78
   10       3            6.9648          43.0592             0.0232                  1.23                 1.16                  2.39        0.0007            0.55
   11       3            6.9648          43.0592             0.0232                  3.32                 2.87                  6.19        0.0007            0.56
   12       4            6.9648          46.7592             0.0214                  2.54                 2.53                  5.07        0.0007            0.78
   13       4            6.9648          42.3592             0.0236                  1.23                 1.22                  2.45        0.0007            0.55
   14       4            6.9648          43.0592             0.0232                  3.32                 2.93                  6.25        0.0007            0.56
   15       4            6.9648          43.0592             0.0232                  3.32                 3.25                  6.57        0.0007            0.55
   16       5            6.9648          42.3592             0.0236                  3.32                 3.31                  6.63        0.0007            0.55

Summary Statistics:
------------------------------------------------------------------------------------------------------------------------
            Comp     Groups  Wall Time/Evt (s)  CPU Time/Evt (s)  Throughput (evt/s)  Write Remote (MB/evt)  Read Remote (MB/evt)  Net Transfer (MB/evt)  CPU Cores/Evt  Memory/Evt (MB)
count  16.000000  16.000000       1.600000e+01         16.000000           16.000000              16.000000             16.000000              16.000000      16.000000        16.000000
mean    8.500000   3.000000       6.964798e+00         46.871690            0.021541               1.884766              1.655273               3.540039       0.000740         0.690250
std     4.760952   1.032796       9.486339e-07          4.908750            0.002109               1.152134              1.168838               2.312666       0.000074         0.139174
min     1.000000   1.000000       6.964794e+00         42.359190            0.018031               0.449219              0.000000               0.449219       0.000670         0.546000
25%     4.750000   2.000000       6.964798e+00         43.059190            0.020506               1.035156              0.695801               1.730957       0.000680         0.559500
50%     8.500000   3.000000       6.964798e+00         44.909190            0.022305               1.884766              1.655273               3.540039       0.000715         0.675500
75%    12.250000   4.000000       6.964798e+00         48.884191            0.023224               2.734375              2.614746               5.349121       0.000773         0.808250
max    16.000000   5.000000       6.964798e+00         55.459192            0.023608               3.320312              3.310547               6.630859       0.000864         0.864000
