Workflow Construction Summary Table
========================================================================================================================

 Comp  Groups Wall Time/Evt (s) CPU Time/Evt (s) Throughput (evt/s) Write Remote (MB/evt) Read Remote (MB/evt) Net Transfer (MB/evt) CPU Cores/Evt Memory/Evt (MB)
    1       1            7.6919          58.4816             0.0171                  0.45                 0.00                  0.45        0.0007            0.71
    2       2            7.6872          58.2424             0.0172                  0.45                 0.06                  0.51        0.0007            0.71
    3       2            7.6853          56.7054             0.0176                  0.45                 0.40                  0.85        0.0007            0.69
    4       2            7.7234          50.2887             0.0199                  2.54                 2.17                  4.71        0.0006            0.65
    5       2            7.6949          45.4649             0.0220                  1.23                 0.82                  2.05        0.0006            0.46
    6       3            7.6836          55.9430             0.0179                  0.45                 0.47                  0.92        0.0007            0.69
    7       3            7.7111          50.2625             0.0199                  2.54                 2.23                  4.77        0.0006            0.65
    8       3            7.6932          45.4236             0.0220                  1.23                 0.88                  2.11        0.0006            0.46
    9       3            7.7094          50.2284             0.0199                  2.54                 2.56                  5.10        0.0006            0.63
   10       3            7.6945          45.4283             0.0220                  1.23                 1.22                  2.45        0.0006            0.45
   11       3            7.7371          45.5908             0.0219                  3.32                 3.00                  6.32        0.0006            0.45
   12       4            7.7205          49.4767             0.0202                  2.54                 2.63                  5.17        0.0006            0.63
   13       4            7.6949          44.6680             0.0224                  1.23                 1.28                  2.51        0.0005            0.45
   14       4            7.7213          45.5576             0.0220                  3.32                 3.06                  6.38        0.0006            0.45
   15       4            7.7382          45.5955             0.0219                  3.32                 3.39                  6.71        0.0006            0.43
   16       5            7.7386          44.8351             0.0223                  3.32                 3.46                  6.78        0.0005            0.43

Summary Statistics:
------------------------------------------------------------------------------------------------------------------------
            Comp     Groups  Wall Time/Evt (s)  CPU Time/Evt (s)  Throughput (evt/s)  Write Remote (MB/evt)  Read Remote (MB/evt)  Net Transfer (MB/evt)  CPU Cores/Evt  Memory/Evt (MB)
count  16.000000  16.000000          16.000000         16.000000           16.000000              16.000000             16.000000              16.000000      16.000000        16.000000
mean    8.500000   3.000000           7.707819         49.512031            0.020388               1.884766              1.727315               3.612080       0.000603         0.559038
std     4.760952   1.032796           0.019704          5.118063            0.001976               1.152134              1.217817               2.361198       0.000062         0.117301
min     1.000000   1.000000           7.683639         44.667989            0.017099               0.449219              0.000000               0.449219       0.000546         0.430600
25%     4.750000   2.000000           7.692894         45.455732            0.019383               1.035156              0.728622               1.763778       0.000554         0.448650
50%     8.500000   3.000000           7.702164         47.536068            0.021072               1.884766              1.727321               3.612087       0.000579         0.545900
75%    12.250000   4.000000           7.721814         51.702282            0.021999               2.734375              2.724094               5.458469       0.000631         0.660150
max    16.000000   5.000000           7.738606         58.481578            0.022387               3.320312              3.460341               6.780653       0.000710         0.710400
