Workflow Construction Summary Table
========================================================================================================================

 Comp  Groups Wall Time/Evt (s) CPU Time/Evt (s) Throughput (evt/s) Write Remote (MB/evt) Read Remote (MB/evt) Net Transfer (MB/evt) CPU Cores/Evt Memory/Evt (MB)
    1       2           39.4444         310.2832             0.0032                  0.89                 0.54                  1.43        0.0211           21.50
    2       2           39.4444         310.2832             0.0032                  0.89                 0.54                  1.43        0.0211           20.96
    3       3           39.4404         310.2674             0.0032                  0.89                 0.68                  1.57        0.0211           21.51
    4       3           39.4404         310.2674             0.0032                  0.89                 0.68                  1.57        0.0211           20.96
    5       3           39.2864         307.8073             0.0032                  0.89                 0.68                  1.57        0.0211           21.38
    6       3           39.2864         307.8073             0.0032                  0.89                 0.68                  1.57        0.0211           20.97
    7       3           39.2994         157.3828             0.0064                  1.50                 1.15                  2.66        0.0107           21.46
    8       3           39.2994         157.3828             0.0064                  1.50                 1.15                  2.66        0.0107           20.92
    9       3           39.1325         302.5160             0.0033                  0.89                 1.07                  1.96        0.0208           20.96
   10       3           39.0304         277.3305             0.0036                  2.06                 1.71                  3.77        0.0191           21.48
   11       3           39.0304         277.3305             0.0036                  2.06                 1.71                  3.77        0.0191           20.94
   12       4           39.2825         307.7915             0.0032                  0.89                 0.83                  1.72        0.0211           21.39
   13       4           39.2825         307.7915             0.0032                  0.89                 0.83                  1.72        0.0211           20.97
   14       4           39.2954         157.3670             0.0064                  1.50                 1.30                  2.80        0.0107           21.46
   15       4           39.2954         157.3670             0.0064                  1.50                 1.30                  2.80        0.0107           20.92
   16       4           39.1285         302.5002             0.0033                  0.89                 1.22                  2.11        0.0208           20.96
   17       4           39.1285         302.5002             0.0033                  0.89                 1.22                  2.11        0.0208           20.96
   18       4           39.1431         156.7575             0.0064                  1.50                 1.30                  2.80        0.0108           21.34
   19       4           39.1431         156.7575             0.0064                  1.50                 1.30                  2.80        0.0108           20.92
   20       4           39.0264         277.3147             0.0036                  2.06                 1.86                  3.92        0.0191           21.48
   21       4           38.9173         155.8546             0.0064                  2.68                 2.32                  5.00        0.0107           21.46
   22       4           39.0264         277.3147             0.0036                  2.06                 1.86                  3.92        0.0191           20.94
   23       4           38.9173         155.8546             0.0064                  2.68                 2.32                  5.00        0.0107           20.91
   24       4           39.0001         277.2096             0.0036                  2.06                 1.86                  3.92        0.0191           21.36
   25       4           39.0001         277.2096             0.0036                  2.06                 1.86                  3.92        0.0191           20.94
   26       4           38.9803         277.1302             0.0036                  2.06                 2.25                  4.31        0.0191           20.94
   27       4           38.9938         156.1605             0.0064                  1.50                 1.69                  3.19        0.0107           20.91
   28       5           39.1246         302.4844             0.0033                  0.89                 1.37                  2.26        0.0208           20.96
   29       5           39.1391         156.7417             0.0064                  1.50                 1.45                  2.95        0.0108           21.34
   30       5           39.1391         156.7417             0.0064                  1.50                 1.45                  2.95        0.0108           20.92
   31       5           38.9134         155.8388             0.0064                  2.68                 2.47                  5.15        0.0107           21.46
   32       5           38.9134         155.8388             0.0064                  2.68                 2.47                  5.15        0.0107           20.91
   33       5           38.9962         277.1938             0.0036                  2.06                 2.00                  4.06        0.0191           21.36
   34       5           38.9962         277.1938             0.0036                  2.06                 2.00                  4.06        0.0191           20.94
   35       5           38.9764         277.1145             0.0036                  2.06                 2.39                  4.45        0.0191           20.94
   36       5           38.9764         277.1145             0.0036                  2.06                 2.39                  4.45        0.0191           20.94
   37       5           38.9899         156.1447             0.0064                  1.50                 1.84                  3.34        0.0107           20.91
   38       5           38.9899         156.1447             0.0064                  1.50                 1.84                  3.34        0.0107           20.91
   39       5           38.8871         155.7337             0.0064                  2.68                 2.47                  5.15        0.0107           21.33
   40       5           38.8871         155.7337             0.0064                  2.68                 2.47                  5.15        0.0107           20.91
   41       5           38.8673         155.6543             0.0064                  2.68                 2.86                  5.54        0.0107           20.91
   42       6           38.9724         277.0987             0.0036                  2.06                 2.54                  4.60        0.0191           20.94
   43       6           38.9859         156.1289             0.0064                  1.50                 1.98                  3.49        0.0107           20.91
   44       6           38.8832         155.7179             0.0064                  2.68                 2.62                  5.29        0.0107           21.33
   45       6           38.8832         155.7179             0.0064                  2.68                 2.62                  5.29        0.0107           20.91
   46       6           38.8633         155.6385             0.0064                  2.68                 3.01                  5.68        0.0107           20.92
   47       6           38.8633         155.6385             0.0064                  2.68                 3.01                  5.68        0.0107           20.91
   48       7           38.8594         155.6227             0.0064                  2.68                 3.15                  5.83        0.0107           20.92

Summary Statistics:
------------------------------------------------------------------------------------------------------------------------
        Comp     Groups  Wall Time/Evt (s)  CPU Time/Evt (s)  Throughput (evt/s)  Write Remote (MB/evt)  Read Remote (MB/evt)  Net Transfer (MB/evt)  CPU Cores/Evt  Memory/Evt (MB)
count  48.00  48.000000          48.000000         48.000000           48.000000              48.000000             48.000000              48.000000      48.000000        48.000000
mean   24.50   4.333333          39.079204        224.141167            0.004917               1.782451              1.756410               3.538861       0.015396        21.093867
std    14.00   1.117241           0.176685         69.446477            0.001505               0.668887              0.723768               1.366042       0.004747         0.233078
min     1.00   2.000000          38.859362        155.622746            0.003223               0.888672              0.537109               1.425781       0.010746        20.912400
25%    12.75   4.000000          38.958640        156.060361            0.003531               1.350435              1.220703               2.556826       0.010747        20.915900
50%    24.50   4.000000          39.013288        217.240742            0.004981               1.782451              1.836387               3.628379       0.014922        20.949000
75%    36.25   5.000000          39.177907        283.618996            0.006408               2.214468              2.392578               4.699932       0.019514        21.345500
max    48.00   7.000000          39.444386        310.283179            0.006426               2.676230              3.154746               5.830977       0.021143        21.505600
