Workflow Construction Summary Table
========================================================================================================================

 Comp  Groups Wall Time/Evt (s) CPU Time/Evt (s) Throughput (evt/s) Write Remote (MB/evt) Read Remote (MB/evt) Net Transfer (MB/evt) CPU Cores/Evt Memory/Evt (MB)
    1       1            9.8445         555.1912             0.0018                  0.45                 0.00                  0.45        0.1608          160.83
    2       2            9.7055         542.4276             0.0018                  0.45                 0.09                  0.54        0.1593          159.45
    3       2            9.5690         509.0543             0.0020                  0.45                 0.42                  0.87        0.1525          153.31
    4       2            9.6449         256.3488             0.0039                  1.23                 0.90                  2.12        0.0729           74.34
    5       2            9.9757         222.0919             0.0045                  2.53                 2.41                  4.94        0.0608           75.04
    6       3            9.5697         508.8270             0.0020                  0.45                 0.49                  0.94        0.1523          153.15
    7       3            9.5836         248.8738             0.0040                  1.23                 0.96                  2.19        0.0718           73.29
    8       3            9.9535         215.8923             0.0046                  2.53                 2.49                  5.02        0.0596           74.02
    9       3            9.5672         219.3109             0.0046                  1.23                 1.33                  2.56        0.0639           66.19
   10       3            9.9450         188.6902             0.0053                  2.53                 2.85                  5.38        0.0520           67.19
   11       3           10.0673         191.6644             0.0052                  3.32                 3.30                  6.62        0.0515           55.94
   12       4            9.5583         219.0880             0.0046                  1.23                 1.41                  2.63        0.0637           66.02
   13       4            9.9577         188.7196             0.0053                  2.54                 2.93                  5.46        0.0521           67.21
   14       4           10.0267         185.1743             0.0054                  3.31                 3.37                  6.68        0.0502           54.81
   15       4           10.0457         156.8580             0.0064                  3.32                 3.72                  7.03        0.0421           47.62
   16       5           10.0214         156.1451             0.0064                  3.30                 3.77                  7.07        0.0419           47.40

Summary Statistics:
------------------------------------------------------------------------------------------------------------------------
            Comp     Groups  Wall Time/Evt (s)  CPU Time/Evt (s)  Throughput (evt/s)  Write Remote (MB/evt)  Read Remote (MB/evt)  Net Transfer (MB/evt)  CPU Cores/Evt  Memory/Evt (MB)
count  16.000000  16.000000          16.000000         16.000000           16.000000              16.000000             16.000000              16.000000      16.000000        16.000000
mean    8.500000   3.000000           9.814735        285.272344            0.004234               1.879554              1.901240               3.780795       0.081724        87.237875
std     4.760952   1.032796           0.204920        148.174400            0.001558               1.148512              1.341326               2.481119       0.045342        42.354147
min     1.000000   1.000000           9.558295        156.145149            0.001801               0.447318              0.000000               0.448283       0.041939        47.396000
25%     4.750000   2.000000           9.580156        188.712275            0.003417               1.032373              0.795082               1.827153       0.051892        63.497500
50%     8.500000   3.000000           9.894745        219.199453            0.004562               1.879173              1.905654               3.784338       0.062237        70.251000
75%    12.250000   4.000000           9.987137        319.468348            0.005299               2.725148              3.020269               5.750969       0.092789        94.567000
max    16.000000   5.000000          10.067336        555.191199            0.006404               3.317353              3.772331               7.067478       0.160832       160.832000
