Workflow Construction Summary Table
========================================================================================================================

 Comp  Groups Wall Time/Evt (s) CPU Time/Evt (s) Throughput (evt/s) Write Remote (MB/evt) Read Remote (MB/evt) Net Transfer (MB/evt) CPU Cores/Evt Memory/Evt (MB)
    1       2           40.8330         159.7576             0.0063                  0.89                 0.54                  1.43        0.0037            7.49
    2       2           40.8330         159.7576             0.0063                  0.89                 0.54                  1.43        0.0037            7.49
    3       3           40.8467         159.8106             0.0063                  0.89                 0.69                  1.58        0.0037            7.50
    4       3           40.8467         159.8106             0.0063                  0.89                 0.69                  1.58        0.0037            7.50
    5       3           40.7941         159.6027             0.0063                  0.89                 0.70                  1.59        0.0037            7.50
    6       3           40.7941         159.6027             0.0063                  0.89                 0.70                  1.59        0.0037            7.50
    7       3           40.9366         160.1066             0.0062                  1.50                 1.18                  2.68        0.0037            7.49
    8       3           40.9366         160.1066             0.0062                  1.50                 1.18                  2.68        0.0037            7.49
    9       3           40.8006         159.5889             0.0063                  0.89                 1.10                  1.99        0.0037            7.50
   10       3           40.9456         160.1603             0.0062                  2.06                 1.75                  3.81        0.0037            7.49
   11       3           40.9456         160.1603             0.0062                  2.06                 1.75                  3.81        0.0037            7.49
   12       4           40.8079         159.6558             0.0063                  0.89                 0.85                  1.74        0.0037            7.50
   13       4           40.8079         159.6558             0.0063                  0.89                 0.85                  1.74        0.0037            7.50
   14       4           40.9505         160.1602             0.0062                  1.50                 1.33                  2.83        0.0038            7.50
   15       4           40.9505         160.1602             0.0062                  1.50                 1.33                  2.83        0.0038            7.50
   16       4           40.8047         159.6227             0.0063                  0.89                 1.25                  2.14        0.0037            7.50
   17       4           40.8047         159.6227             0.0063                  0.89                 1.25                  2.14        0.0037            7.50
   18       4           40.9057         159.9690             0.0063                  1.50                 1.33                  2.84        0.0038            7.50
   19       4           40.9057         159.9690             0.0063                  1.50                 1.33                  2.84        0.0038            7.50
   20       4           40.9586         160.2120             0.0062                  2.06                 1.90                  3.96        0.0037            7.50
   21       4           41.0240         160.4799             0.0062                  2.68                 2.38                  5.05        0.0037            7.49
   22       4           40.9586         160.2120             0.0062                  2.06                 1.90                  3.96        0.0037            7.50
   23       4           41.0240         160.4799             0.0062                  2.68                 2.38                  5.05        0.0037            7.49
   24       4           40.9320         160.1411             0.0062                  2.06                 1.90                  3.96        0.0037            7.49
   25       4           40.9320         160.1411             0.0062                  2.06                 1.90                  3.96        0.0037            7.49
   26       4           40.9836         160.3069             0.0062                  2.06                 2.30                  4.36        0.0037            7.50
   27       4           40.8685         159.8706             0.0063                  1.50                 1.73                  3.23        0.0037            7.49
   28       5           40.8339         159.7068             0.0063                  0.89                 1.40                  2.29        0.0038            7.50
   29       5           40.9043         159.9920             0.0063                  1.50                 1.48                  2.98        0.0038            7.50
   30       5           40.9043         159.9920             0.0063                  1.50                 1.48                  2.98        0.0038            7.50
   31       5           41.0368         160.5313             0.0062                  2.68                 2.53                  5.20        0.0037            7.49
   32       5           41.0368         160.5313             0.0062                  2.68                 2.53                  5.20        0.0037            7.49
   33       5           40.9451         160.1932             0.0062                  2.06                 2.04                  4.10        0.0037            7.49
   34       5           40.9451         160.1932             0.0062                  2.06                 2.04                  4.10        0.0037            7.49
   35       5           40.9785         160.3223             0.0062                  2.06                 2.45                  4.51        0.0037            7.50
   36       5           40.9785         160.3223             0.0062                  2.06                 2.45                  4.51        0.0037            7.50
   37       5           40.8781         159.9154             0.0063                  1.50                 1.88                  3.38        0.0037            7.49
   38       5           40.8781         159.9154             0.0063                  1.50                 1.88                  3.38        0.0037            7.49
   39       5           41.0288         160.4977             0.0062                  2.68                 2.53                  5.20        0.0037            7.49
   40       5           41.0288         160.4977             0.0062                  2.68                 2.53                  5.20        0.0037            7.49
   41       5           41.0609         160.6243             0.0062                  2.68                 2.93                  5.60        0.0038            7.50
   42       6           40.9867         160.3645             0.0062                  2.06                 2.60                  4.66        0.0038            7.50
   43       6           40.8939         159.9728             0.0063                  1.50                 2.03                  3.53        0.0037            7.50
   44       6           41.0416         160.5490             0.0062                  2.68                 2.68                  5.35        0.0037            7.50
   45       6           41.0416         160.5490             0.0062                  2.68                 2.68                  5.35        0.0037            7.50
   46       6           41.0745         160.6772             0.0062                  2.68                 3.08                  5.75        0.0037            7.50
   47       6           41.0745         160.6772             0.0062                  2.68                 3.08                  5.75        0.0037            7.50
   48       7           41.0810         160.7158             0.0062                  2.68                 3.23                  5.90        0.0038            7.50

Summary Statistics:
------------------------------------------------------------------------------------------------------------------------
        Comp     Groups  Wall Time/Evt (s)  CPU Time/Evt (s)  Throughput (evt/s)  Write Remote (MB/evt)  Read Remote (MB/evt)  Net Transfer (MB/evt)  CPU Cores/Evt  Memory/Evt (MB)
count  48.00  48.000000          48.000000         48.000000           48.000000              48.000000             48.000000              48.000000      48.000000        48.000000
mean   24.50   4.333333          40.932568        160.122166            0.006245               1.782451              1.795493               3.577944       0.003748         7.496533
std    14.00   1.117241           0.086355          0.336011            0.000013               0.668887              0.741211               1.383051       0.000002         0.004006
min     1.00   2.000000          40.794141        159.588878            0.006222               0.888672              0.544249               1.432921       0.003745         7.489600
25%    12.75   4.000000          40.863062        159.855627            0.006235               1.350435              1.246713               2.582757       0.003746         7.492800
50%    24.50   4.000000          40.940859        160.150649            0.006244               1.782451              1.878069               3.670266       0.003748         7.496000
75%    36.25   5.000000          40.996062        160.393382            0.006256               2.214468              2.446627               4.756382       0.003750         7.499200
max    48.00   7.000000          41.081031        160.715849            0.006266               2.676230              3.227041               5.903271       0.003752         7.504000
