Workflow Construction Summary Table
========================================================================================================================

 Comp  Groups Wall Time/Evt (s) CPU Time/Evt (s) Throughput (evt/s) Write Remote (MB/evt) Read Remote (MB/evt) Net Transfer (MB/evt) CPU Cores/Evt Memory/Evt (MB)
    1       1            8.0990          64.7922             0.0154                  0.45                 0.00                  0.45        0.0308           30.78
    2       2            7.8690          62.9522             0.0159                  0.45                 0.06                  0.51        0.0308           30.76
    3       2            7.6616          61.2928             0.0163                  0.45                 0.38                  0.83        0.0308           30.78
    4       2            7.8901          63.1204             0.0158                  2.54                 2.09                  4.63        0.0307           30.70
    5       2            7.6421          61.1366             0.0164                  1.23                 0.78                  2.01        0.0307           30.72
    6       3            7.6546          61.2365             0.0163                  0.45                 0.44                  0.89        0.0308           30.78
    7       3            7.8280          62.6240             0.0160                  2.54                 2.15                  4.69        0.0307           30.70
    8       3            7.5412          60.3296             0.0166                  1.23                 0.84                  2.08        0.0307           30.70
    9       3            7.8076          62.4607             0.0160                  2.54                 2.47                  5.00        0.0307           30.70
   10       3            7.4727          59.7814             0.0167                  1.23                 1.16                  2.39        0.0307           30.72
   11       3            7.8829          63.0634             0.0159                  3.32                 2.87                  6.19        0.0307           30.71
   12       4            7.8006          62.4044             0.0160                  2.54                 2.53                  5.07        0.0307           30.70
   13       4            7.4656          59.7251             0.0167                  1.23                 1.22                  2.45        0.0307           30.72
   14       4            7.8209          62.5669             0.0160                  3.32                 2.93                  6.25        0.0307           30.71
   15       4            7.8005          62.4037             0.0160                  3.32                 3.25                  6.57        0.0307           30.71
   16       5            7.7934          62.3474             0.0160                  3.32                 3.31                  6.63        0.0307           30.71

Summary Statistics:
------------------------------------------------------------------------------------------------------------------------
            Comp     Groups  Wall Time/Evt (s)  CPU Time/Evt (s)  Throughput (evt/s)  Write Remote (MB/evt)  Read Remote (MB/evt)  Net Transfer (MB/evt)  CPU Cores/Evt  Memory/Evt (MB)
count  16.000000  16.000000          16.000000         16.000000           16.000000              16.000000             16.000000              16.000000      16.000000        16.000000
mean    8.500000   3.000000           7.751854         62.014831            0.016132               1.884766              1.655273               3.540039       0.030724        30.724000
std     4.760952   1.032796           0.168239          1.345910            0.000351               1.152134              1.168838               2.312666       0.000030         0.030075
min     1.000000   1.000000           7.465637         59.725097            0.015434               0.449219              0.000000               0.449219       0.030696        30.696000
25%     4.750000   2.000000           7.651443         61.211547            0.015948               1.035156              0.695801               1.730957       0.030702        30.702000
50%     8.500000   3.000000           7.800507         62.404057            0.016025               1.884766              1.655273               3.540039       0.030712        30.712000
75%    12.250000   4.000000           7.838256         62.706049            0.016337               2.734375              2.614746               5.349121       0.030730        30.730000
max    16.000000   5.000000           8.099022         64.792175            0.016743               3.320312              3.310547               6.630859       0.030776        30.776000
