Workflow Construction Summary Table
========================================================================================================================

 Comp  Groups Wall Time/Evt (s) CPU Time/Evt (s) Throughput (evt/s) Write Remote (MB/evt) Read Remote (MB/evt) Net Transfer (MB/evt) CPU Cores/Evt Memory/Evt (MB)
    1       2           40.9033        2477.7779             0.0004                  0.89                 0.55                  1.44        0.0872           87.47
    2       2           40.9033        2477.7779             0.0004                  0.89                 0.55                  1.44        0.0872           87.47
    3       3           40.9033        2476.8530             0.0004                  0.89                 0.70                  1.59        0.0871           87.38
    4       3           40.9033        2476.8530             0.0004                  0.89                 0.70                  1.59        0.0871           87.38
    5       3           40.8195        2453.4221             0.0004                  0.89                 0.70                  1.59        0.0865           86.84
    6       3           40.8195        2453.4221             0.0004                  0.89                 0.70                  1.59        0.0865           86.84
    7       3           40.7941        2469.0317             0.0004                  1.50                 1.18                  2.69        0.0870           87.27
    8       3           40.7941        2469.0317             0.0004                  1.50                 1.18                  2.69        0.0870           87.27
    9       3           40.7325        2387.8501             0.0004                  0.89                 1.09                  1.98        0.0844           84.93
   10       3           40.6824         733.8269             0.0014                  2.06                 1.75                  3.81        0.0260           34.99
   11       3           40.6824         733.8269             0.0014                  2.06                 1.75                  3.81        0.0260           34.99
   12       4           40.8187        2452.4927             0.0004                  0.89                 0.85                  1.74        0.0865           86.75
   13       4           40.8187        2452.4927             0.0004                  0.89                 0.85                  1.74        0.0865           86.75
   14       4           40.8029        2468.2900             0.0004                  1.50                 1.33                  2.84        0.0870           87.20
   15       4           40.8029        2468.2900             0.0004                  1.50                 1.33                  2.84        0.0870           87.20
   16       4           40.7265        2386.7391             0.0004                  0.89                 1.24                  2.13        0.0843           84.83
   17       4           40.7265        2386.7391             0.0004                  0.89                 1.24                  2.13        0.0843           84.83
   18       4           40.7111        2444.3583             0.0004                  1.50                 1.33                  2.84        0.0863           86.62
   19       4           40.7111        2444.3583             0.0004                  1.50                 1.33                  2.84        0.0863           86.62
   20       4           40.6703         732.8660             0.0014                  2.06                 1.90                  3.96        0.0259           34.90
   21       4           40.6077         610.7183             0.0016                  2.68                 2.38                  5.06        0.0216           34.99
   22       4           40.6703         732.8660             0.0014                  2.06                 1.90                  3.96        0.0259           34.90
   23       4           40.6077         610.7183             0.0016                  2.68                 2.38                  5.06        0.0216           34.99
   24       4           40.6635         713.5745             0.0014                  2.06                 1.90                  3.96        0.0253           34.32
   25       4           40.6635         713.5745             0.0014                  2.06                 1.90                  3.96        0.0253           34.32
   26       4           40.6412         651.1942             0.0015                  2.06                 2.30                  4.36        0.0231           32.40
   27       4           40.6669        2379.5494             0.0004                  1.50                 1.73                  3.24        0.0842           84.76
   28       5           40.7330        2385.9838             0.0004                  0.89                 1.39                  2.28        0.0843           84.75
   29       5           40.7199        2443.4337             0.0004                  1.50                 1.49                  2.99        0.0863           86.53
   30       5           40.7199        2443.4337             0.0004                  1.50                 1.49                  2.99        0.0863           86.53
   31       5           40.6050         609.6053             0.0016                  2.68                 2.53                  5.21        0.0216           34.89
   32       5           40.6050         609.6053             0.0016                  2.68                 2.53                  5.21        0.0216           34.89
   33       5           40.6548         712.5320             0.0014                  2.06                 2.05                  4.11        0.0252           34.24
   34       5           40.6548         712.5320             0.0014                  2.06                 2.05                  4.11        0.0252           34.24
   35       5           40.6359         650.1155             0.0015                  2.06                 2.45                  4.51        0.0230           32.29
   36       5           40.6359         650.1155             0.0015                  2.06                 2.45                  4.51        0.0230           32.29
   37       5           40.6642        2378.7753             0.0004                  1.50                 1.88                  3.39        0.0842           84.68
   38       5           40.6642        2378.7753             0.0004                  1.50                 1.88                  3.39        0.0842           84.68
   39       5           40.5855         590.0326             0.0017                  2.68                 2.53                  5.20        0.0209           34.30
   40       5           40.5855         590.0326             0.0017                  2.68                 2.53                  5.20        0.0209           34.30
   41       5           40.5850         527.9751             0.0019                  2.68                 2.93                  5.61        0.0187           32.39
   42       6           40.6274         649.1650             0.0015                  2.06                 2.60                  4.66        0.0230           32.20
   43       6           40.6384        2376.9311             0.0004                  1.50                 2.04                  3.54        0.0841           84.53
   44       6           40.5843         589.1374             0.0017                  2.68                 2.68                  5.35        0.0209           34.23
   45       6           40.5843         589.1374             0.0017                  2.68                 2.68                  5.35        0.0209           34.23
   46       6           40.5709         526.8400             0.0019                  2.68                 3.08                  5.76        0.0187           32.29
   47       6           40.5709         526.8400             0.0019                  2.68                 3.08                  5.76        0.0187           32.29
   48       7           40.5755         526.0866             0.0019                  2.68                 3.23                  5.91        0.0187           32.22

Summary Statistics:
------------------------------------------------------------------------------------------------------------------------
        Comp     Groups  Wall Time/Evt (s)  CPU Time/Evt (s)  Throughput (evt/s)  Write Remote (MB/evt)  Read Remote (MB/evt)  Net Transfer (MB/evt)  CPU Cores/Evt  Memory/Evt (MB)
count  48.00  48.000000          48.000000         48.000000           48.000000              48.000000             48.000000              48.000000      48.000000        48.000000
mean   24.50   4.333333          40.696815       1535.949582            0.001000               1.782451              1.799412               3.581863       0.054237        60.044608
std    14.00   1.117241           0.097715        910.088435            0.000610               0.668887              0.741526               1.383598       0.032067        26.509993
min     1.00   2.000000          40.570884        526.086597            0.000404               0.888672              0.550198               1.438870       0.018662        32.197600
25%    12.75   4.000000          40.622476        639.553348            0.000409               1.350435              1.243792               2.585943       0.022641        34.283100
50%    24.50   4.000000          40.668600       1555.379014            0.000892               1.782451              1.882937               3.676682       0.055012        59.760800
75%    36.25   5.000000          40.748271       2446.391877            0.001565               2.214468              2.452363               4.760398       0.086369        86.649500
max    48.00   7.000000          40.903303       2477.777861            0.001901               2.676230              3.233034               5.909265       0.087180        87.466800
