Workflow Construction Summary Table
========================================================================================================================

 Comp  Groups Wall Time/Evt (s) CPU Time/Evt (s) Throughput (evt/s) Write Remote (MB/evt) Read Remote (MB/evt) Net Transfer (MB/evt) CPU Cores/Evt Memory/Evt (MB)
    1       1            7.2905          57.1336             0.0175                  0.45                 0.00                  0.45        0.0013            1.33
    2       2            7.2879          56.8596             0.0176                  0.45                 0.07                  0.52        0.0013            1.33
    3       2            7.3092          55.4573             0.0180                  0.45                 0.38                  0.83        0.0013            1.30
    4       2            7.6972          51.1424             0.0196                  2.54                 2.12                  4.66        0.0011            1.22
    5       2            7.4269          44.9705             0.0222                  1.23                 0.80                  2.03        0.0010            0.88
    6       3            7.3153          54.6726             0.0183                  0.45                 0.45                  0.90        0.0013            1.30
    7       3            7.7008          51.1566             0.0195                  2.54                 2.19                  4.72        0.0011            1.21
    8       3            7.4287          44.9778             0.0222                  1.23                 0.86                  2.09        0.0010            0.87
    9       3            7.7312          51.2757             0.0195                  2.54                 2.51                  5.04        0.0011            1.18
   10       3            7.4572          45.0889             0.0222                  1.23                 1.18                  2.41        0.0010            0.84
   11       3            7.8566          46.6509             0.0214                  3.32                 2.93                  6.25        0.0010            0.85
   12       4            7.7335          50.4965             0.0198                  2.54                 2.57                  5.11        0.0011            1.18
   13       4            7.4632          44.3042             0.0226                  1.23                 1.25                  2.48        0.0010            0.84
   14       4            7.8602          46.6653             0.0214                  3.32                 2.99                  6.31        0.0010            0.85
   15       4            7.8909          46.7849             0.0214                  3.32                 3.31                  6.63        0.0010            0.81
   16       5            7.8965          46.0090             0.0217                  3.32                 3.38                  6.70        0.0010            0.82

Summary Statistics:
------------------------------------------------------------------------------------------------------------------------
            Comp     Groups  Wall Time/Evt (s)  CPU Time/Evt (s)  Throughput (evt/s)  Write Remote (MB/evt)  Read Remote (MB/evt)  Net Transfer (MB/evt)  CPU Cores/Evt  Memory/Evt (MB)
count  16.000000  16.000000          16.000000         16.000000           16.000000              16.000000             16.000000              16.000000      16.000000        16.000000
mean    8.500000   3.000000           7.584118         49.602861            0.020313               1.884766              1.686178               3.570944       0.001128         1.049950
std     4.760952   1.032796           0.232942          4.525710            0.001795               1.152134              1.190085               2.333821       0.000118         0.217708
min     1.000000   1.000000           7.287854         44.304232            0.017503               0.449219              0.000000               0.449219       0.001020         0.814800
25%     4.750000   2.000000           7.399026         45.778949            0.019199               1.035156              0.710369               1.745525       0.001035         0.845150
50%     8.500000   3.000000           7.580196         48.640693            0.020589               1.884766              1.683838               3.568603       0.001083         1.028200
75%    12.250000   4.000000           7.764279         52.124902            0.021846               2.734375              2.656834               5.391209       0.001179         1.236550
max    16.000000   5.000000           7.896485         57.133581            0.022571               3.320312              3.376162               6.696475       0.001333         1.332800
