Workflow Construction Summary Table
========================================================================================================================

 Comp  Groups Wall Time/Evt (s) CPU Time/Evt (s) Throughput (evt/s) Write Remote (MB/evt) Read Remote (MB/evt) Net Transfer (MB/evt) CPU Cores/Evt Memory/Evt (MB)
    1       2           40.9167        2478.2246             0.0004                  0.89                 0.55                  1.44        0.0872           87.47
    2       2           40.9167        2478.2246             0.0004                  0.89                 0.55                  1.44        0.0872           87.47
    3       3           40.9182        2477.3003             0.0004                  0.89                 0.70                  1.59        0.0871           87.38
    4       3           40.9182        2477.3003             0.0004                  0.89                 0.70                  1.59        0.0871           87.38
    5       3           40.8343        2453.1303             0.0004                  0.89                 0.70                  1.59        0.0865           86.79
    6       3           40.8343        2453.1303             0.0004                  0.89                 0.70                  1.59        0.0865           86.79
    7       3           40.8371        2470.4464             0.0004                  1.50                 1.18                  2.69        0.0870           87.31
    8       3           40.8371        2470.4464             0.0004                  1.50                 1.18                  2.69        0.0870           87.31
    9       3           40.7477        2386.8216             0.0004                  0.89                 1.10                  1.99        0.0843           84.84
   10       3           40.7123         735.0395             0.0014                  2.06                 1.75                  3.81        0.0260           34.99
   11       3           40.7123         735.0395             0.0014                  2.06                 1.75                  3.81        0.0260           34.99
   12       4           40.8346        2452.2014             0.0004                  0.89                 0.85                  1.74        0.0865           86.70
   13       4           40.8346        2452.2014             0.0004                  0.89                 0.85                  1.74        0.0865           86.70
   14       4           40.8300        2469.5050             0.0004                  1.50                 1.33                  2.84        0.0870           87.22
   15       4           40.8300        2469.5050             0.0004                  1.50                 1.33                  2.84        0.0870           87.22
   16       4           40.7423        2385.8775             0.0004                  0.89                 1.25                  2.14        0.0842           84.75
   17       4           40.7423        2385.8775             0.0004                  0.89                 1.25                  2.14        0.0842           84.75
   18       4           40.7613        2445.7589             0.0004                  1.50                 1.33                  2.84        0.0864           86.65
   19       4           40.7613        2445.7589             0.0004                  1.50                 1.33                  2.84        0.0864           86.65
   20       4           40.7073         734.0905             0.0014                  2.06                 1.90                  3.96        0.0259           34.90
   21       4           40.6668         611.9847             0.0016                  2.68                 2.38                  5.06        0.0216           34.99
   22       4           40.7073         734.0905             0.0014                  2.06                 1.90                  3.96        0.0259           34.90
   23       4           40.6668         611.9847             0.0016                  2.68                 2.38                  5.06        0.0216           34.99
   24       4           40.7004         714.4180             0.0014                  2.06                 1.90                  3.96        0.0252           34.30
   25       4           40.7004         714.4180             0.0014                  2.06                 1.90                  3.96        0.0252           34.30
   26       4           40.6855         652.6860             0.0015                  2.06                 2.30                  4.36        0.0231           32.41
   27       4           40.6976        2380.3294             0.0004                  1.50                 1.73                  3.24        0.0842           84.76
   28       5           40.7577        2385.1388             0.0004                  0.89                 1.41                  2.29        0.0842           84.68
   29       5           40.7658        2445.1884             0.0004                  1.50                 1.48                  2.99        0.0864           86.59
   30       5           40.7658        2445.1884             0.0004                  1.50                 1.48                  2.99        0.0864           86.59
   31       5           40.6605         611.0526             0.0016                  2.68                 2.53                  5.21        0.0216           34.90
   32       5           40.6605         611.0526             0.0016                  2.68                 2.53                  5.21        0.0216           34.90
   33       5           40.6931         713.3845             0.0014                  2.06                 2.05                  4.11        0.0252           34.21
   34       5           40.6931         713.3845             0.0014                  2.06                 2.05                  4.11        0.0252           34.21
   35       5           40.6769         651.6033             0.0015                  2.06                 2.45                  4.51        0.0230           32.31
   36       5           40.6769         651.6033             0.0015                  2.06                 2.45                  4.51        0.0230           32.31
   37       5           40.6847        2379.3677             0.0004                  1.50                 1.88                  3.39        0.0842           84.66
   38       5           40.6847        2379.3677             0.0004                  1.50                 1.88                  3.39        0.0842           84.66
   39       5           40.6345         591.0859             0.0017                  2.68                 2.53                  5.21        0.0209           34.29
   40       5           40.6345         591.0859             0.0017                  2.68                 2.53                  5.21        0.0209           34.29
   41       5           40.6378         529.1483             0.0019                  2.68                 2.93                  5.61        0.0187           32.39
   42       6           40.6835         650.8512             0.0015                  2.06                 2.60                  4.66        0.0230           32.24
   43       6           40.6892        2378.2587             0.0004                  1.50                 2.04                  3.54        0.0841           84.57
   44       6           40.6451         590.1640             0.0017                  2.68                 2.68                  5.36        0.0209           34.22
   45       6           40.6451         590.1640             0.0017                  2.68                 2.68                  5.36        0.0209           34.22
   46       6           40.6251         528.0132             0.0019                  2.68                 3.08                  5.76        0.0187           32.29
   47       6           40.6251         528.0132             0.0019                  2.68                 3.08                  5.76        0.0187           32.29
   48       7           40.6311         527.2608             0.0019                  2.68                 3.23                  5.91        0.0187           32.22

Summary Statistics:
------------------------------------------------------------------------------------------------------------------------
        Comp     Groups  Wall Time/Evt (s)  CPU Time/Evt (s)  Throughput (evt/s)  Write Remote (MB/evt)  Read Remote (MB/evt)  Net Transfer (MB/evt)  CPU Cores/Evt  Memory/Evt (MB)
count  48.00  48.000000          48.000000         48.000000           48.000000              48.000000             48.000000              48.000000      48.000000        48.000000
mean   24.50   4.333333          40.733831       1536.795179            0.000999               1.782451              1.800961               3.583413       0.054232        60.040342
std    14.00   1.117241           0.085764        909.740555            0.000608               0.668887              0.740775               1.382647       0.032063        26.506873
min     1.00   2.000000          40.625058        527.260805            0.000404               0.888672              0.550198               1.438870       0.018662        32.215200
25%    12.75   4.000000          40.674374        641.134602            0.000409               1.350435              1.253088               2.588966       0.022670        34.269600
50%    24.50   4.000000          40.703868       1556.649065            0.000890               1.782451              1.881481               3.676091       0.055030        59.779800
75%    36.25   5.000000          40.781839       2447.369510            0.001561               2.214468              2.451824               4.762532       0.086385        86.665900
max    48.00   7.000000          40.918156       2478.224590            0.001897               2.676230              3.233034               5.909265       0.087180        87.466800
