Workflow Construction Summary Table
========================================================================================================================

 Comp  Groups Wall Time/Evt (s) CPU Time/Evt (s) Throughput (evt/s) Write Remote (MB/evt) Read Remote (MB/evt) Net Transfer (MB/evt) CPU Cores/Evt Memory/Evt (MB)
    1       1            7.5466          60.0920             0.0166                  0.45                 0.00                  0.45        0.0155           15.50
    2       2            7.4277          58.9412             0.0170                  0.45                 0.06                  0.51        0.0154           15.44
    3       2            7.3079          56.5281             0.0177                  0.45                 0.38                  0.83        0.0151           15.06
    4       2            7.2356          49.1822             0.0203                  2.54                 2.10                  4.63        0.0133           14.13
    5       2            7.2392          44.3673             0.0225                  1.23                 0.78                  2.01        0.0120           10.15
    6       3            7.3011          55.7848             0.0179                  0.45                 0.44                  0.89        0.0149           15.06
    7       3            7.2011          49.0448             0.0204                  2.54                 2.16                  4.70        0.0133           14.07
    8       3            7.1856          44.1535             0.0226                  1.23                 0.85                  2.08        0.0120           10.10
    9       3            7.1758          48.9509             0.0204                  2.54                 2.47                  5.01        0.0133           13.69
   10       3            7.1357          43.9546             0.0228                  1.23                 1.16                  2.39        0.0120            9.71
   11       3            7.1543          44.0291             0.0227                  3.32                 2.88                  6.20        0.0120            9.85
   12       4            7.1691          48.2079             0.0207                  2.54                 2.53                  5.07        0.0131           13.69
   13       4            7.1289          43.2113             0.0231                  1.23                 1.23                  2.46        0.0118            9.71
   14       4            7.1202          43.8930             0.0228                  3.32                 2.94                  6.26        0.0120            9.80
   15       4            7.0945          43.7905             0.0228                  3.32                 3.26                  6.58        0.0120            9.41
   16       5            7.0879          43.0477             0.0232                  3.32                 3.32                  6.64        0.0118            9.41

Summary Statistics:
------------------------------------------------------------------------------------------------------------------------
            Comp     Groups  Wall Time/Evt (s)  CPU Time/Evt (s)  Throughput (evt/s)  Write Remote (MB/evt)  Read Remote (MB/evt)  Net Transfer (MB/evt)  CPU Cores/Evt  Memory/Evt (MB)
count  16.000000  16.000000          16.000000         16.000000           16.000000              16.000000             16.000000              16.000000      16.000000        16.000000
mean    8.500000   3.000000           7.219442         48.573691            0.020860               1.884766              1.660117               3.544883       0.013098        12.173625
std     4.760952   1.032796           0.124811          5.997785            0.002363               1.152134              1.172065               2.315896       0.001379         2.547610
min     1.000000   1.000000           7.087864         43.047716            0.016641               0.449219              0.000000               0.449219       0.011826         9.410000
25%     4.750000   2.000000           7.133973         43.939172            0.019731               1.035156              0.698325               1.733481       0.012020         9.778500
50%     8.500000   3.000000           7.180667         46.287628            0.021641               1.884766              1.660363               3.545129       0.012556        11.916500
75%    12.250000   4.000000           7.254686         50.832854            0.022759               2.734375              2.620329               5.354704       0.013673        14.360500
max    16.000000   5.000000           7.546562         60.092043            0.023230               3.320312              3.321017               6.641329       0.015504        15.504000
