Workflow Construction Summary Table
========================================================================================================================

 Comp  Groups Wall Time/Evt (s) CPU Time/Evt (s) Throughput (evt/s) Write Remote (MB/evt) Read Remote (MB/evt) Net Transfer (MB/evt) CPU Cores/Evt Memory/Evt (MB)
    1       1            8.1352         518.0498             0.0019                  0.45                 0.00                  0.45        0.2486          248.64
    2       2            7.8967         499.7374             0.0020                  0.45                 0.06                  0.51        0.2468          246.96
    3       2            7.6554         461.7098             0.0022                  0.45                 0.38                  0.83        0.2351          236.42
    4       2            7.5160         229.9505             0.0043                  1.23                 0.79                  2.02        0.1136          115.72
    5       2            7.5023         183.5793             0.0054                  2.54                 2.10                  4.64        0.0939          115.90
    6       3            7.6419         461.6443             0.0022                  0.45                 0.44                  0.89        0.2351          236.36
    7       3            7.4080         219.9436             0.0045                  1.23                 0.85                  2.08        0.1118          114.06
    8       3            7.4333         176.0494             0.0057                  2.54                 2.16                  4.70        0.0922          114.33
    9       3            7.3071         190.8203             0.0052                  1.23                 1.16                  2.39        0.1000          103.50
   10       3            7.3811         150.0728             0.0067                  2.54                 2.48                  5.02        0.0804          103.73
   11       3            7.3378         154.6513             0.0065                  3.32                 2.89                  6.21        0.0790           86.04
   12       4            7.2936         190.7897             0.0052                  1.23                 1.23                  2.46        0.1000          103.47
   13       4            7.3679         150.0198             0.0067                  2.54                 2.54                  5.08        0.0804          103.68
   14       4            7.2687         147.1302             0.0068                  3.32                 2.95                  6.27        0.0773           84.46
   15       4            7.2164         121.1086             0.0083                  3.32                 3.26                  6.58        0.0654           73.81
   16       5            7.2030         121.0554             0.0083                  3.32                 3.33                  6.65        0.0654           73.76

Summary Statistics:
------------------------------------------------------------------------------------------------------------------------
            Comp     Groups  Wall Time/Evt (s)  CPU Time/Evt (s)  Throughput (evt/s)  Write Remote (MB/evt)  Read Remote (MB/evt)  Net Transfer (MB/evt)  CPU Cores/Evt  Memory/Evt (MB)
count  16.000000  16.000000          16.000000         16.000000           16.000000              16.000000             16.000000              16.000000      16.000000        16.000000
mean    8.500000   3.000000           7.472772        248.519520            0.005117               1.884766              1.663941               3.548707       0.126554       135.052075
std     4.760952   1.032796           0.253789        144.887851            0.002126               1.152134              1.174564               2.318348       0.069956        65.321303
min     1.000000   1.000000           7.203046        121.055364            0.001930               0.449219              0.000000               0.449219       0.065383        73.758800
25%     4.750000   2.000000           7.303752        150.059552            0.003803               1.035156              0.699537               1.734694       0.080014        99.110300
50%     8.500000   3.000000           7.394553        187.184506            0.005344               1.884766              1.664193               3.548959       0.096944       108.894200
75%    12.250000   4.000000           7.547502        287.873972            0.006664               2.734375              2.628618               5.362993       0.143953       146.015300
max    16.000000   5.000000           8.135153        518.049840            0.008261               3.320312              3.327088               6.647401       0.248640       248.640000
