Workflow Construction Summary Table
========================================================================================================================

 Comp  Groups Wall Time/Evt (s) CPU Time/Evt (s) Throughput (evt/s) Write Remote (MB/evt) Read Remote (MB/evt) Net Transfer (MB/evt) CPU Cores/Evt Memory/Evt (MB)
    1       1            7.0347         448.3587             0.0022                  0.45                 0.00                  0.45        0.0155           15.49
    2       2            7.0205         444.4002             0.0023                  0.45                 0.06                  0.51        0.0154           15.38
    3       2            7.0087         422.3248             0.0024                  0.45                 0.38                  0.83        0.0147           14.74
    4       2            7.0120         204.7064             0.0049                  1.23                 0.78                  2.01        0.0071            7.24
    5       2            7.0375         170.1951             0.0059                  2.54                 2.09                  4.63        0.0059            7.25
    6       3            7.0086         422.3242             0.0024                  0.45                 0.44                  0.89        0.0147           14.76
    7       3            7.0059         201.2622             0.0050                  1.23                 0.84                  2.08        0.0070            7.14
    8       3            7.0339         166.9083             0.0060                  2.54                 2.15                  4.69        0.0057            7.14
    9       3            7.0028         179.7400             0.0056                  1.23                 1.16                  2.39        0.0063            6.50
   10       3            7.0338         145.5820             0.0069                  2.54                 2.47                  5.00        0.0050            6.50
   11       3            7.0428         143.3360             0.0070                  3.32                 2.87                  6.19        0.0050            5.44
   12       4            7.0026         179.7392             0.0056                  1.23                 1.22                  2.45        0.0063            6.50
   13       4            7.0337         145.5814             0.0069                  2.54                 2.53                  5.07        0.0050            6.52
   14       4            7.0391         140.0454             0.0071                  3.32                 2.93                  6.25        0.0049            5.33
   15       4            7.0389         118.7114             0.0084                  3.32                 3.25                  6.57        0.0041            4.63
   16       5            7.0387         118.7106             0.0084                  3.32                 3.31                  6.63        0.0041            4.63

Summary Statistics:
------------------------------------------------------------------------------------------------------------------------
            Comp     Groups  Wall Time/Evt (s)  CPU Time/Evt (s)  Throughput (evt/s)  Write Remote (MB/evt)  Read Remote (MB/evt)  Net Transfer (MB/evt)  CPU Cores/Evt  Memory/Evt (MB)
count  16.000000  16.000000          16.000000         16.000000           16.000000              16.000000             16.000000              16.000000      16.000000        16.000000
mean    8.500000   3.000000           7.024645        228.245361            0.005423               1.884766              1.655273               3.540039       0.007909         8.449250
std     4.760952   1.032796           0.015178        125.506178            0.002122               1.152134              1.168838               2.312666       0.004346         4.053404
min     1.000000   1.000000           7.002623        118.710568            0.002230               0.449219              0.000000               0.449219       0.004090         4.626000
25%     4.750000   2.000000           7.008679        145.020060            0.004256               1.035156              0.695801               1.730957       0.005019         6.232500
50%     8.500000   3.000000           7.033736        174.967145            0.005720               1.884766              1.655273               3.540039       0.006069         6.828000
75%    12.250000   4.000000           7.037797        259.110841            0.006896               2.734375              2.614746               5.349121       0.008996         9.121500
max    16.000000   5.000000           7.042785        448.358697            0.008424               3.320312              3.310547               6.630859       0.015488        15.488000
