Workflow Construction Summary Table
========================================================================================================================

 Comp  Groups Wall Time/Evt (s) CPU Time/Evt (s) Throughput (evt/s) Write Remote (MB/evt) Read Remote (MB/evt) Net Transfer (MB/evt) CPU Cores/Evt Memory/Evt (MB)
    1       2           39.4560         308.4708             0.0032                  0.89                 0.54                  1.43        0.0071            7.24
    2       2           39.4560         308.4708             0.0032                  0.89                 0.54                  1.43        0.0071            7.06
    3       3           39.4690         308.5226             0.0032                  0.89                 0.69                  1.58        0.0071            7.24
    4       3           39.4690         308.5226             0.0032                  0.89                 0.69                  1.58        0.0071            7.06
    5       3           39.3996         306.8188             0.0033                  0.89                 0.69                  1.58        0.0071            7.19
    6       3           39.3996         306.8188             0.0033                  0.89                 0.69                  1.58        0.0071            7.05
    7       3           39.5272         157.6944             0.0063                  1.50                 1.16                  2.66        0.0036            7.23
    8       3           39.5272         157.6944             0.0063                  1.50                 1.16                  2.66        0.0036            7.05
    9       3           39.3946         302.4823             0.0033                  0.89                 1.08                  1.97        0.0070            7.05
   10       3           39.5371         278.9322             0.0036                  2.06                 1.72                  3.78        0.0064            7.24
   11       3           39.5371         278.9322             0.0036                  2.06                 1.72                  3.78        0.0064            7.05
   12       4           39.4126         306.8705             0.0033                  0.89                 0.83                  1.72        0.0071            7.19
   13       4           39.4126         306.8705             0.0033                  0.89                 0.83                  1.72        0.0071            7.05
   14       4           39.5403         157.7462             0.0063                  1.50                 1.31                  2.81        0.0036            7.23
   15       4           39.5403         157.7462             0.0063                  1.50                 1.31                  2.81        0.0036            7.05
   16       4           39.4078         302.5516             0.0033                  0.89                 1.23                  2.12        0.0070            7.06
   17       4           39.4078         302.5516             0.0033                  0.89                 1.23                  2.12        0.0070            7.05
   18       4           39.4712         157.5064             0.0063                  1.50                 1.31                  2.81        0.0036            7.19
   19       4           39.4712         157.5064             0.0063                  1.50                 1.31                  2.81        0.0036            7.05
   20       4           39.5502         278.9841             0.0036                  2.06                 1.87                  3.93        0.0064            7.24
   21       4           39.6187         158.0759             0.0063                  2.68                 2.34                  5.01        0.0036            7.23
   22       4           39.5502         278.9841             0.0036                  2.06                 1.87                  3.93        0.0064            7.05
   23       4           39.6187         158.0759             0.0063                  2.68                 2.34                  5.01        0.0036            7.05
   24       4           39.5414         278.9490             0.0036                  2.06                 1.87                  3.93        0.0064            7.19
   25       4           39.5414         278.9490             0.0036                  2.06                 1.87                  3.93        0.0064            7.06
   26       4           39.5726         279.0736             0.0036                  2.06                 2.26                  4.32        0.0064            7.06
   27       4           39.4679         157.4760             0.0064                  1.50                 1.70                  3.20        0.0036            7.05
   28       5           39.4206         302.6031             0.0033                  0.89                 1.37                  2.26        0.0070            7.06
   29       5           39.4842         157.5581             0.0063                  1.50                 1.45                  2.96        0.0036            7.19
   30       5           39.4842         157.5581             0.0063                  1.50                 1.45                  2.96        0.0036            7.05
   31       5           39.6318         158.1278             0.0063                  2.68                 2.48                  5.16        0.0036            7.24
   32       5           39.6318         158.1278             0.0063                  2.68                 2.48                  5.16        0.0036            7.05
   33       5           39.5545         279.0009             0.0036                  2.06                 2.01                  4.07        0.0064            7.20
   34       5           39.5545         279.0009             0.0036                  2.06                 2.01                  4.07        0.0064            7.06
   35       5           39.5857         279.1255             0.0036                  2.06                 2.41                  4.47        0.0064            7.06
   36       5           39.5857         279.1255             0.0036                  2.06                 2.41                  4.47        0.0064            7.05
   37       5           39.4810         157.5278             0.0063                  1.50                 1.85                  3.35        0.0036            7.05
   38       5           39.4810         157.5278             0.0063                  1.50                 1.85                  3.35        0.0036            7.04
   39       5           39.6231         158.0927             0.0063                  2.68                 2.49                  5.16        0.0036            7.19
   40       5           39.6231         158.0927             0.0063                  2.68                 2.49                  5.16        0.0036            7.05
   41       5           39.6542         158.2173             0.0063                  2.68                 2.88                  5.55        0.0036            7.05
   42       6           39.5985         279.1769             0.0036                  2.06                 2.55                  4.61        0.0064            7.06
   43       6           39.4939         157.5793             0.0063                  1.50                 1.99                  3.50        0.0036            7.05
   44       6           39.6361         158.1446             0.0063                  2.68                 2.63                  5.31        0.0036            7.19
   45       6           39.6361         158.1446             0.0063                  2.68                 2.63                  5.31        0.0036            7.05
   46       6           39.6673         158.2692             0.0063                  2.68                 3.02                  5.70        0.0036            7.06
   47       6           39.6673         158.2692             0.0063                  2.68                 3.02                  5.70        0.0036            7.05
   48       7           39.6802         158.3206             0.0063                  2.68                 3.17                  5.85        0.0036            7.06

Summary Statistics:
------------------------------------------------------------------------------------------------------------------------
        Comp     Groups  Wall Time/Evt (s)  CPU Time/Evt (s)  Throughput (evt/s)  Write Remote (MB/evt)  Read Remote (MB/evt)  Net Transfer (MB/evt)  CPU Cores/Evt  Memory/Evt (MB)
count  48.00  48.000000          48.000000         48.000000           48.000000              48.000000             48.000000              48.000000      48.000000        48.000000
mean   24.50   4.333333          39.530678        225.184740            0.004880               1.782451              1.766016               3.548468       0.005186         7.106350
std    14.00   1.117241           0.083602         68.708564            0.001474               0.668887              0.727420               1.369678       0.001595         0.078389
min     1.00   2.000000          39.394647        157.475981            0.003241               0.888672              0.540679               1.429351       0.003622         7.045000
25%    12.75   4.000000          39.469047        157.993507            0.003513               1.350435              1.227453               2.563597       0.003623         7.051000
50%    24.50   4.000000          39.538714        218.626430            0.004951               1.782451              1.846314               3.637901       0.005029         7.055800
75%    36.25   5.000000          39.603588        285.003251            0.006329               2.214468              2.405234               4.712501       0.006574         7.191050
max    48.00   7.000000          39.680161        308.522613            0.006350               2.676230              3.170594               5.846825       0.007118         7.243200
