Workflow Construction Summary Table
========================================================================================================================

 Comp  Groups Wall Time/Evt (s) CPU Time/Evt (s) Throughput (evt/s) Write Remote (MB/evt) Read Remote (MB/evt) Net Transfer (MB/evt) CPU Cores/Evt Memory/Evt (MB)
    1       1            9.2122         589.5816             0.0017                  0.45                 0.00                  0.45        0.4923          492.31
    2       2            8.7405         556.1496             0.0018                  0.45                 0.06                  0.51        0.4888          489.00
    3       2            8.2660         501.5505             0.0020                  0.45                 0.38                  0.83        0.4655          468.22
    4       2            8.0020         256.2170             0.0039                  1.23                 0.78                  2.01        0.2249          229.17
    5       2            8.0021         199.8403             0.0050                  2.54                 2.09                  4.63        0.1860          229.67
    6       3            8.2399         501.4464             0.0020                  0.45                 0.44                  0.89        0.4655          468.10
    7       3            7.7885         239.3124             0.0042                  1.23                 0.84                  2.08        0.2214          225.88
    8       3            7.8663         187.9077             0.0053                  2.54                 2.15                  4.69        0.1828          226.71
    9       3            7.5919         202.4986             0.0049                  1.23                 1.16                  2.39        0.1982          205.13
   10       3            7.7659         157.2556             0.0064                  2.54                 2.47                  5.00        0.1594          205.76
   11       3            7.6895         168.9056             0.0059                  3.32                 2.87                  6.19        0.1563          170.27
   12       4            7.5658         202.3945             0.0049                  1.23                 1.22                  2.45        0.1982          205.01
   13       4            7.7399         157.1514             0.0064                  2.54                 2.53                  5.07        0.1594          205.65
   14       4            7.5538         156.9731             0.0064                  3.32                 2.93                  6.25        0.1531          167.31
   15       4            7.4534         126.3210             0.0079                  3.32                 3.25                  6.57        0.1297          146.36
   16       5            7.4273         126.2168             0.0079                  3.32                 3.31                  6.63        0.1297          146.25

Summary Statistics:
------------------------------------------------------------------------------------------------------------------------
            Comp     Groups  Wall Time/Evt (s)  CPU Time/Evt (s)  Throughput (evt/s)  Write Remote (MB/evt)  Read Remote (MB/evt)  Net Transfer (MB/evt)  CPU Cores/Evt  Memory/Evt (MB)
count  16.000000  16.000000          16.000000         16.000000           16.000000              16.000000             16.000000              16.000000      16.000000        16.000000
mean    8.500000   3.000000           7.931565        270.607629            0.004789               1.884766              1.655273               3.540039       0.250696       267.550200
std     4.760952   1.032796           0.485356        163.884074            0.002066               1.152134              1.168838               2.312666       0.138477       129.286605
min     1.000000   1.000000           7.427349        126.216825            0.001696               0.449219              0.000000               0.449219       0.129678       146.252800
25%     4.750000   2.000000           7.585347        157.229560            0.003426               1.035156              0.695801               1.730957       0.158596       196.328300
50%     8.500000   3.000000           7.777224        201.117360            0.004972               1.884766              1.655273               3.540039       0.192085       215.820400
75%    12.250000   4.000000           8.061533        317.524327            0.006360               2.734375              2.614746               5.349121       0.285088       289.276500
max    16.000000   5.000000           9.212212        589.581580            0.007923               3.320312              3.310547               6.630859       0.492314       492.313600
