Workflow Construction Summary Table
========================================================================================================================

 Comp  Groups Wall Time/Evt (s) CPU Time/Evt (s) Throughput (evt/s) Write Remote (MB/evt) Read Remote (MB/evt) Net Transfer (MB/evt) CPU Cores/Evt Memory/Evt (MB)
    1       1            9.2861          65.2199             0.0153                  0.45                 0.00                  0.45        0.0051            5.05
    2       2            9.2490          64.9570             0.0154                  0.45                 0.07                  0.52        0.0051            5.06
    3       2            9.2212          64.7748             0.0154                  0.45                 0.44                  0.89        0.0051            5.06
    4       2            9.2379          64.8832             0.0154                  2.53                 2.44                  4.97        0.0051            5.05
    5       2            9.2194          64.7698             0.0154                  1.23                 0.91                  2.14        0.0051            5.06
    6       3            9.2256          64.7999             0.0154                  0.45                 0.52                  0.97        0.0051            5.07
    7       3            9.2304          64.8336             0.0154                  2.53                 2.52                  5.05        0.0051            5.06
    8       3            9.1961          64.5918             0.0155                  1.23                 0.99                  2.21        0.0051            5.07
    9       3            9.2242          64.7958             0.0154                  2.53                 2.88                  5.41        0.0051            5.06
   10       3            9.1700          64.4036             0.0155                  1.22                 1.35                  2.58        0.0051            5.06
   11       3            9.2294          64.8301             0.0154                  3.29                 3.33                  6.63        0.0051            5.06
   12       4            9.2207          64.7658             0.0154                  2.53                 2.95                  5.48        0.0051            5.06
   13       4            9.1634          64.3727             0.0155                  1.22                 1.42                  2.65        0.0051            5.06
   14       4            9.2188          64.7561             0.0154                  3.29                 3.41                  6.70        0.0051            5.07
   15       4            9.2085          64.6900             0.0155                  3.30                 3.76                  7.06        0.0051            5.06
   16       5            9.2084          64.6740             0.0155                  3.31                 3.83                  7.14        0.0051            5.07

Summary Statistics:
------------------------------------------------------------------------------------------------------------------------
            Comp     Groups  Wall Time/Evt (s)  CPU Time/Evt (s)  Throughput (evt/s)  Write Remote (MB/evt)  Read Remote (MB/evt)  Net Transfer (MB/evt)  CPU Cores/Evt  Memory/Evt (MB)
count  16.000000  16.000000          16.000000         16.000000           16.000000              16.000000             16.000000              16.000000      16.000000        16.000000
mean    8.500000   3.000000           9.219311         64.757384            0.015442               1.875229              1.926597               3.801826       0.005061         5.060800
std     4.760952   1.032796           0.028646          0.199427            0.000048               1.144780              1.355393               2.491304       0.000005         0.004746
min     1.000000   1.000000           9.163389         64.372736            0.015333               0.447345              0.000000               0.447345       0.005053         5.052800
25%     4.750000   2.000000           9.208426         64.685989            0.015425               1.030008              0.812943               1.846153       0.005058         5.057600
50%     8.500000   3.000000           9.220960         64.772287            0.015439               1.877771              1.932580               3.808907       0.005061         5.060800
75%    12.250000   4.000000           9.229640         64.830953            0.015459               2.721015              3.047988               5.767194       0.005063         5.063200
max    16.000000   5.000000           9.286074         65.219922            0.015535               3.307905              3.829197               7.137102       0.005070         5.070400
