Workflow Construction Summary Table
========================================================================================================================

 Comp  Groups Wall Time/Evt (s) CPU Time/Evt (s) Throughput (evt/s) Write Remote (MB/evt) Read Remote (MB/evt) Net Transfer (MB/evt) CPU Cores/Evt Memory/Evt (MB)
    1       2           41.2993         317.5410             0.0031                  0.89                 0.55                  1.44        0.0221           22.52
    2       2           41.2993         317.5410             0.0031                  0.89                 0.55                  1.44        0.0221           21.95
    3       3           41.3082         317.5655             0.0031                  0.89                 0.70                  1.59        0.0222           22.53
    4       3           41.3082         317.5655             0.0031                  0.89                 0.70                  1.59        0.0222           21.96
    5       3           41.1377         315.0169             0.0032                  0.89                 0.70                  1.59        0.0221           22.40
    6       3           41.1377         315.0169             0.0032                  0.89                 0.70                  1.59        0.0221           21.96
    7       3           41.1580         161.0289             0.0062                  1.50                 1.18                  2.68        0.0113           22.49
    8       3           41.1580         161.0289             0.0062                  1.50                 1.18                  2.68        0.0113           21.92
    9       3           40.9759         309.5848             0.0032                  0.89                 1.10                  1.99        0.0218           21.96
   10       3           40.8711         283.8104             0.0035                  2.06                 1.75                  3.81        0.0200           22.52
   11       3           40.8711         283.8104             0.0035                  2.06                 1.75                  3.81        0.0200           21.96
   12       4           41.1401         315.0344             0.0032                  0.89                 0.85                  1.74        0.0221           22.41
   13       4           41.1401         315.0344             0.0032                  0.89                 0.85                  1.74        0.0221           21.97
   14       4           41.1494         161.0010             0.0062                  1.50                 1.33                  2.83        0.0113           22.49
   15       4           41.1494         161.0010             0.0062                  1.50                 1.33                  2.83        0.0113           21.92
   16       4           40.9765         309.5868             0.0032                  0.89                 1.25                  2.14        0.0218           21.95
   17       4           40.9765         309.5868             0.0032                  0.89                 1.25                  2.14        0.0218           21.96
   18       4           40.9921         160.3818             0.0062                  1.50                 1.33                  2.83        0.0113           22.37
   19       4           40.9921         160.3818             0.0062                  1.50                 1.33                  2.83        0.0113           21.93
   20       4           40.8564         283.7817             0.0035                  2.06                 1.89                  3.96        0.0200           22.52
   21       4           40.7305         159.3635             0.0063                  2.68                 2.38                  5.06        0.0113           22.49
   22       4           40.8564         283.7817             0.0035                  2.06                 1.89                  3.96        0.0200           21.96
   23       4           40.7305         159.3635             0.0063                  2.68                 2.38                  5.06        0.0113           21.92
   24       4           40.8214         283.6593             0.0035                  2.06                 1.90                  3.96        0.0200           22.38
   25       4           40.8214         283.6593             0.0035                  2.06                 1.90                  3.96        0.0200           21.95
   26       4           40.7999         283.5339             0.0035                  2.06                 2.30                  4.36        0.0200           21.93
   27       4           40.8325         159.7562             0.0063                  1.50                 1.73                  3.23        0.0113           21.93
   28       5           40.9657         309.5603             0.0032                  0.89                 1.40                  2.29        0.0218           21.96
   29       5           40.9865         160.3597             0.0062                  1.50                 1.48                  2.98        0.0113           22.37
   30       5           40.9865         160.3597             0.0062                  1.50                 1.48                  2.98        0.0113           21.94
   31       5           40.7131         159.3179             0.0063                  2.68                 2.53                  5.21        0.0113           22.48
   32       5           40.7131         159.3179             0.0063                  2.68                 2.53                  5.21        0.0113           21.91
   33       5           40.8132         283.6204             0.0035                  2.06                 2.05                  4.11        0.0200           22.38
   34       5           40.8132         283.6204             0.0035                  2.06                 2.05                  4.11        0.0200           21.95
   35       5           40.7727         283.4747             0.0035                  2.06                 2.45                  4.51        0.0200           21.95
   36       5           40.7727         283.4747             0.0035                  2.06                 2.45                  4.51        0.0200           21.93
   37       5           40.8239         159.7283             0.0063                  1.50                 1.88                  3.38        0.0113           21.93
   38       5           40.8239         159.7283             0.0063                  1.50                 1.88                  3.38        0.0113           21.92
   39       5           40.6713         159.1817             0.0063                  2.68                 2.53                  5.20        0.0113           22.34
   40       5           40.6713         159.1817             0.0063                  2.68                 2.53                  5.20        0.0113           21.92
   41       5           40.6669         159.1256             0.0063                  2.68                 2.93                  5.61        0.0113           21.91
   42       6           40.7806         283.4796             0.0035                  2.06                 2.60                  4.66        0.0200           21.94
   43       6           40.8096         159.6888             0.0063                  1.50                 2.02                  3.53        0.0113           21.92
   44       6           40.6658         159.1601             0.0063                  2.68                 2.68                  5.36        0.0113           22.35
   45       6           40.6658         159.1601             0.0063                  2.68                 2.68                  5.36        0.0113           21.91
   46       6           40.6468         159.0745             0.0063                  2.68                 3.08                  5.75        0.0113           21.92
   47       6           40.6468         159.0745             0.0063                  2.68                 3.08                  5.75        0.0113           21.91
   48       7           40.6478         159.0657             0.0063                  2.68                 3.23                  5.91        0.0113           21.91

Summary Statistics:
------------------------------------------------------------------------------------------------------------------------
        Comp     Groups  Wall Time/Evt (s)  CPU Time/Evt (s)  Throughput (evt/s)  Write Remote (MB/evt)  Read Remote (MB/evt)  Net Transfer (MB/evt)  CPU Cores/Evt  Memory/Evt (MB)
count  48.00  48.000000          48.000000         48.000000           48.000000              48.000000             48.000000              48.000000      48.000000        48.000000
mean   24.50   4.333333          40.907225        229.316079            0.004807               1.782451              1.797380               3.579831       0.016134        22.104608
std    14.00   1.117241           0.200576         71.124028            0.001472               0.668887              0.740080               1.381989       0.004972         0.245177
min     1.00   2.000000          40.646778        159.065715            0.003149               0.888672              0.550792               1.439464       0.011258        21.906200
25%    12.75   4.000000          40.762176        159.607501            0.003450               1.350435              1.253678               2.585646       0.011265        21.924900
50%    24.50   4.000000          40.844401        222.251800            0.004869               1.782451              1.876268               3.668491       0.015640        21.955000
75%    36.25   5.000000          41.028505        290.247868            0.006265               2.214468              2.447020               4.759119       0.020453        22.376150
max    48.00   7.000000          41.308187        317.565545            0.006287               2.676230              3.230042               5.906272       0.022150        22.532800
