Workflow Construction Summary Table
========================================================================================================================

 Comp  Groups Wall Time/Evt (s) CPU Time/Evt (s) Throughput (evt/s) Write Remote (MB/evt) Read Remote (MB/evt) Net Transfer (MB/evt) CPU Cores/Evt Memory/Evt (MB)
    1       1            7.4759          59.8069             0.0167                  0.45                 0.00                  0.45        0.0154           15.36
    2       2            7.3580          58.8643             0.0170                  0.45                 0.06                  0.51        0.0154           15.35
    3       2            7.1703          57.3624             0.0174                  1.23                 0.78                  2.01        0.0153           15.34
    4       2            7.2389          57.9115             0.0173                  0.45                 0.38                  0.83        0.0154           15.36
    5       2            7.1640          57.3117             0.0174                  2.54                 2.09                  4.63        0.0153           15.34
    6       3            7.2323          57.8583             0.0173                  0.45                 0.44                  0.89        0.0154           15.36
    7       3            7.1170          56.9358             0.0176                  1.23                 0.84                  2.08        0.0153           15.34
    8       3            7.0823          56.6587             0.0176                  3.32                 2.87                  6.19        0.0153           15.34
    9       3            7.1298          57.0385             0.0175                  2.54                 2.15                  4.69        0.0153           15.35
   10       3            7.1040          56.8321             0.0176                  2.54                 2.47                  5.00        0.0153           15.35
   11       3            7.0670          56.5357             0.0177                  1.23                 1.16                  2.39        0.0153           15.34
   12       4            7.0974          56.7788             0.0176                  2.54                 2.53                  5.07        0.0153           15.35
   13       4            7.0603          56.4825             0.0177                  1.23                 1.22                  2.45        0.0153           15.34
   14       4            7.0482          56.3855             0.0177                  3.32                 2.93                  6.25        0.0153           15.34
   15       4            7.0224          56.1791             0.0178                  3.32                 3.25                  6.57        0.0153           15.34
   16       5            7.0157          56.1258             0.0178                  3.32                 3.31                  6.63        0.0153           15.34

Summary Statistics:
------------------------------------------------------------------------------------------------------------------------
            Comp     Groups  Wall Time/Evt (s)  CPU Time/Evt (s)  Throughput (evt/s)  Write Remote (MB/evt)  Read Remote (MB/evt)  Net Transfer (MB/evt)  CPU Cores/Evt  Memory/Evt (MB)
count  16.000000  16.000000          16.000000         16.000000           16.000000              16.000000             16.000000              16.000000      16.000000        16.000000
mean    8.500000   3.000000           7.148966         57.191730            0.017490               1.884766              1.655273               3.540039       0.015345        15.345400
std     4.760952   1.032796           0.125252          1.002017            0.000300               1.152134              1.168838               2.312666       0.000007         0.006503
min     1.000000   1.000000           7.015731         56.125849            0.016720               0.449219              0.000000               0.449219       0.015339        15.339200
25%     4.750000   2.000000           7.065303         56.522427            0.017396               1.035156              0.695801               1.730957       0.015341        15.340800
50%     8.500000   3.000000           7.110492         56.883936            0.017580               1.884766              1.655273               3.540039       0.015343        15.343200
75%    12.250000   4.000000           7.185794         57.486353            0.017692               2.734375              2.614746               5.349121       0.015348        15.348000
max    16.000000   5.000000           7.475865         59.806919            0.017817               3.320312              3.310547               6.630859       0.015358        15.358400
