Workflow Construction Summary Table
========================================================================================================================

 Comp  Groups Wall Time/Evt (s) CPU Time/Evt (s) Throughput (evt/s) Write Remote (MB/evt) Read Remote (MB/evt) Net Transfer (MB/evt) CPU Cores/Evt Memory/Evt (MB)
    1       2           40.3668         161.4671             0.0062                  0.89                 0.54                  1.43        0.0216           43.11
    2       2           40.3668         161.4671             0.0062                  0.89                 0.54                  1.43        0.0216           43.11
    3       3           40.3706         161.4824             0.0062                  0.89                 0.68                  1.57        0.0216           43.11
    4       3           40.3706         161.4824             0.0062                  0.89                 0.68                  1.57        0.0216           43.11
    5       3           40.0586         160.2342             0.0062                  0.89                 0.68                  1.57        0.0215           43.02
    6       3           40.0586         160.2342             0.0062                  0.89                 0.68                  1.57        0.0215           43.02
    7       3           40.1713         160.6850             0.0062                  1.50                 1.15                  2.66        0.0215           42.94
    8       3           40.1713         160.6850             0.0062                  1.50                 1.15                  2.66        0.0215           42.94
    9       3           39.7842         159.1367             0.0063                  0.89                 1.07                  1.96        0.0215           43.09
   10       3           39.7233         158.8931             0.0063                  2.06                 1.71                  3.77        0.0215           43.03
   11       3           39.7233         158.8931             0.0063                  2.06                 1.71                  3.77        0.0215           43.03
   12       4           40.0624         160.2495             0.0062                  0.89                 0.83                  1.72        0.0215           43.02
   13       4           40.0624         160.2495             0.0062                  0.89                 0.83                  1.72        0.0215           43.02
   14       4           40.1751         160.7003             0.0062                  1.50                 1.30                  2.80        0.0215           42.94
   15       4           40.1751         160.7003             0.0062                  1.50                 1.30                  2.80        0.0215           42.94
   16       4           39.7880         159.1520             0.0063                  0.89                 1.22                  2.11        0.0215           43.09
   17       4           39.7880         159.1520             0.0063                  0.89                 1.22                  2.11        0.0215           43.09
   18       4           39.8727         159.4910             0.0063                  1.50                 1.30                  2.80        0.0215           43.06
   19       4           39.8727         159.4910             0.0063                  1.50                 1.30                  2.80        0.0215           43.06
   20       4           39.7271         158.9084             0.0063                  2.06                 1.86                  3.92        0.0215           43.03
   21       4           39.5947         158.3786             0.0063                  2.68                 2.32                  5.00        0.0215           42.94
   22       4           39.7271         158.9084             0.0063                  2.06                 1.86                  3.92        0.0215           43.03
   23       4           39.5947         158.3786             0.0063                  2.68                 2.32                  5.00        0.0215           42.94
   24       4           39.6746         158.6985             0.0063                  2.06                 1.86                  3.92        0.0215           43.04
   25       4           39.6746         158.6985             0.0063                  2.06                 1.86                  3.92        0.0215           43.04
   26       4           39.6661         158.6645             0.0063                  2.06                 2.25                  4.31        0.0215           43.03
   27       4           39.6031         158.4124             0.0063                  1.50                 1.69                  3.19        0.0215           42.93
   28       5           39.7918         159.1673             0.0063                  0.89                 1.37                  2.26        0.0215           43.09
   29       5           39.8766         159.5063             0.0063                  1.50                 1.45                  2.95        0.0215           43.06
   30       5           39.8766         159.5063             0.0063                  1.50                 1.45                  2.95        0.0215           43.06
   31       5           39.5985         158.3939             0.0063                  2.68                 2.47                  5.15        0.0215           42.94
   32       5           39.5985         158.3939             0.0063                  2.68                 2.47                  5.15        0.0215           42.94
   33       5           39.6784         158.7138             0.0063                  2.06                 2.00                  4.06        0.0215           43.04
   34       5           39.6784         158.7138             0.0063                  2.06                 2.00                  4.06        0.0215           43.04
   35       5           39.6699         158.6798             0.0063                  2.06                 2.39                  4.45        0.0215           43.03
   36       5           39.6699         158.6798             0.0063                  2.06                 2.39                  4.45        0.0215           43.03
   37       5           39.6069         158.4277             0.0063                  1.50                 1.84                  3.34        0.0215           42.94
   38       5           39.6069         158.4277             0.0063                  1.50                 1.84                  3.34        0.0215           42.94
   39       5           39.5460         158.1840             0.0063                  2.68                 2.47                  5.15        0.0215           42.94
   40       5           39.5460         158.1840             0.0063                  2.68                 2.47                  5.15        0.0215           42.94
   41       5           39.5375         158.1500             0.0063                  2.68                 2.86                  5.54        0.0215           42.94
   42       6           39.6738         158.6951             0.0063                  2.06                 2.54                  4.60        0.0215           43.03
   43       6           39.6108         158.4430             0.0063                  1.50                 1.98                  3.49        0.0215           42.94
   44       6           39.5498         158.1993             0.0063                  2.68                 2.62                  5.29        0.0215           42.94
   45       6           39.5498         158.1993             0.0063                  2.68                 2.62                  5.29        0.0215           42.94
   46       6           39.5413         158.1653             0.0063                  2.68                 3.01                  5.68        0.0215           42.94
   47       6           39.5413         158.1653             0.0063                  2.68                 3.01                  5.68        0.0215           42.94
   48       7           39.5451         158.1806             0.0063                  2.68                 3.15                  5.83        0.0215           42.94

Summary Statistics:
------------------------------------------------------------------------------------------------------------------------
        Comp     Groups  Wall Time/Evt (s)  CPU Time/Evt (s)  Throughput (evt/s)  Write Remote (MB/evt)  Read Remote (MB/evt)  Net Transfer (MB/evt)  CPU Cores/Evt  Memory/Evt (MB)
count  48.00  48.000000          48.000000         48.000000           48.000000              48.000000             48.000000              48.000000      48.000000        48.000000
mean   24.50   4.333333          39.802448        159.209792            0.006281               1.782451              1.756410               3.538861       0.021503        43.006933
std    14.00   1.117241           0.258158          1.032631            0.000040               0.668887              0.723768               1.366042       0.000032         0.063315
min     1.00   2.000000          39.537493        158.149971            0.006193               0.888672              0.537109               1.425781       0.021467        42.934400
25%    12.75   4.000000          39.601951        158.407804            0.006262               1.350435              1.220703               2.556826       0.021470        42.940400
50%    24.50   4.000000          39.700866        158.803462            0.006297               1.782451              1.836387               3.628379       0.021512        43.024800
75%    36.25   5.000000          39.922065        159.688262            0.006313               2.214468              2.392578               4.699932       0.021522        43.043200
max    48.00   7.000000          40.370595        161.482378            0.006323               2.676230              3.154746               5.830977       0.021557        43.113600
