Workflow Construction Summary Table
========================================================================================================================

 Comp  Groups Wall Time/Evt (s) CPU Time/Evt (s) Throughput (evt/s) Write Remote (MB/evt) Read Remote (MB/evt) Net Transfer (MB/evt) CPU Cores/Evt Memory/Evt (MB)
    1       1            7.1921         460.2965             0.0022                  0.45                 0.00                  0.45        0.0614           61.36
    2       2            7.1339         453.5024             0.0022                  0.45                 0.06                  0.51        0.0609           60.96
    3       2            7.0552         209.6441             0.0048                  1.23                 0.78                  2.01        0.0281           28.63
    4       2            7.0775         428.2924             0.0023                  0.45                 0.38                  0.83        0.0580           58.37
    5       2            7.0780         172.8460             0.0058                  2.54                 2.09                  4.63        0.0232           28.67
    6       3            7.0748         428.2817             0.0023                  0.45                 0.44                  0.89        0.0580           58.36
    7       3            7.0291         204.9075             0.0049                  1.23                 0.84                  2.08        0.0277           28.24
    8       3            7.0528         145.7678             0.0069                  3.32                 2.87                  6.19        0.0195           21.28
    9       3            7.0616         168.7254             0.0059                  2.54                 2.15                  4.69        0.0228           28.29
   10       3            7.0518         146.4976             0.0068                  2.54                 2.47                  5.00        0.0199           25.68
   11       3            7.0073         181.9063             0.0055                  1.23                 1.16                  2.39        0.0248           25.62
   12       4            7.0491         146.4868             0.0068                  2.54                 2.53                  5.07        0.0199           25.67
   13       4            7.0046         181.8956             0.0055                  1.23                 1.22                  2.45        0.0248           25.61
   14       4            7.0363         141.6472             0.0071                  3.32                 2.93                  6.25        0.0191           20.90
   15       4            7.0265         119.4193             0.0084                  3.32                 3.25                  6.57        0.0162           18.29
   16       5            7.0238         119.4086             0.0084                  3.32                 3.31                  6.63        0.0162           18.28

Summary Statistics:
------------------------------------------------------------------------------------------------------------------------
            Comp     Groups  Wall Time/Evt (s)  CPU Time/Evt (s)  Throughput (evt/s)  Write Remote (MB/evt)  Read Remote (MB/evt)  Net Transfer (MB/evt)  CPU Cores/Evt  Memory/Evt (MB)
count  16.000000  16.000000          16.000000         16.000000           16.000000              16.000000             16.000000              16.000000      16.000000        16.000000
mean    8.500000   3.000000           7.059654        231.845319            0.005358               1.884766              1.655273               3.540039       0.031287        33.389000
std     4.760952   1.032796           0.047493        128.470487            0.002116               1.152134              1.168838               2.312666       0.017243        16.096683
min     1.000000   1.000000           7.004564        119.408565            0.002173               0.449219              0.000000               0.449219       0.016206        18.278400
25%     4.750000   2.000000           7.028486        146.307042            0.004161               1.035156              0.695801               1.730957       0.019809        24.529600
50%     8.500000   3.000000           7.052263        177.370782            0.005642               1.884766              1.655273               3.540039       0.023994        26.958800
75%    12.250000   4.000000           7.075519        264.303484            0.006835               2.734375              2.614746               5.349121       0.035584        36.094400
max    16.000000   5.000000           7.192132        460.296460            0.008375               3.320312              3.310547               6.630859       0.061363        61.363200
