Workflow Construction Summary Table
========================================================================================================================

 Comp  Groups Wall Time/Evt (s) CPU Time/Evt (s) Throughput (evt/s) Write Remote (MB/evt) Read Remote (MB/evt) Net Transfer (MB/evt) CPU Cores/Evt Memory/Evt (MB)
    1       1            8.0545          64.4364             0.0155                  0.45                 0.00                  0.45        0.0308           30.78
    2       2            7.8183          62.5462             0.0160                  0.45                 0.06                  0.51        0.0308           30.76
    3       2            7.5799          60.6392             0.0165                  0.45                 0.38                  0.83        0.0308           30.78
    4       2            7.4318          59.4543             0.0168                  2.54                 2.09                  4.63        0.0307           30.70
    5       2            7.4429          59.5433             0.0168                  1.23                 0.78                  2.01        0.0307           30.72
    6       3            7.5666          60.5327             0.0165                  0.45                 0.44                  0.89        0.0308           30.78
    7       3            7.3635          58.9076             0.0170                  2.54                 2.15                  4.69        0.0307           30.70
    8       3            7.3358          58.6860             0.0170                  1.23                 0.84                  2.08        0.0307           30.70
    9       3            7.3121          58.4968             0.0171                  2.54                 2.47                  5.00        0.0307           30.70
   10       3            7.2363          57.8903             0.0173                  1.23                 1.16                  2.39        0.0307           30.72
   11       3            7.2700          58.1598             0.0172                  3.32                 2.87                  6.19        0.0307           30.71
   12       4            7.2988          58.3903             0.0171                  2.54                 2.53                  5.07        0.0307           30.70
   13       4            7.2230          57.7838             0.0173                  1.23                 1.22                  2.45        0.0307           30.72
   14       4            7.2016          57.6131             0.0174                  3.32                 2.93                  6.25        0.0307           30.71
   15       4            7.1503          57.2023             0.0175                  3.32                 3.25                  6.57        0.0307           30.71
   16       5            7.1370          57.0958             0.0175                  3.32                 3.31                  6.63        0.0307           30.71

Summary Statistics:
------------------------------------------------------------------------------------------------------------------------
            Comp     Groups  Wall Time/Evt (s)  CPU Time/Evt (s)  Throughput (evt/s)  Write Remote (MB/evt)  Read Remote (MB/evt)  Net Transfer (MB/evt)  CPU Cores/Evt  Memory/Evt (MB)
count  16.000000  16.000000          16.000000         16.000000           16.000000              16.000000             16.000000              16.000000      16.000000        16.000000
mean    8.500000   3.000000           7.401390         59.211120            0.016906               1.884766              1.655273               3.540039       0.030724        30.724000
std     4.760952   1.032796           0.249759          1.998074            0.000548               1.152134              1.168838               2.312666       0.000030         0.030075
min     1.000000   1.000000           7.136971         57.095767            0.015519               0.449219              0.000000               0.449219       0.030696        30.696000
25%     4.750000   2.000000           7.232959         57.863669            0.016726               1.035156              0.695801               1.730957       0.030702        30.702000
50%     8.500000   3.000000           7.323930         58.591440            0.017067               1.884766              1.655273               3.540039       0.030712        30.712000
75%    12.250000   4.000000           7.473831         59.790648            0.017282               2.734375              2.614746               5.349121       0.030730        30.730000
max    16.000000   5.000000           8.054549         64.436394            0.017514               3.320312              3.310547               6.630859       0.030776        30.776000
