Workflow Construction Summary Table
========================================================================================================================

 Comp  Groups Wall Time/Evt (s) CPU Time/Evt (s) Throughput (evt/s) Write Remote (MB/evt) Read Remote (MB/evt) Net Transfer (MB/evt) CPU Cores/Evt Memory/Evt (MB)
    1       1            7.8340         477.4335             0.0021                  0.45                 0.00                  0.45        0.0339           33.91
    2       2            7.8085         472.3274             0.0021                  0.45                 0.07                  0.51        0.0337           33.70
    3       2            7.8140         447.6553             0.0022                  0.45                 0.40                  0.85        0.0320           32.24
    4       2            7.9254         224.4001             0.0045                  1.23                 0.82                  2.05        0.0155           15.79
    5       2            8.2148         197.5472             0.0051                  2.54                 2.21                  4.75        0.0129           15.93
    6       3            7.8183         447.5852             0.0022                  0.45                 0.47                  0.92        0.0320           32.22
    7       3            7.9176         220.5623             0.0045                  1.23                 0.89                  2.12        0.0153           15.62
    8       3            8.2096         193.7396             0.0052                  2.54                 2.28                  4.81        0.0127           15.71
    9       3            7.9347         196.7203             0.0051                  1.23                 1.22                  2.45        0.0137           14.13
   10       3            8.2347         170.8472             0.0059                  2.54                 2.61                  5.14        0.0111           14.31
   11       3            8.3595         169.8528             0.0059                  3.32                 3.02                  6.34        0.0109           11.84
   12       4            7.9392         196.6740             0.0051                  1.23                 1.28                  2.51        0.0136           14.12
   13       4            8.2410         170.5810             0.0059                  2.54                 2.67                  5.21        0.0111           14.28
   14       4            8.3571         165.7609             0.0060                  3.32                 3.09                  6.41        0.0106           11.60
   15       4            8.3769         142.9375             0.0070                  3.32                 3.42                  6.74        0.0090           10.18
   16       5            8.3857         142.9359             0.0070                  3.32                 3.48                  6.80        0.0090           10.17

Summary Statistics:
------------------------------------------------------------------------------------------------------------------------
            Comp     Groups  Wall Time/Evt (s)  CPU Time/Evt (s)  Throughput (evt/s)  Write Remote (MB/evt)  Read Remote (MB/evt)  Net Transfer (MB/evt)  CPU Cores/Evt  Memory/Evt (MB)
count  16.000000  16.000000          16.000000         16.000000           16.000000              16.000000             16.000000              16.000000      16.000000        16.000000
mean    8.500000   3.000000           8.085701        252.347518            0.004731               1.884615              1.744680               3.629295       0.017325        18.484150
std     4.760952   1.032796           0.228831        126.836669            0.001688               1.152149              1.231305               2.374895       0.009495         8.868385
min     1.000000   1.000000           7.808515        142.935938            0.002095               0.449031              0.000000               0.449031       0.009031        10.167200
25%     4.750000   2.000000           7.896732        170.398962            0.003901               1.034855              0.732806               1.767962       0.011038        13.548400
50%     8.500000   3.000000           8.074387        196.697134            0.005084               1.884152              1.746880               3.631445       0.013288        14.965200
75%    12.250000   4.000000           8.270053        280.196421            0.005869               2.734375              2.759234               5.493609       0.019634        20.005300
max    16.000000   5.000000           8.385718        477.433489            0.006996               3.320312              3.484455               6.804767       0.033907        33.907200
