Workflow Construction Summary Table
========================================================================================================================

 Comp  Groups Wall Time/Evt (s) CPU Time/Evt (s) Throughput (evt/s) Write Remote (MB/evt) Read Remote (MB/evt) Net Transfer (MB/evt) CPU Cores/Evt Memory/Evt (MB)
    1       1           10.6503          74.7686             0.0134                  0.45                 0.00                  0.45        0.0407           40.67
    2       2           10.3383          72.3353             0.0138                  0.45                 0.07                  0.52        0.0405           40.52
    3       2           10.0285          68.3869             0.0146                  0.45                 0.44                  0.89        0.0395           39.49
    4       2            9.8683          58.8910             0.0170                  2.53                 2.44                  4.97        0.0346           36.95
    5       2            9.8386          52.6779             0.0190                  1.22                 0.91                  2.13        0.0314           26.62
    6       3           10.0105          67.4658             0.0148                  0.45                 0.51                  0.96        0.0390           39.50
    7       3            9.7815          58.5981             0.0171                  2.53                 2.51                  5.05        0.0346           36.84
    8       3            9.7025          52.2089             0.0192                  1.22                 0.98                  2.20        0.0314           26.50
    9       3            9.7010          58.2981             0.0172                  2.53                 2.87                  5.40        0.0346           35.78
   10       3            9.5954          51.8346             0.0193                  1.23                 1.35                  2.58        0.0314           25.59
   11       3            9.6554          52.0184             0.0192                  3.30                 3.33                  6.63        0.0313           25.83
   12       4            9.7002          57.3991             0.0174                  2.53                 2.96                  5.49        0.0340           35.78
   13       4            9.5657          50.8587             0.0197                  1.23                 1.42                  2.65        0.0308           25.54
   14       4            9.5726          51.7403             0.0193                  3.30                 3.40                  6.70        0.0313           25.70
   15       4            9.4969          51.4554             0.0194                  3.30                 3.77                  7.07        0.0313           24.64
   16       5            9.4889          50.5964             0.0198                  3.31                 3.85                  7.16        0.0309           24.74

Summary Statistics:
------------------------------------------------------------------------------------------------------------------------
            Comp     Groups  Wall Time/Evt (s)  CPU Time/Evt (s)  Throughput (evt/s)  Write Remote (MB/evt)  Read Remote (MB/evt)  Net Transfer (MB/evt)  CPU Cores/Evt  Memory/Evt (MB)
count  16.000000  16.000000          16.000000         16.000000           16.000000              16.000000             16.000000              16.000000      16.000000        16.000000
mean    8.500000   3.000000           9.812161         58.095835            0.017507               1.876686              1.926159               3.802845       0.034205        31.918000
std     4.760952   1.032796           0.316298          8.202073            0.002230               1.145731              1.358804               2.495433       0.003690         6.648402
min     1.000000   1.000000           9.488916         50.596415            0.013375               0.448183              0.000000               0.448284       0.030842        24.644000
25%     4.750000   2.000000           9.589677         51.810999            0.016441               1.030092              0.808928               1.839020       0.031336        25.675750
50%     8.500000   3.000000           9.701748         55.038501            0.018203               1.878376              1.931102               3.809787       0.032713        31.197500
75%    12.250000   4.000000           9.903861         61.034729            0.019301               2.723667              3.053500               5.778515       0.035707        37.583250
max    16.000000   5.000000          10.650315         74.768583            0.019764               3.307402              3.850520               7.157921       0.040672        40.672000
