Workflow Construction Summary Table
========================================================================================================================

 Comp  Groups Wall Time/Evt (s) CPU Time/Evt (s) Throughput (evt/s) Write Remote (MB/evt) Read Remote (MB/evt) Net Transfer (MB/evt) CPU Cores/Evt Memory/Evt (MB)
    1       1            8.4576          66.0461             0.0151                  0.45                 0.00                  0.45        0.0323           32.31
    2       2            8.2098          64.1102             0.0156                  0.45                 0.07                  0.51        0.0323           32.30
    3       2            7.9590          62.1518             0.0161                  0.45                 0.38                  0.83        0.0323           32.31
    4       2            7.7980          60.9019             0.0164                  2.54                 2.15                  4.69        0.0322           32.22
    5       2            7.8139          61.0193             0.0164                  1.23                 0.80                  2.03        0.0322           32.25
    6       3            7.9449          62.0421             0.0161                  0.45                 0.45                  0.90        0.0323           32.31
    7       3            7.7264          60.3424             0.0166                  2.54                 2.21                  4.75        0.0322           32.23
    8       3            7.7009          60.1391             0.0166                  1.23                 0.87                  2.10        0.0322           32.24
    9       3            7.6716          59.9167             0.0167                  2.54                 2.53                  5.07        0.0322           32.22
   10       3            7.5962          59.3210             0.0169                  1.23                 1.19                  2.42        0.0322           32.25
   11       3            7.6268          59.5627             0.0168                  3.32                 2.95                  6.27        0.0322           32.23
   12       4            7.6578          59.8079             0.0167                  2.54                 2.60                  5.14        0.0322           32.23
   13       4            7.5818          59.2085             0.0169                  1.23                 1.25                  2.48        0.0322           32.25
   14       4            7.5555          59.0045             0.0169                  3.32                 3.01                  6.33        0.0322           32.24
   15       4            7.5020          58.5852             0.0171                  3.32                 3.33                  6.65        0.0322           32.24
   16       5            7.4871          58.4723             0.0171                  3.32                 3.40                  6.72        0.0322           32.24

Summary Statistics:
------------------------------------------------------------------------------------------------------------------------
            Comp     Groups  Wall Time/Evt (s)  CPU Time/Evt (s)  Throughput (evt/s)  Write Remote (MB/evt)  Read Remote (MB/evt)  Net Transfer (MB/evt)  CPU Cores/Evt  Memory/Evt (MB)
count  16.000000  16.000000          16.000000         16.000000           16.000000              16.000000             16.000000              16.000000      16.000000        16.000000
mean    8.500000   3.000000           7.768087         60.664486            0.016501               1.884753              1.699399               3.584153       0.032253        32.253400
std     4.760952   1.032796           0.264330          2.062751            0.000539               1.152124              1.199877               2.343574       0.000034         0.034365
min     1.000000   1.000000           7.487144         58.472301            0.015141               0.449219              0.000000               0.449219       0.032219        32.219200
25%     4.750000   2.000000           7.592598         59.292855            0.016321               1.035119              0.714050               1.749206       0.032227        32.227200
50%     8.500000   3.000000           7.686273         60.027877            0.016659               1.884766              1.699414               3.584154       0.032239        32.239200
75%    12.250000   4.000000           7.846631         61.275040            0.016865               2.734357              2.685438               5.419795       0.032263        32.263200
max    16.000000   5.000000           8.457630         66.046141            0.017102               3.320312              3.398454               6.718766       0.032312        32.312000
