Workflow Construction Summary Table
========================================================================================================================

 Comp  Groups Wall Time/Evt (s) CPU Time/Evt (s) Throughput (evt/s) Write Remote (MB/evt) Read Remote (MB/evt) Net Transfer (MB/evt) CPU Cores/Evt Memory/Evt (MB)
    1       1            7.5207          60.1659             0.0166                  0.45                 0.00                  0.45        0.0154           15.36
    2       2            7.4093          59.2741             0.0169                  0.45                 0.06                  0.51        0.0154           15.35
    3       2            7.3214          58.5710             0.0171                  0.45                 0.38                  0.83        0.0154           15.36
    4       2            7.6264          61.0111             0.0164                  2.54                 2.09                  4.63        0.0153           15.34
    5       2            7.3713          58.9701             0.0170                  1.23                 0.78                  2.01        0.0153           15.34
    6       3            7.3211          58.5685             0.0171                  0.45                 0.44                  0.89        0.0154           15.36
    7       3            7.5986          60.7887             0.0165                  2.54                 2.15                  4.69        0.0153           15.35
    8       3            7.3243          58.5943             0.0171                  1.23                 0.84                  2.08        0.0153           15.34
    9       3            7.6040          60.8320             0.0164                  2.54                 2.47                  5.00        0.0153           15.35
   10       3            7.3055          58.4440             0.0171                  1.23                 1.16                  2.39        0.0153           15.34
   11       3            7.7009          61.6069             0.0162                  3.32                 2.87                  6.19        0.0153           15.34
   12       4            7.6037          60.8295             0.0164                  2.54                 2.53                  5.07        0.0153           15.35
   13       4            7.3052          58.4415             0.0171                  1.23                 1.22                  2.45        0.0153           15.34
   14       4            7.6731          61.3844             0.0163                  3.32                 2.93                  6.25        0.0153           15.34
   15       4            7.6785          61.4277             0.0163                  3.32                 3.25                  6.57        0.0153           15.34
   16       5            7.6782          61.4252             0.0163                  3.32                 3.31                  6.63        0.0153           15.34

Summary Statistics:
------------------------------------------------------------------------------------------------------------------------
            Comp     Groups  Wall Time/Evt (s)  CPU Time/Evt (s)  Throughput (evt/s)  Write Remote (MB/evt)  Read Remote (MB/evt)  Net Transfer (MB/evt)  CPU Cores/Evt  Memory/Evt (MB)
count  16.000000  16.000000          16.000000         16.000000           16.000000              16.000000             16.000000              16.000000      16.000000        16.000000
mean    8.500000   3.000000           7.502616         60.020929            0.016668               1.884766              1.655273               3.540039       0.015345        15.345400
std     4.760952   1.032796           0.158503          1.268023            0.000353               1.152134              1.168838               2.312666       0.000007         0.006503
min     1.000000   1.000000           7.305185         58.441482            0.016232               0.449219              0.000000               0.449219       0.015339        15.339200
25%     4.750000   2.000000           7.323560         58.588476            0.016366               1.035156              0.695801               1.730957       0.015341        15.340800
50%     8.500000   3.000000           7.559662         60.477297            0.016536               1.884766              1.655273               3.540039       0.015343        15.343200
75%    12.250000   4.000000           7.638053         61.104424            0.017068               2.734375              2.614746               5.349121       0.015348        15.348000
max    16.000000   5.000000           7.700857         61.606853            0.017111               3.320312              3.310547               6.630859       0.015358        15.358400
