Workflow Construction Summary Table
========================================================================================================================

 Comp  Groups Wall Time/Evt (s) CPU Time/Evt (s) Throughput (evt/s) Write Remote (MB/evt) Read Remote (MB/evt) Net Transfer (MB/evt) CPU Cores/Evt Memory/Evt (MB)
    1       1            8.9891         546.7976             0.0018                  0.45                 0.00                  0.45        0.2732          273.22
    2       2            8.7340         527.5739             0.0019                  0.45                 0.07                  0.52        0.2713          271.40
    3       2            8.5041         487.2792             0.0021                  0.45                 0.40                  0.85        0.2582          259.72
    4       2            8.4825         249.9866             0.0040                  1.23                 0.82                  2.06        0.1251          127.41
    5       2            8.7576         211.7848             0.0047                  2.54                 2.21                  4.75        0.1034          127.55
    6       3            8.4950         487.2454             0.0021                  0.45                 0.46                  0.91        0.2583          259.68
    7       3            8.3715         239.5179             0.0042                  1.23                 0.89                  2.12        0.1232          125.65
    8       3            8.6881         203.8575             0.0049                  2.54                 2.27                  4.81        0.1016          125.84
    9       3            8.2957         208.6989             0.0048                  1.23                 1.22                  2.45        0.1102          114.08
   10       3            8.6664         176.4141             0.0057                  2.54                 2.61                  5.15        0.0886          114.25
   11       3            8.7524         182.2528             0.0055                  3.32                 3.03                  6.35        0.0870           94.79
   12       4            8.2874         208.7273             0.0048                  1.23                 1.29                  2.52        0.1103          114.08
   13       4            8.6585         176.2936             0.0057                  2.54                 2.67                  5.21        0.0885          114.12
   14       4            8.6817         174.2914             0.0057                  3.32                 3.10                  6.42        0.0852           93.05
   15       4            8.6594         146.8470             0.0068                  3.32                 3.43                  6.75        0.0723           81.51
   16       5            8.6516         146.8063             0.0068                  3.32                 3.50                  6.82        0.0723           81.44

Summary Statistics:
------------------------------------------------------------------------------------------------------------------------
            Comp     Groups  Wall Time/Evt (s)  CPU Time/Evt (s)  Throughput (evt/s)  Write Remote (MB/evt)  Read Remote (MB/evt)  Net Transfer (MB/evt)  CPU Cores/Evt  Memory/Evt (MB)
count  16.000000  16.000000          16.000000         16.000000           16.000000              16.000000             16.000000              16.000000      16.000000        16.000000
mean    8.500000   3.000000           8.604685        273.398398            0.004463               1.884529              1.749108               3.633637       0.139285       148.612225
std     4.760952   1.032796           0.186564        145.723535            0.001684               1.152001              1.235191               2.378623       0.076728        71.637939
min     1.000000   1.000000           8.287376        146.806311            0.001829               0.449156              0.000000               0.449195       0.072251        81.439600
25%     4.750000   2.000000           8.491890        176.383973            0.003513               1.034962              0.734904               1.769855       0.088150       109.257100
50%     8.500000   3.000000           8.658954        208.713106            0.004791               1.884425              1.748660               3.633100       0.106817       119.950800
75%    12.250000   4.000000           8.699571        309.301325            0.005669               2.733822              2.763093               5.497074       0.158359       160.582100
max    16.000000   5.000000           8.989063        546.797568            0.006812               3.320312              3.498953               6.819191       0.273216       273.216000
