Workflow Construction Summary Table
========================================================================================================================

 Comp  Groups Wall Time/Evt (s) CPU Time/Evt (s) Throughput (evt/s) Write Remote (MB/evt) Read Remote (MB/evt) Net Transfer (MB/evt) CPU Cores/Evt Memory/Evt (MB)
    1       1            7.4184          57.2735             0.0175                  0.45                 0.00                  0.45        0.0007            0.69
    2       2            7.4184          57.0736             0.0175                  0.45                 0.06                  0.51        0.0007            0.70
    3       2            7.4184          55.6736             0.0180                  0.45                 0.38                  0.83        0.0007            0.68
    4       2            7.4184          49.1007             0.0204                  2.54                 2.13                  4.67        0.0006            0.64
    5       2            7.4184          44.7007             0.0224                  1.23                 0.79                  2.02        0.0005            0.45
    6       3            7.4184          54.9736             0.0182                  0.45                 0.44                  0.89        0.0007            0.68
    7       3            7.4184          49.1007             0.0204                  2.54                 2.20                  4.74        0.0006            0.63
    8       3            7.4184          44.7007             0.0224                  1.23                 0.86                  2.09        0.0006            0.46
    9       3            7.4184          49.1007             0.0204                  2.54                 2.52                  5.06        0.0006            0.61
   10       3            7.4184          44.7007             0.0224                  1.23                 1.17                  2.40        0.0005            0.43
   11       3            7.4184          44.7007             0.0224                  3.32                 2.92                  6.24        0.0005            0.45
   12       4            7.4184          48.4007             0.0207                  2.54                 2.59                  5.12        0.0006            0.62
   13       4            7.4184          44.0007             0.0227                  1.23                 1.23                  2.46        0.0005            0.44
   14       4            7.4263          44.7165             0.0224                  3.32                 2.99                  6.31        0.0006            0.46
   15       4            7.4184          44.7007             0.0224                  3.32                 3.30                  6.62        0.0006            0.43
   16       5            7.4771          44.0594             0.0227                  3.32                 3.40                  6.72        0.0006            0.45

Summary Statistics:
------------------------------------------------------------------------------------------------------------------------
            Comp     Groups  Wall Time/Evt (s)  CPU Time/Evt (s)  Throughput (evt/s)  Write Remote (MB/evt)  Read Remote (MB/evt)  Net Transfer (MB/evt)  CPU Cores/Evt  Memory/Evt (MB)
count  16.000000  16.000000          16.000000         16.000000           16.000000              16.000000             16.000000              16.000000      16.000000        16.000000
mean    8.500000   3.000000           7.422545         48.561091            0.020783               1.884766              1.686028               3.570793       0.000595         0.551250
std     4.760952   1.032796           0.014673          4.975464            0.001991               1.152134              1.195305               2.338977       0.000057         0.112233
min     1.000000   1.000000           7.418369         44.000731            0.017460               0.449219              0.000000               0.449219       0.000542         0.431000
25%     4.750000   2.000000           7.418381         44.700731            0.019822               1.035156              0.703966               1.739122       0.000551         0.445000
50%     8.500000   3.000000           7.418384         46.558634            0.021512               1.884766              1.684094               3.568859       0.000577         0.536500
75%    12.250000   4.000000           7.418388         50.568940            0.022371               2.734375              2.668351               5.402726       0.000618         0.651500
max    16.000000   5.000000           7.477072         57.273478            0.022727               3.320312              3.398495               6.718807       0.000696         0.696000
