Workflow Construction Summary Table
========================================================================================================================

 Comp  Groups Wall Time/Evt (s) CPU Time/Evt (s) Throughput (evt/s) Write Remote (MB/evt) Read Remote (MB/evt) Net Transfer (MB/evt) CPU Cores/Evt Memory/Evt (MB)
    1       1           10.2040          77.6655             0.0129                  0.45                 0.00                  0.45        0.0682           68.17
    2       2            9.6825          73.6930             0.0136                  0.45                 0.07                  0.51        0.0682           68.16
    3       2            9.1550          69.6849             0.0144                  0.45                 0.40                  0.85        0.0682           68.17
    4       2            8.8648          67.4696             0.0148                  2.54                 2.20                  4.74        0.0681           68.14
    5       2            8.8666          67.4760             0.0148                  1.23                 0.82                  2.06        0.0681           68.13
    6       3            9.1259          69.4646             0.0144                  0.45                 0.47                  0.92        0.0682           68.19
    7       3            8.7139          66.3226             0.0151                  2.54                 2.27                  4.81        0.0682           68.18
    8       3            8.6283          65.6662             0.0152                  1.23                 0.89                  2.12        0.0681           68.14
    9       3            8.6014          65.4711             0.0153                  2.54                 2.60                  5.14        0.0682           68.18
   10       3            8.4100          64.0063             0.0156                  1.23                 1.22                  2.45        0.0681           68.14
   11       3            8.5197          64.8396             0.0154                  3.32                 3.03                  6.35        0.0681           68.13
   12       4            8.5731          65.2498             0.0153                  2.54                 2.66                  5.20        0.0682           68.18
   13       4            8.3810          63.7855             0.0157                  1.23                 1.29                  2.52        0.0682           68.15
   14       4            8.3690          63.6939             0.0157                  3.32                 3.10                  6.42        0.0682           68.18
   15       4            8.2563          62.8408             0.0159                  3.32                 3.42                  6.74        0.0682           68.15
   16       5            8.2287          62.6271             0.0160                  3.32                 3.49                  6.81        0.0682           68.19

Summary Statistics:
------------------------------------------------------------------------------------------------------------------------
            Comp     Groups  Wall Time/Evt (s)  CPU Time/Evt (s)  Throughput (evt/s)  Write Remote (MB/evt)  Read Remote (MB/evt)  Net Transfer (MB/evt)  CPU Cores/Evt  Memory/Evt (MB)
count  16.000000  16.000000          16.000000         16.000000           16.000000              16.000000             16.000000              16.000000      16.000000        16.000000
mean    8.500000   3.000000           8.786257         66.872276            0.015003               1.884718              1.745463               3.630181       0.068161        68.161000
std     4.760952   1.032796           0.537254          4.090413            0.000854               1.152147              1.232246               2.375876       0.000021         0.021241
min     1.000000   1.000000           8.228698         62.627067            0.012876               0.449219              0.000000               0.449219       0.068128        68.128000
25%     4.750000   2.000000           8.402761         63.951093            0.014714               1.035018              0.734930               1.770086       0.068144        68.144000
50%     8.500000   3.000000           8.614841         65.568648            0.015251               1.884660              1.746258               3.630932       0.068164        68.164000
75%    12.250000   4.000000           8.931415         67.973136            0.015637               2.734375              2.753967               5.488184       0.068176        68.176000
max    16.000000   5.000000          10.203992         77.665536            0.015968               3.320312              3.490809               6.811121       0.068192        68.192000
