Workflow Construction Summary Table
========================================================================================================================

 Comp  Groups Wall Time/Evt (s) CPU Time/Evt (s) Throughput (evt/s) Write Remote (MB/evt) Read Remote (MB/evt) Net Transfer (MB/evt) CPU Cores/Evt Memory/Evt (MB)
    1       1            8.0539         515.4499             0.0019                  0.45                 0.00                  0.45        0.2462          246.16
    2       2            7.8178         497.2356             0.0020                  0.45                 0.06                  0.51        0.2444          244.50
    3       2            7.5789         459.4486             0.0022                  0.45                 0.38                  0.83        0.2328          234.11
    4       2            7.4409         228.8185             0.0044                  1.23                 0.78                  2.01        0.1125          114.58
    5       2            7.4275         182.6348             0.0055                  2.54                 2.09                  4.63        0.0929          114.71
    6       3            7.5656         459.3953             0.0022                  0.45                 0.44                  0.89        0.2328          234.05
    7       3            7.3338         218.8678             0.0046                  1.23                 0.84                  2.08        0.1107          112.93
    8       3            7.3591         175.1624             0.0057                  2.54                 2.15                  4.69        0.0913          113.17
    9       3            7.2340         189.9736             0.0053                  1.23                 1.16                  2.39        0.0991          102.55
   10       3            7.3075         149.3540             0.0067                  2.54                 2.47                  5.00        0.0796          102.72
   11       3            7.2642         153.8400             0.0065                  3.32                 2.87                  6.19        0.0781           85.13
   12       4            7.2206         189.9202             0.0053                  1.23                 1.22                  2.45        0.0991          102.50
   13       4            7.2942         149.3006             0.0067                  2.54                 2.53                  5.07        0.0796          102.66
   14       4            7.1959         146.3676             0.0068                  3.32                 2.93                  6.25        0.0765           83.58
   15       4            7.1442         120.5592             0.0083                  3.32                 3.25                  6.57        0.0648           73.13
   16       5            7.1309         120.5058             0.0083                  3.32                 3.31                  6.63        0.0648           73.08

Summary Statistics:
------------------------------------------------------------------------------------------------------------------------
            Comp     Groups  Wall Time/Evt (s)  CPU Time/Evt (s)  Throughput (evt/s)  Write Remote (MB/evt)  Read Remote (MB/evt)  Net Transfer (MB/evt)  CPU Cores/Evt  Memory/Evt (MB)
count  16.000000  16.000000          16.000000         16.000000           16.000000              16.000000             16.000000              16.000000      16.000000        16.000000
mean    8.500000   3.000000           7.398057        247.302111            0.005142               1.884766              1.655273               3.540039       0.125312       133.722300
std     4.760952   1.032796           0.251321        144.161289            0.002136               1.152134              1.168838               2.312666       0.069263        64.671555
min     1.000000   1.000000           7.130883        120.505821            0.001940               0.449219              0.000000               0.449219       0.064791        73.075200
25%     4.750000   2.000000           7.230636        149.340615            0.003822               1.035156              0.695801               1.730957       0.079219        98.156300
50%     8.500000   3.000000           7.320666        186.277480            0.005370               1.884766              1.655273               3.540039       0.096011       107.823800
75%    12.250000   4.000000           7.472048        286.462701            0.006696               2.734375              2.614746               5.349121       0.142541       144.548500
max    16.000000   5.000000           8.053905        515.449915            0.008298               3.320312              3.310547               6.630859       0.246157       246.156800
