Workflow Construction Summary Table
========================================================================================================================

 Comp  Groups Wall Time/Evt (s) CPU Time/Evt (s) Throughput (evt/s) Write Remote (MB/evt) Read Remote (MB/evt) Net Transfer (MB/evt) CPU Cores/Evt Memory/Evt (MB)
    1       2           39.8147         158.4900             0.0063                  0.89                 0.54                  1.43        0.0109           21.72
    2       2           39.8147         158.4900             0.0063                  0.89                 0.54                  1.43        0.0109           21.72
    3       3           39.8092         158.4682             0.0063                  0.89                 0.69                  1.58        0.0109           21.72
    4       3           39.8092         158.4682             0.0063                  0.89                 0.69                  1.58        0.0109           21.72
    5       3           39.6536         157.8491             0.0063                  0.89                 0.69                  1.58        0.0109           21.73
    6       3           39.6536         157.8491             0.0063                  0.89                 0.69                  1.58        0.0109           21.73
    7       3           39.6565         157.8593             0.0063                  1.50                 1.16                  2.66        0.0108           21.68
    8       3           39.6565         157.8593             0.0063                  1.50                 1.16                  2.66        0.0108           21.68
    9       3           39.4945         157.2154             0.0064                  0.89                 1.08                  1.97        0.0109           21.71
   10       3           39.3706         156.7274             0.0064                  2.06                 1.72                  3.78        0.0108           21.69
   11       3           39.3706         156.7274             0.0064                  2.06                 1.72                  3.78        0.0108           21.69
   12       4           39.6482         157.8273             0.0063                  0.89                 0.83                  1.72        0.0109           21.73
   13       4           39.6482         157.8273             0.0063                  0.89                 0.83                  1.72        0.0109           21.73
   14       4           39.6510         157.8375             0.0063                  1.50                 1.31                  2.81        0.0108           21.69
   15       4           39.6510         157.8375             0.0063                  1.50                 1.31                  2.81        0.0108           21.69
   16       4           39.4890         157.1935             0.0064                  0.89                 1.23                  2.12        0.0109           21.72
   17       4           39.4890         157.1935             0.0064                  0.89                 1.23                  2.12        0.0109           21.72
   18       4           39.4971         157.2250             0.0064                  1.50                 1.31                  2.81        0.0108           21.70
   19       4           39.4971         157.2250             0.0064                  1.50                 1.31                  2.81        0.0108           21.70
   20       4           39.3680         156.7115             0.0064                  2.06                 1.86                  3.92        0.0108           21.70
   21       4           39.2443         156.2244             0.0064                  2.68                 2.33                  5.01        0.0108           21.68
   22       4           39.3680         156.7115             0.0064                  2.06                 1.86                  3.92        0.0108           21.70
   23       4           39.2443         156.2244             0.0064                  2.68                 2.33                  5.01        0.0108           21.68
   24       4           39.3387         156.6003             0.0064                  2.06                 1.86                  3.92        0.0108           21.70
   25       4           39.3387         156.6003             0.0064                  2.06                 1.86                  3.92        0.0108           21.70
   26       4           39.3177         156.5109             0.0064                  2.06                 2.26                  4.32        0.0108           21.70
   27       4           39.3427         156.6100             0.0064                  1.50                 1.70                  3.20        0.0108           21.68
   28       5           39.4835         157.1715             0.0064                  0.89                 1.37                  2.26        0.0109           21.71
   29       5           39.4917         157.2032             0.0064                  1.50                 1.45                  2.96        0.0108           21.70
   30       5           39.4917         157.2032             0.0064                  1.50                 1.45                  2.96        0.0108           21.70
   31       5           39.2418         156.2085             0.0064                  2.68                 2.48                  5.16        0.0108           21.69
   32       5           39.2418         156.2085             0.0064                  2.68                 2.48                  5.16        0.0108           21.69
   33       5           39.3362         156.5844             0.0064                  2.06                 2.01                  4.07        0.0109           21.70
   34       5           39.3362         156.5844             0.0064                  2.06                 2.01                  4.07        0.0109           21.70
   35       5           39.3123         156.4892             0.0064                  2.06                 2.40                  4.46        0.0108           21.70
   36       5           39.3123         156.4892             0.0064                  2.06                 2.40                  4.46        0.0108           21.70
   37       5           39.3372         156.5881             0.0064                  1.50                 1.85                  3.35        0.0108           21.69
   38       5           39.3372         156.5881             0.0064                  1.50                 1.85                  3.35        0.0108           21.69
   39       5           39.2125         156.0974             0.0064                  2.68                 2.48                  5.16        0.0108           21.68
   40       5           39.2125         156.0974             0.0064                  2.68                 2.48                  5.16        0.0108           21.68
   41       5           39.1886         156.0021             0.0064                  2.68                 2.87                  5.55        0.0108           21.68
   42       6           39.3068         156.4675             0.0064                  2.06                 2.55                  4.61        0.0109           21.70
   43       6           39.3317         156.5662             0.0064                  1.50                 1.99                  3.50        0.0108           21.68
   44       6           39.2099         156.0815             0.0064                  2.68                 2.63                  5.31        0.0108           21.69
   45       6           39.2099         156.0815             0.0064                  2.68                 2.63                  5.31        0.0108           21.69
   46       6           39.1802         155.9746             0.0064                  2.68                 3.02                  5.70        0.0108           21.68
   47       6           39.1802         155.9746             0.0064                  2.68                 3.02                  5.70        0.0108           21.68
   48       7           39.1777         155.9587             0.0064                  2.68                 3.17                  5.84        0.0108           21.69

Summary Statistics:
------------------------------------------------------------------------------------------------------------------------
        Comp     Groups  Wall Time/Evt (s)  CPU Time/Evt (s)  Throughput (evt/s)  Write Remote (MB/evt)  Read Remote (MB/evt)  Net Transfer (MB/evt)  CPU Cores/Evt  Memory/Evt (MB)
count  48.00  48.000000          48.000000         48.000000           48.000000              48.000000             48.000000              48.000000      48.000000        48.000000
mean   24.50   4.333333          39.424346        156.937145            0.006372               1.782451              1.764530               3.546981       0.010849        21.698133
std    14.00   1.117241           0.191595          0.761392            0.000031               0.668887              0.726770               1.368949       0.000007         0.014024
min     1.00   2.000000          39.177660        155.958710            0.006310               0.888672              0.540084               1.428756       0.010841        21.681600
25%    12.75   4.000000          39.291188        156.406700            0.006354               1.350435              1.226988               2.563184       0.010843        21.686400
50%    24.50   4.000000          39.355374        156.660746            0.006383               1.782451              1.845676               3.637198       0.010848        21.696000
75%    36.25   5.000000          39.534891        157.375586            0.006394               2.214468              2.403357               4.711207       0.010852        21.704400
max    48.00   7.000000          39.814672        158.489980            0.006412               2.676230              3.168666               5.844897       0.010864        21.728000
