Workflow Construction Summary Table
========================================================================================================================

 Comp  Groups Wall Time/Evt (s) CPU Time/Evt (s) Throughput (evt/s) Write Remote (MB/evt) Read Remote (MB/evt) Net Transfer (MB/evt) CPU Cores/Evt Memory/Evt (MB)
    1       2           53.5644         187.5776             0.0053                  0.89                 0.62                  1.51        0.0287           57.41
    2       2           53.5644         187.5776             0.0053                  0.89                 0.62                  1.51        0.0287           57.41
    3       3           53.5489         187.5249             0.0053                  0.89                 0.79                  1.67        0.0287           57.42
    4       3           53.5489         187.5249             0.0053                  0.89                 0.79                  1.67        0.0287           57.42
    5       3           53.1267         186.0567             0.0054                  0.89                 0.78                  1.67        0.0286           57.29
    6       3           53.1267         186.0567             0.0054                  0.89                 0.78                  1.67        0.0286           57.29
    7       3           53.1556         186.1232             0.0054                  1.50                 1.34                  2.85        0.0286           57.21
    8       3           53.1556         186.1232             0.0054                  1.50                 1.34                  2.85        0.0286           57.21
    9       3           52.6861         184.5488             0.0054                  0.89                 1.23                  2.12        0.0287           57.36
   10       3           52.4045         183.5027             0.0054                  2.06                 1.99                  4.05        0.0287           57.33
   11       3           52.4045         183.5027             0.0054                  2.06                 1.99                  4.05        0.0287           57.33
   12       4           53.1116         186.0048             0.0054                  0.89                 0.95                  1.84        0.0286           57.29
   13       4           53.1116         186.0048             0.0054                  0.89                 0.95                  1.84        0.0286           57.29
   14       4           53.1349         186.0602             0.0054                  1.50                 1.51                  3.02        0.0286           57.21
   15       4           53.1349         186.0602             0.0054                  1.50                 1.51                  3.02        0.0286           57.21
   16       4           52.6337         184.4221             0.0054                  0.89                 1.39                  2.28        0.0287           57.33
   17       4           52.6337         184.4221             0.0054                  0.89                 1.39                  2.28        0.0287           57.33
   18       4           52.7077         184.6010             0.0054                  1.50                 1.51                  3.01        0.0287           57.34
   19       4           52.7077         184.6010             0.0054                  1.50                 1.51                  3.01        0.0287           57.34
   20       4           52.3992         183.4705             0.0055                  2.06                 2.16                  4.22        0.0287           57.34
   21       4           51.8821         181.9547             0.0055                  2.68                 2.70                  5.37        0.0285           57.00
   22       4           52.3992         183.4705             0.0055                  2.06                 2.16                  4.22        0.0287           57.34
   23       4           51.8821         181.9547             0.0055                  2.68                 2.70                  5.37        0.0285           57.00
   24       4           52.3065         183.1802             0.0055                  2.06                 2.16                  4.22        0.0287           57.32
   25       4           52.3065         183.1802             0.0055                  2.06                 2.16                  4.22        0.0287           57.32
   26       4           52.2207         182.9136             0.0055                  2.06                 2.62                  4.68        0.0286           57.29
   27       4           52.3013         183.1710             0.0055                  1.50                 1.96                  3.47        0.0286           57.18
   28       5           52.6569         184.4469             0.0054                  0.89                 1.58                  2.46        0.0287           57.37
   29       5           52.6982         184.5606             0.0054                  1.50                 1.68                  3.19        0.0287           57.36
   30       5           52.6982         184.5606             0.0054                  1.50                 1.68                  3.19        0.0287           57.36
   31       5           51.8786         181.9261             0.0055                  2.68                 2.87                  5.54        0.0285           57.02
   32       5           51.8786         181.9261             0.0055                  2.68                 2.87                  5.54        0.0285           57.02
   33       5           52.2962         183.1381             0.0055                  2.06                 2.33                  4.39        0.0287           57.33
   34       5           52.2962         183.1381             0.0055                  2.06                 2.33                  4.39        0.0287           57.33
   35       5           52.1537         182.7578             0.0055                  2.06                 2.78                  4.84        0.0286           57.24
   36       5           52.1537         182.7578             0.0055                  2.06                 2.78                  4.84        0.0286           57.24
   37       5           52.2351         183.0171             0.0055                  1.50                 2.13                  3.63        0.0286           57.13
   38       5           52.2351         183.0171             0.0055                  1.50                 2.13                  3.63        0.0286           57.13
   39       5           51.7986         181.6613             0.0055                  2.68                 2.87                  5.54        0.0285           57.01
   40       5           51.7986         181.6613             0.0055                  2.68                 2.87                  5.54        0.0285           57.01
   41       5           51.7159         181.4007             0.0055                  2.68                 3.31                  5.99        0.0285           56.98
   42       6           52.1592         182.7474             0.0055                  2.06                 2.95                  5.01        0.0286           57.28
   43       6           52.2518         183.0288             0.0055                  1.50                 2.31                  3.81        0.0286           57.17
   44       6           51.8129         181.6684             0.0055                  2.68                 3.04                  5.72        0.0285           57.05
   45       6           51.8129         181.6684             0.0055                  2.68                 3.04                  5.72        0.0285           57.05
   46       6           51.6764         181.3001             0.0055                  2.68                 3.48                  6.15        0.0285           56.96
   47       6           51.6764         181.3001             0.0055                  2.68                 3.48                  6.15        0.0285           56.96
   48       7           51.7004         181.3264             0.0055                  2.68                 3.66                  6.34        0.0285           57.01

Summary Statistics:
------------------------------------------------------------------------------------------------------------------------
        Comp     Groups  Wall Time/Evt (s)  CPU Time/Evt (s)  Throughput (evt/s)  Write Remote (MB/evt)  Read Remote (MB/evt)  Net Transfer (MB/evt)  CPU Cores/Evt  Memory/Evt (MB)
count  48.00  48.000000          48.000000         48.000000           48.000000              48.000000             48.000000              48.000000      48.000000        48.000000
mean   24.50   4.333333          52.473821        183.845824            0.005440               1.782451              2.036812               3.819263       0.028613        57.225867
std    14.00   1.117241           0.561899          1.879716            0.000055               0.668887              0.841967               1.482892       0.000073         0.145548
min     1.00   2.000000          51.676385        181.300050            0.005331               0.888672              0.617807               1.506479       0.028481        56.961600
25%    12.75   4.000000          52.085806        182.549241            0.005407               1.350435              1.392669               2.750405       0.028557        57.113600
50%    24.50   4.000000          52.352837        183.325334            0.005455               1.782451              2.128710               3.929891       0.028644        57.288000
75%    36.25   5.000000          52.808641        184.951972            0.005478               2.214468              2.779529               5.101055       0.028668        57.335600
max    48.00   7.000000          53.564383        187.577579            0.005516               2.676230              3.662070               6.338300       0.028710        57.420800
