Workflow Construction Summary Table
========================================================================================================================

 Comp  Groups Wall Time/Evt (s) CPU Time/Evt (s) Throughput (evt/s) Write Remote (MB/evt) Read Remote (MB/evt) Net Transfer (MB/evt) CPU Cores/Evt Memory/Evt (MB)
    1       1            8.3412         507.5833             0.0020                  0.45                 0.00                  0.45        0.1362          136.24
    2       2            8.2154         496.2816             0.0020                  0.45                 0.07                  0.52        0.1352          135.28
    3       2            8.1139         464.9964             0.0022                  0.45                 0.40                  0.84        0.1288          129.53
    4       2            8.1685         235.8185             0.0042                  1.23                 0.82                  2.05        0.0624           63.60
    5       2            8.4542         203.3944             0.0049                  2.54                 2.20                  4.74        0.0516           63.65
    6       3            8.1136         464.9723             0.0022                  0.45                 0.46                  0.91        0.1288          129.49
    7       3            8.1149         228.9820             0.0044                  1.23                 0.89                  2.12        0.0615           62.73
    8       3            8.4206         197.8550             0.0051                  2.54                 2.27                  4.81        0.0507           62.81
    9       3            8.0946         202.4139             0.0049                  1.23                 1.22                  2.45        0.0550           56.96
   10       3            8.4256         172.7778             0.0058                  2.54                 2.60                  5.14        0.0441           56.94
   11       3            8.5303         174.8839             0.0057                  3.32                 3.03                  6.35        0.0433           47.23
   12       4            8.0931         202.4001             0.0049                  1.23                 1.29                  2.52        0.0551           56.93
   13       4            8.4249         172.7773             0.0058                  2.54                 2.67                  5.20        0.0441           56.91
   14       4            8.4992         169.3343             0.0059                  3.32                 3.09                  6.42        0.0424           46.39
   15       4            8.5043         144.4051             0.0069                  3.32                 3.42                  6.75        0.0360           40.60
   16       5            8.5050         144.3862             0.0069                  3.32                 3.49                  6.81        0.0360           40.57

Summary Statistics:
------------------------------------------------------------------------------------------------------------------------
            Comp     Groups  Wall Time/Evt (s)  CPU Time/Evt (s)  Throughput (evt/s)  Write Remote (MB/evt)  Read Remote (MB/evt)  Net Transfer (MB/evt)  CPU Cores/Evt  Memory/Evt (MB)
count  16.000000  16.000000          16.000000         16.000000           16.000000              16.000000             16.000000              16.000000      16.000000        16.000000
mean    8.500000   3.000000           8.313716        261.453878            0.004612               1.884766              1.745448               3.630214       0.069456        74.116425
std     4.760952   1.032796           0.174721        135.101451            0.001691               1.152134              1.232734               2.376376       0.038264        35.718364
min     1.000000   1.000000           8.093098        144.386185            0.001970               0.449219              0.000000               0.449219       0.035972        40.570800
25%     4.750000   2.000000           8.114681        172.777665            0.003718               1.035156              0.734041               1.769198       0.043928        54.493200
50%     8.500000   3.000000           8.380917        202.406990            0.004941               1.884766              1.745707               3.630473       0.053313        59.844600
75%    12.250000   4.000000           8.465460        293.106948            0.005788               2.734375              2.756214               5.490589       0.079016        80.111000
max    16.000000   5.000000           8.530268        507.583253            0.006926               3.320312              3.491649               6.811962       0.136243       136.243200
