Workflow Construction Summary Table
========================================================================================================================

 Comp  Groups Wall Time/Evt (s) CPU Time/Evt (s) Throughput (evt/s) Write Remote (MB/evt) Read Remote (MB/evt) Net Transfer (MB/evt) CPU Cores/Evt Memory/Evt (MB)
    1       1            9.3106          74.0919             0.0135                  0.45                 0.00                  0.45        0.0622           62.20
    2       2            8.8339          70.2982             0.0142                  0.45                 0.06                  0.51        0.0622           62.18
    3       2            8.3543          66.4821             0.0150                  0.45                 0.38                  0.83        0.0622           62.20
    4       2            8.0874          64.3585             0.0155                  2.54                 2.10                  4.64        0.0622           62.16
    5       2            8.0874          64.3594             0.0155                  1.23                 0.79                  2.02        0.0622           62.16
    6       3            8.3279          66.2727             0.0151                  0.45                 0.44                  0.89        0.0622           62.22
    7       3            7.9506          63.2694             0.0158                  2.54                 2.16                  4.70        0.0622           62.21
    8       3            7.8718          62.6426             0.0160                  1.23                 0.85                  2.08        0.0622           62.15
    9       3            7.8494          62.4629             0.0160                  2.54                 2.48                  5.02        0.0622           62.20
   10       3            7.6731          61.0609             0.0164                  1.23                 1.16                  2.39        0.0622           62.16
   11       3            7.7715          61.8447             0.0162                  3.32                 2.89                  6.21        0.0621           62.13
   12       4            7.8229          62.2525             0.0161                  2.54                 2.54                  5.08        0.0622           62.21
   13       4            7.6467          60.8514             0.0164                  1.23                 1.23                  2.46        0.0622           62.18
   14       4            7.6346          60.7548             0.0165                  3.32                 2.95                  6.27        0.0622           62.17
   15       4            7.5334          59.9488             0.0167                  3.32                 3.26                  6.58        0.0622           62.17
   16       5            7.5070          59.7387             0.0167                  3.32                 3.33                  6.65        0.0622           62.18

Summary Statistics:
------------------------------------------------------------------------------------------------------------------------
            Comp     Groups  Wall Time/Evt (s)  CPU Time/Evt (s)  Throughput (evt/s)  Write Remote (MB/evt)  Read Remote (MB/evt)  Net Transfer (MB/evt)  CPU Cores/Evt  Memory/Evt (MB)
count  16.000000  16.000000          16.000000         16.000000           16.000000              16.000000             16.000000              16.000000      16.000000        16.000000
mean    8.500000   3.000000           8.016394         63.793096            0.015727               1.884766              1.663519               3.548285       0.062179        62.179000
std     4.760952   1.032796           0.490462          3.903046            0.000895               1.152134              1.174335               2.318133       0.000025         0.024593
min     1.000000   1.000000           7.506956         59.738657            0.013497               0.449219              0.000000               0.449219       0.062128        62.128000
25%     4.750000   2.000000           7.666470         61.008504            0.015426               1.035156              0.699521               1.734678       0.062160        62.160000
50%     8.500000   3.000000           7.860566         62.552747            0.015987               1.884766              1.663591               3.548356       0.062176        62.176000
75%    12.250000   4.000000           8.147569         64.837695            0.016391               2.734375              2.627103               5.361478       0.062200        62.200000
max    16.000000   5.000000           9.310594         74.091945            0.016740               3.320312              3.326817               6.647129       0.062216        62.216000
