Workflow Construction Summary Table
========================================================================================================================

 Comp  Groups Wall Time/Evt (s) CPU Time/Evt (s) Throughput (evt/s) Write Remote (MB/evt) Read Remote (MB/evt) Net Transfer (MB/evt) CPU Cores/Evt Memory/Evt (MB)
    1       2           40.2256         160.9025             0.0062                  0.89                 0.54                  1.43        0.0216           43.11
    2       2           40.2256         160.9025             0.0062                  0.89                 0.54                  1.43        0.0216           43.11
    3       3           40.2149         160.8598             0.0062                  0.89                 0.68                  1.57        0.0216           43.11
    4       3           40.2149         160.8598             0.0062                  0.89                 0.68                  1.57        0.0216           43.11
    5       3           39.9029         159.6116             0.0063                  0.89                 0.68                  1.57        0.0215           43.02
    6       3           39.9029         159.6116             0.0063                  0.89                 0.68                  1.57        0.0215           43.02
    7       3           39.9082         159.6328             0.0063                  1.50                 1.15                  2.66        0.0215           42.94
    8       3           39.9082         159.6328             0.0063                  1.50                 1.15                  2.66        0.0215           42.94
    9       3           39.5898         158.3594             0.0063                  0.89                 1.07                  1.96        0.0215           43.09
   10       3           39.3501         157.4004             0.0064                  2.06                 1.71                  3.77        0.0215           43.03
   11       3           39.3501         157.4004             0.0064                  2.06                 1.71                  3.77        0.0215           43.03
   12       4           39.8922         159.5689             0.0063                  0.89                 0.83                  1.72        0.0215           43.02
   13       4           39.8922         159.5689             0.0063                  0.89                 0.83                  1.72        0.0215           43.02
   14       4           39.8975         159.5901             0.0063                  1.50                 1.30                  2.80        0.0215           42.94
   15       4           39.8975         159.5901             0.0063                  1.50                 1.30                  2.80        0.0215           42.94
   16       4           39.5792         158.3167             0.0063                  0.89                 1.22                  2.11        0.0215           43.09
   17       4           39.5792         158.3167             0.0063                  0.89                 1.22                  2.11        0.0215           43.09
   18       4           39.5952         158.3807             0.0063                  1.50                 1.30                  2.80        0.0215           43.06
   19       4           39.5952         158.3807             0.0063                  1.50                 1.30                  2.80        0.0215           43.06
   20       4           39.3394         157.3577             0.0064                  2.06                 1.86                  3.92        0.0215           43.03
   21       4           39.0996         156.3983             0.0064                  2.68                 2.32                  5.00        0.0215           42.94
   22       4           39.3394         157.3577             0.0064                  2.06                 1.86                  3.92        0.0215           43.03
   23       4           39.0996         156.3983             0.0064                  2.68                 2.32                  5.00        0.0215           42.94
   24       4           39.2869         157.1477             0.0064                  2.06                 1.86                  3.92        0.0215           43.04
   25       4           39.2869         157.1477             0.0064                  2.06                 1.86                  3.92        0.0215           43.04
   26       4           39.2398         156.9590             0.0064                  2.06                 2.25                  4.31        0.0215           43.03
   27       4           39.2869         157.1475             0.0064                  1.50                 1.69                  3.19        0.0215           42.93
   28       5           39.5685         158.2740             0.0063                  0.89                 1.37                  2.26        0.0215           43.09
   29       5           39.5845         158.3380             0.0063                  1.50                 1.45                  2.95        0.0215           43.06
   30       5           39.5845         158.3380             0.0063                  1.50                 1.45                  2.95        0.0215           43.06
   31       5           39.0889         156.3556             0.0064                  2.68                 2.47                  5.15        0.0215           42.94
   32       5           39.0889         156.3556             0.0064                  2.68                 2.47                  5.15        0.0215           42.94
   33       5           39.2763         157.1050             0.0064                  2.06                 2.00                  4.06        0.0215           43.04
   34       5           39.2763         157.1050             0.0064                  2.06                 2.00                  4.06        0.0215           43.04
   35       5           39.2291         156.9163             0.0064                  2.06                 2.39                  4.45        0.0215           43.03
   36       5           39.2291         156.9163             0.0064                  2.06                 2.39                  4.45        0.0215           43.03
   37       5           39.2762         157.1048             0.0064                  1.50                 1.84                  3.34        0.0215           42.94
   38       5           39.2762         157.1048             0.0064                  1.50                 1.84                  3.34        0.0215           42.94
   39       5           39.0364         156.1456             0.0064                  2.68                 2.47                  5.15        0.0215           42.94
   40       5           39.0364         156.1456             0.0064                  2.68                 2.47                  5.15        0.0215           42.94
   41       5           38.9892         155.9569             0.0064                  2.68                 2.86                  5.54        0.0215           42.94
   42       6           39.2184         156.8736             0.0064                  2.06                 2.54                  4.60        0.0215           43.03
   43       6           39.2655         157.0621             0.0064                  1.50                 1.98                  3.49        0.0215           42.94
   44       6           39.0257         156.1029             0.0064                  2.68                 2.62                  5.29        0.0215           42.94
   45       6           39.0257         156.1029             0.0064                  2.68                 2.62                  5.29        0.0215           42.94
   46       6           38.9786         155.9142             0.0064                  2.68                 3.01                  5.68        0.0215           42.94
   47       6           38.9786         155.9142             0.0064                  2.68                 3.01                  5.68        0.0215           42.94
   48       7           38.9679         155.8715             0.0064                  2.68                 3.15                  5.83        0.0215           42.94

Summary Statistics:
------------------------------------------------------------------------------------------------------------------------
        Comp     Groups  Wall Time/Evt (s)  CPU Time/Evt (s)  Throughput (evt/s)  Write Remote (MB/evt)  Read Remote (MB/evt)  Net Transfer (MB/evt)  CPU Cores/Evt  Memory/Evt (MB)
count  48.00  48.000000          48.000000         48.000000           48.000000              48.000000             48.000000              48.000000      48.000000        48.000000
mean   24.50   4.333333          39.452101        157.808403            0.006337               1.782451              1.756410               3.538861       0.021503        43.006933
std    14.00   1.117241           0.377918          1.511670            0.000060               0.668887              0.723768               1.366042       0.000032         0.063315
min     1.00   2.000000          38.967875        155.871500            0.006215               0.888672              0.537109               1.425781       0.021467        42.934400
25%    12.75   4.000000          39.188696        156.754784            0.006302               1.350435              1.220703               2.556826       0.021470        42.940400
50%    24.50   4.000000          39.313180        157.252720            0.006359               1.782451              1.836387               3.628379       0.021512        43.024800
75%    36.25   5.000000          39.669444        158.677778            0.006379               2.214468              2.392578               4.699932       0.021522        43.043200
max    48.00   7.000000          40.225618        160.902471            0.006416               2.676230              3.154746               5.830977       0.021557        43.113600
