Workflow Construction Summary Table
========================================================================================================================

 Comp  Groups Wall Time/Evt (s) CPU Time/Evt (s) Throughput (evt/s) Write Remote (MB/evt) Read Remote (MB/evt) Net Transfer (MB/evt) CPU Cores/Evt Memory/Evt (MB)
    1       1            8.2915          63.0693             0.0159                  0.45                 0.00                  0.45        0.0170           17.03
    2       2            8.1605          62.0743             0.0161                  0.45                 0.07                  0.52        0.0170           17.03
    3       2            8.0238          61.0510             0.0164                  0.45                 0.40                  0.85        0.0170           17.03
    4       2            7.9414          60.4216             0.0166                  2.54                 2.20                  4.74        0.0170           17.01
    5       2            7.9457          60.4644             0.0165                  1.23                 0.82                  2.05        0.0170           17.00
    6       3            8.0146          60.9877             0.0164                  0.45                 0.46                  0.91        0.0170           17.02
    7       3            7.9032          60.1323             0.0166                  2.54                 2.27                  4.81        0.0170           17.02
    8       3            7.8862          60.0130             0.0167                  1.23                 0.89                  2.12        0.0170           17.00
    9       3            7.8709          59.9000             0.0167                  2.54                 2.60                  5.14        0.0170           17.01
   10       3            7.8303          59.5892             0.0168                  1.23                 1.22                  2.45        0.0170           17.00
   11       3            7.8436          59.7040             0.0167                  3.32                 3.03                  6.35        0.0170           16.99
   12       4            7.8641          59.8459             0.0167                  2.54                 2.67                  5.20        0.0170           17.01
   13       4            7.8221          59.5300             0.0168                  1.23                 1.29                  2.52        0.0170           17.00
   14       4            7.8035          59.4071             0.0168                  3.32                 3.09                  6.41        0.0170           17.00
   15       4            7.7765          59.1960             0.0169                  3.32                 3.42                  6.74        0.0170           17.00
   16       5            7.7685          59.1373             0.0169                  3.32                 3.49                  6.81        0.0170           17.00

Summary Statistics:
------------------------------------------------------------------------------------------------------------------------
            Comp     Groups  Wall Time/Evt (s)  CPU Time/Evt (s)  Throughput (evt/s)  Write Remote (MB/evt)  Read Remote (MB/evt)  Net Transfer (MB/evt)  CPU Cores/Evt  Memory/Evt (MB)
count  16.000000  16.000000          16.000000         16.000000           16.000000              16.000000             16.000000              16.000000      16.000000        16.000000
mean    8.500000   3.000000           7.921648         60.282683            0.016593               1.884766              1.745336               3.630101       0.017009        17.009000
std     4.760952   1.032796           0.142398          1.070495            0.000288               1.152134              1.232485               2.376125       0.000013         0.012529
min     1.000000   1.000000           7.768526         59.137317            0.015856               0.449219              0.000000               0.449219       0.016992        16.992000
25%     4.750000   2.000000           7.828235         59.574418            0.016503               1.035156              0.733866               1.769022       0.017000        17.000000
50%     8.500000   3.000000           7.878571         59.956468            0.016679               1.884766              1.745975               3.630741       0.017006        17.005600
75%    12.250000   4.000000           7.962925         60.595199            0.016786               2.734375              2.756331               5.490706       0.017018        17.018000
max    16.000000   5.000000           8.291462         63.069307            0.016910               3.320312              3.491072               6.811385       0.017030        17.030400
