Workflow Construction Summary Table
========================================================================================================================

 Comp  Groups Wall Time/Evt (s) CPU Time/Evt (s) Throughput (evt/s) Write Remote (MB/evt) Read Remote (MB/evt) Net Transfer (MB/evt) CPU Cores/Evt Memory/Evt (MB)
    1       1           12.2576          85.8629             0.0116                  0.45                 0.00                  0.45        0.0819           81.92
    2       2           11.6304          81.2202             0.0123                  0.45                 0.07                  0.52        0.0816           81.61
    3       2           10.9921          74.8996             0.0134                  0.45                 0.44                  0.88        0.0796           79.55
    4       2           10.5895          63.0173             0.0159                  2.54                 2.43                  4.97        0.0700           74.54
    5       2           10.6183          56.1138             0.0178                  1.23                 0.91                  2.14        0.0635           53.58
    6       3           10.9504          73.8864             0.0135                  0.45                 0.51                  0.96        0.0785           79.51
    7       3           10.4075          62.3824             0.0160                  2.54                 2.50                  5.04        0.0700           74.27
    8       3           10.3332          55.1118             0.0181                  1.23                 0.98                  2.21        0.0634           53.25
    9       3           10.2679          61.8763             0.0162                  2.54                 2.87                  5.41        0.0700           72.17
   10       3           10.0706          54.1863             0.0185                  1.23                 1.35                  2.58        0.0635           51.23
   11       3           10.1485          54.4754             0.0184                  3.32                 3.34                  6.66        0.0634           51.88
   12       4           10.2308          60.8838             0.0164                  2.54                 2.94                  5.48        0.0689           72.18
   13       4           10.0285          53.1871             0.0188                  1.23                 1.42                  2.65        0.0624           51.21
   14       4            9.9661          53.8394             0.0186                  3.32                 3.41                  6.73        0.0634           51.60
   15       4            9.8288          53.3524             0.0187                  3.32                 3.78                  7.10        0.0634           49.56
   16       5            9.7958          52.3626             0.0191                  3.32                 3.85                  7.17        0.0624           49.57

Summary Statistics:
------------------------------------------------------------------------------------------------------------------------
            Comp     Groups  Wall Time/Evt (s)  CPU Time/Evt (s)  Throughput (evt/s)  Write Remote (MB/evt)  Read Remote (MB/evt)  Net Transfer (MB/evt)  CPU Cores/Evt  Memory/Evt (MB)
count  16.000000  16.000000          16.000000         16.000000           16.000000              16.000000             16.000000              16.000000      16.000000        16.000000
mean    8.500000   3.000000          10.507255         62.291112            0.016458               1.884766              1.925663               3.810429       0.069126        64.226975
std     4.760952   1.032796           0.671186         10.829962            0.002498               1.152134              1.360359               2.503560       0.007312        13.492425
min     1.000000   1.000000           9.795809         52.362602            0.011646               0.449219              0.000000               0.449219       0.062406        49.564600
25%     4.750000   2.000000          10.060043         54.099570            0.015285               1.035156              0.809332               1.844489       0.063438        51.508400
50%     8.500000   3.000000          10.300557         58.498812            0.017123               1.884766              1.924691               3.809457       0.066204        62.873900
75%    12.250000   4.000000          10.701367         65.734548            0.018485               2.734375              3.042843               5.777218       0.072145        75.780350
max    16.000000   5.000000          12.257556         85.862900            0.019098               3.320312              3.852250               7.172563       0.081918        81.918400
