Workflow Construction Summary Table
========================================================================================================================

 Comp  Groups Wall Time/Evt (s) CPU Time/Evt (s) Throughput (evt/s) Write Remote (MB/evt) Read Remote (MB/evt) Net Transfer (MB/evt) CPU Cores/Evt Memory/Evt (MB)
    1       1            7.2612         462.3628             0.0022                  0.45                 0.00                  0.45        0.0620           61.99
    2       2            7.2033         455.5571             0.0022                  0.45                 0.06                  0.51        0.0616           61.59
    3       2            7.1446         430.2668             0.0023                  0.45                 0.38                  0.83        0.0586           58.99
    4       2            7.1102         209.9751             0.0048                  1.23                 0.79                  2.02        0.0284           28.95
    5       2            7.1070         171.9934             0.0058                  2.54                 2.10                  4.64        0.0235           28.99
    6       3            7.1412         430.2535             0.0023                  0.45                 0.44                  0.89        0.0586           58.98
    7       3            7.0832         205.1856             0.0049                  1.23                 0.85                  2.08        0.0280           28.53
    8       3            7.0898         167.8256             0.0060                  2.54                 2.17                  4.70        0.0231           28.60
    9       3            7.0580         182.0713             0.0055                  1.23                 1.16                  2.39        0.0250           25.90
   10       3            7.0768         145.5264             0.0069                  2.54                 2.48                  5.02        0.0201           25.96
   11       3            7.0660         144.7041             0.0069                  3.32                 2.89                  6.21        0.0198           21.54
   12       4            7.0546         182.1018             0.0055                  1.23                 1.23                  2.46        0.0250           25.90
   13       4            7.0734         145.5129             0.0069                  2.54                 2.54                  5.08        0.0201           25.95
   14       4            7.0487         140.5340             0.0071                  3.32                 2.95                  6.27        0.0193           21.14
   15       4            7.0357         118.1949             0.0085                  3.32                 3.26                  6.58        0.0164           18.50
   16       5            7.0323         118.2251             0.0085                  3.32                 3.33                  6.65        0.0164           18.50

Summary Statistics:
------------------------------------------------------------------------------------------------------------------------
            Comp     Groups  Wall Time/Evt (s)  CPU Time/Evt (s)  Throughput (evt/s)  Write Remote (MB/evt)  Read Remote (MB/evt)  Net Transfer (MB/evt)  CPU Cores/Evt  Memory/Evt (MB)
count  16.000000  16.000000          16.000000         16.000000           16.000000              16.000000             16.000000              16.000000      16.000000        16.000000
mean    8.500000   3.000000           7.099116        231.893149            0.005381               1.884766              1.664433               3.549198       0.031624        33.751000
std     4.760952   1.032796           0.062410        129.719042            0.002147               1.152134              1.174968               2.318760       0.017414        16.254781
min     1.000000   1.000000           7.032318        118.194905            0.002163               0.449219              0.000000               0.449219       0.016386        18.499200
25%     4.750000   2.000000           7.057153        145.310704            0.004153               1.035156              0.699739               1.734895       0.020030        24.813200
50%     8.500000   3.000000           7.079973        177.032324            0.005653               1.884766              1.664159               3.548925       0.024259        27.246400
75%    12.250000   4.000000           7.117943        265.044680            0.006882               2.734375              2.629374               5.363749       0.035970        36.488400
max    16.000000   5.000000           7.261153        462.362815            0.008461               3.320312              3.328243               6.648555       0.061990        61.990400
