Workflow Construction Summary Table
========================================================================================================================

 Comp  Groups Wall Time/Evt (s) CPU Time/Evt (s) Throughput (evt/s) Write Remote (MB/evt) Read Remote (MB/evt) Net Transfer (MB/evt) CPU Cores/Evt Memory/Evt (MB)
    1       1            7.9794          60.8482             0.0164                  0.45                 0.00                  0.45        0.0085            8.46
    2       2            7.9222          60.1621             0.0166                  0.45                 0.07                  0.52        0.0084            8.44
    3       2            7.8936          58.2131             0.0172                  0.45                 0.41                  0.86        0.0082            8.22
    4       2            8.2666          53.4146             0.0187                  2.54                 2.18                  4.72        0.0073            7.72
    5       2            7.9791          46.8999             0.0213                  1.23                 0.82                  2.05        0.0066            5.55
    6       3            7.8996          57.3936             0.0174                  0.45                 0.48                  0.93        0.0081            8.24
    7       3            8.2516          53.3781             0.0187                  2.54                 2.25                  4.79        0.0073            7.69
    8       3            7.9558          46.8127             0.0214                  1.23                 0.89                  2.12        0.0066            5.52
    9       3            8.2621          53.4205             0.0187                  2.54                 2.57                  5.11        0.0073            7.47
   10       3            7.9652          46.8293             0.0214                  1.23                 1.22                  2.45        0.0066            5.31
   11       3            8.3913          48.4570             0.0206                  3.32                 3.01                  6.33        0.0066            5.39
   12       4            8.2832          52.5933             0.0190                  2.54                 2.64                  5.18        0.0072            7.52
   13       4            7.9688          45.9995             0.0217                  1.23                 1.29                  2.52        0.0065            5.34
   14       4            8.3835          48.4202             0.0207                  3.32                 3.08                  6.40        0.0066            5.38
   15       4            8.4078          48.5039             0.0206                  3.32                 3.40                  6.72        0.0066            5.15
   16       5            8.4198          47.6985             0.0210                  3.32                 3.48                  6.80        0.0065            5.18

Summary Statistics:
------------------------------------------------------------------------------------------------------------------------
            Comp     Groups  Wall Time/Evt (s)  CPU Time/Evt (s)  Throughput (evt/s)  Write Remote (MB/evt)  Read Remote (MB/evt)  Net Transfer (MB/evt)  CPU Cores/Evt  Memory/Evt (MB)
count  16.000000  16.000000          16.000000         16.000000           16.000000              16.000000             16.000000              16.000000      16.000000        16.000000
mean    8.500000   3.000000           8.139368         51.815283            0.019468               1.884577              1.736276               3.620853       0.007167         6.662250
std     4.760952   1.032796           0.207809          5.099566            0.001838               1.151961              1.221146               2.364376       0.000745         1.384525
min     1.000000   1.000000           7.893609         45.999519            0.016434               0.449219              0.000000               0.449219       0.006484         5.151000
25%     4.750000   2.000000           7.962865         47.498846            0.018395               1.035156              0.734100               1.769257       0.006575         5.367000
50%     8.500000   3.000000           8.115524         50.548576            0.019815               1.883920              1.735298               3.620064       0.006888         6.512500
75%    12.250000   4.000000           8.308297         54.413807            0.021054               2.734045              2.731323               5.464429       0.007481         7.847750
max    16.000000   5.000000           8.419830         60.848222            0.021739               3.320312              3.478646               6.798958       0.008464         8.464000
