Workflow Construction Summary Table
========================================================================================================================

 Comp  Groups Wall Time/Evt (s) CPU Time/Evt (s) Throughput (evt/s) Write Remote (MB/evt) Read Remote (MB/evt) Net Transfer (MB/evt) CPU Cores/Evt Memory/Evt (MB)
    1       1            7.3530          57.5899             0.0174                  0.45                 0.00                  0.45        0.0040            4.01
    2       2            7.3374          57.4103             0.0174                  0.45                 0.06                  0.51        0.0040            4.05
    3       2            7.3076          57.1742             0.0175                  0.45                 0.38                  0.83        0.0040            4.05
    4       2            7.2824          57.0134             0.0175                  2.54                 2.14                  4.68        0.0040            4.03
    5       2            7.2901          57.0401             0.0175                  1.23                 0.80                  2.03        0.0040            4.02
    6       3            7.3050          57.0989             0.0175                  0.45                 0.44                  0.89        0.0041            4.06
    7       3            7.2748          56.9487             0.0176                  2.54                 2.20                  4.74        0.0040            4.05
    8       3            7.2904          56.9880             0.0175                  1.23                 0.89                  2.12        0.0040            4.05
    9       3            7.2755          56.9263             0.0176                  2.54                 2.53                  5.07        0.0040            4.03
   10       3            7.2779          56.8897             0.0176                  1.23                 1.20                  2.43        0.0040            4.05
   11       3            7.2859          56.9521             0.0176                  3.32                 2.95                  6.27        0.0040            4.05
   12       4            7.2797          56.9371             0.0176                  2.54                 2.61                  5.15        0.0041            4.06
   13       4            7.2652          56.8325             0.0176                  1.23                 1.25                  2.48        0.0041            4.07
   14       4            7.2423          56.7437             0.0176                  3.32                 3.00                  6.32        0.0041            4.07
   15       4            7.2706          56.8323             0.0176                  3.32                 3.33                  6.65        0.0041            4.06
   16       5            7.2588          56.7782             0.0176                  3.32                 3.40                  6.72        0.0041            4.07

Summary Statistics:
------------------------------------------------------------------------------------------------------------------------
            Comp     Groups  Wall Time/Evt (s)  CPU Time/Evt (s)  Throughput (evt/s)  Write Remote (MB/evt)  Read Remote (MB/evt)  Net Transfer (MB/evt)  CPU Cores/Evt  Memory/Evt (MB)
count  16.000000  16.000000          16.000000         16.000000           16.000000              16.000000             16.000000              16.000000      16.000000        16.000000
mean    8.500000   3.000000           7.287293         57.009723            0.017541               1.884714              1.698491               3.583205       0.004049         4.049000
std     4.760952   1.032796           0.027871          0.224268            0.000069               1.152203              1.199596               2.343371       0.000018         0.018214
min     1.000000   1.000000           7.242289         56.743694            0.017364               0.448386              0.000000               0.449219       0.004008         4.008000
25%     4.750000   2.000000           7.273774         56.875428            0.017527               1.035156              0.710770               1.745718       0.004044         4.044000
50%     8.500000   3.000000           7.281066         56.950425            0.017559               1.884766              1.691885               3.576651       0.004048         4.048000
75%    12.250000   4.000000           7.294049         57.054823            0.017582               2.734375              2.692697               5.427072       0.004064         4.064000
max    16.000000   5.000000           7.353030         57.589918            0.017623               3.320312              3.397301               6.717613       0.004072         4.072000
