Workflow Construction Summary Table
========================================================================================================================

 Comp  Groups Wall Time/Evt (s) CPU Time/Evt (s) Throughput (evt/s) Write Remote (MB/evt) Read Remote (MB/evt) Net Transfer (MB/evt) CPU Cores/Evt Memory/Evt (MB)
    1       1            7.2361          56.6408             0.0177                  0.45                 0.00                  0.45        0.0007            0.67
    2       2            7.2311          56.6009             0.0177                  0.45                 0.06                  0.51        0.0007            0.67
    3       2            7.2259          56.5607             0.0177                  0.45                 0.38                  0.83        0.0007            0.67
    4       2            7.2231          56.5384             0.0177                  2.54                 2.14                  4.68        0.0007            0.67
    5       2            7.2231          56.5384             0.0177                  1.23                 0.80                  2.03        0.0007            0.67
    6       3            7.2256          56.5583             0.0177                  0.45                 0.46                  0.91        0.0007            0.67
    7       3            7.2216          56.5266             0.0177                  2.54                 2.21                  4.75        0.0007            0.67
    8       3            7.2208          56.5203             0.0177                  1.23                 0.86                  2.09        0.0007            0.67
    9       3            7.2205          56.5180             0.0177                  2.54                 2.54                  5.08        0.0007            0.67
   10       3            7.2186          56.5036             0.0177                  1.23                 1.18                  2.41        0.0007            0.67
   11       3            7.2196          56.5113             0.0177                  3.32                 2.94                  6.26        0.0007            0.67
   12       4            7.2202          56.5157             0.0177                  2.54                 2.60                  5.14        0.0007            0.68
   13       4            7.2183          56.5012             0.0177                  1.23                 1.25                  2.48        0.0007            0.68
   14       4            7.2182          56.5000             0.0177                  3.32                 3.00                  6.32        0.0007            0.67
   15       4            7.2089          56.4588             0.0177                  3.32                 3.32                  6.64        0.0007            0.67
   16       5            7.2168          56.4892             0.0177                  3.32                 3.39                  6.71        0.0007            0.68

Summary Statistics:
------------------------------------------------------------------------------------------------------------------------
            Comp     Groups  Wall Time/Evt (s)  CPU Time/Evt (s)  Throughput (evt/s)  Write Remote (MB/evt)  Read Remote (MB/evt)  Net Transfer (MB/evt)  CPU Cores/Evt  Memory/Evt (MB)
count  16.000000  16.000000          16.000000         16.000000           16.000000              16.000000             16.000000              16.000000      16.000000        16.000000
mean    8.500000   3.000000           7.221771         56.530152            0.017690               1.884766              1.696822               3.581588       0.000673         0.672700
std     4.760952   1.032796           0.006126          0.044086            0.000014               1.152134              1.197251               2.340782       0.000002         0.002021
min     1.000000   1.000000           7.208933         56.458807            0.017655               0.449219              0.000000               0.449219       0.000669         0.668800
25%     4.750000   2.000000           7.218547         56.502991            0.017686               1.035156              0.713505               1.748662       0.000672         0.672000
50%     8.500000   3.000000           7.220613         56.519171            0.017693               1.884766              1.699139               3.583904       0.000674         0.673600
75%    12.250000   4.000000           7.223717         56.543422            0.017698               2.734375              2.687598               5.421973       0.000674         0.673600
max    16.000000   5.000000           7.236149         56.640774            0.017712               3.320312              3.386523               6.706835       0.000675         0.675200
