Workflow Construction Summary Table
========================================================================================================================

 Comp  Groups Wall Time/Evt (s) CPU Time/Evt (s) Throughput (evt/s) Write Remote (MB/evt) Read Remote (MB/evt) Net Transfer (MB/evt) CPU Cores/Evt Memory/Evt (MB)
    1       1            9.1662          64.3175             0.0155                  0.45                 0.00                  0.45        0.0017            1.69
    2       2            9.1634          64.0646             0.0156                  0.45                 0.08                  0.52        0.0017            1.68
    3       2            9.1492          62.2892             0.0161                  0.45                 0.44                  0.89        0.0016            1.64
    4       2            9.1607          55.1141             0.0181                  2.54                 2.39                  4.92        0.0015            1.55
    5       2            9.1414          49.8934             0.0200                  1.22                 0.89                  2.12        0.0013            1.10
    6       3            9.1541          61.4845             0.0163                  0.45                 0.52                  0.97        0.0016            1.64
    7       3            9.1701          55.1100             0.0181                  2.53                 2.46                  5.00        0.0015            1.55
    8       3            9.1343          49.8703             0.0201                  1.23                 0.98                  2.21        0.0013            1.09
    9       3            9.1353          54.7242             0.0183                  2.53                 2.88                  5.41        0.0014            1.49
   10       3            9.1318          49.9090             0.0200                  1.23                 1.33                  2.56        0.0013            1.05
   11       3            9.1171          49.9176             0.0200                  3.28                 3.24                  6.52        0.0013            1.06
   12       4            9.1030          53.8249             0.0186                  2.52                 2.91                  5.43        0.0014            1.49
   13       4            9.1212          49.0897             0.0204                  1.23                 1.40                  2.63        0.0013            1.05
   14       4            9.1280          49.9856             0.0200                  3.31                 3.32                  6.64        0.0013            1.06
   15       4            9.1578          50.0928             0.0200                  3.30                 3.68                  6.98        0.0013            1.02
   16       5            9.1372          49.1850             0.0203                  3.29                 3.75                  7.03        0.0013            1.02

Summary Statistics:
------------------------------------------------------------------------------------------------------------------------
            Comp     Groups  Wall Time/Evt (s)  CPU Time/Evt (s)  Throughput (evt/s)  Write Remote (MB/evt)  Read Remote (MB/evt)  Net Transfer (MB/evt)  CPU Cores/Evt  Memory/Evt (MB)
count  16.000000  16.000000          16.000000         16.000000           16.000000              16.000000             16.000000              16.000000      16.000000        16.000000
mean    8.500000   3.000000           9.141933         54.304532            0.018591               1.875107              1.891887               3.766993       0.001436         1.323587
std     4.760952   1.032796           0.019371          5.656968            0.001807               1.144063              1.324690               2.459044       0.000143         0.282292
min     1.000000   1.000000           9.103031         49.089694            0.015548               0.446969              0.000000               0.446969       0.001299         1.018800
25%     4.750000   2.000000           9.130847         49.905063            0.017674               1.030239              0.799316               1.829555       0.001322         1.057650
50%     8.500000   3.000000           9.139313         51.958870            0.019271               1.876005              1.895681               3.777402       0.001378         1.293500
75%    12.250000   4.000000           9.158509         56.706707            0.020038               2.722072              2.991224               5.704723       0.001501         1.570400
max    16.000000   5.000000           9.170109         64.317531            0.020371               3.314813              3.746034               7.031488       0.001686         1.686400
