Workflow Construction Summary Table
========================================================================================================================

 Comp  Groups Wall Time/Evt (s) CPU Time/Evt (s) Throughput (evt/s) Write Remote (MB/evt) Read Remote (MB/evt) Net Transfer (MB/evt) CPU Cores/Evt Memory/Evt (MB)
    1       1            7.6874          58.4475             0.0171                  0.45                 0.00                  0.45        0.0007            0.71
    2       2            7.6821          58.2064             0.0172                  0.45                 0.06                  0.51        0.0007            0.71
    3       2            7.6769          56.6596             0.0176                  0.45                 0.40                  0.85        0.0007            0.69
    4       2            7.6776          50.0340             0.0200                  2.54                 2.17                  4.71        0.0006            0.65
    5       2            7.6749          45.3588             0.0220                  1.23                 0.82                  2.05        0.0006            0.46
    6       3            7.6738          55.9544             0.0179                  0.45                 0.46                  0.91        0.0007            0.69
    7       3            7.6648          50.0057             0.0200                  2.54                 2.23                  4.77        0.0006            0.65
    8       3            7.6726          45.3152             0.0221                  1.23                 0.89                  2.12        0.0006            0.46
    9       3            7.6633          49.9665             0.0200                  2.54                 2.56                  5.10        0.0006            0.63
   10       3            7.6707          45.3079             0.0221                  1.23                 1.22                  2.45        0.0006            0.45
   11       3            7.6755          45.3263             0.0221                  3.32                 3.00                  6.32        0.0006            0.45
   12       4            7.6704          49.2143             0.0203                  2.54                 2.63                  5.17        0.0006            0.63
   13       4            7.6705          44.5536             0.0224                  1.23                 1.28                  2.51        0.0005            0.45
   14       4            7.6592          45.2910             0.0221                  3.32                 3.06                  6.38        0.0006            0.45
   15       4            7.6732          45.3175             0.0221                  3.32                 3.40                  6.72        0.0006            0.43
   16       5            7.6730          44.5631             0.0224                  3.32                 3.46                  6.78        0.0005            0.43

Summary Statistics:
------------------------------------------------------------------------------------------------------------------------
            Comp     Groups  Wall Time/Evt (s)  CPU Time/Evt (s)  Throughput (evt/s)  Write Remote (MB/evt)  Read Remote (MB/evt)  Net Transfer (MB/evt)  CPU Cores/Evt  Memory/Evt (MB)
count  16.000000  16.000000          16.000000         16.000000           16.000000              16.000000             16.000000              16.000000      16.000000        16.000000
mean    8.500000   3.000000           7.672881         49.345100            0.020463               1.884766              1.727874               3.612640       0.000604         0.559350
std     4.760952   1.032796           0.006865          5.182912            0.002009               1.152134              1.218714               2.362175       0.000062         0.117322
min     1.000000   1.000000           7.659228         44.553627            0.017109               0.449219              0.000000               0.449219       0.000546         0.431400
25%     4.750000   2.000000           7.670464         45.313379            0.019458               1.035156              0.726177               1.761333       0.000555         0.449250
50%     8.500000   3.000000           7.673090         47.286517            0.021183               1.884766              1.727321               3.612087       0.000579         0.547000
75%    12.250000   4.000000           7.675880         51.514088            0.022069               2.734375              2.724817               5.459192       0.000631         0.660150
max    16.000000   5.000000           7.687414         58.447452            0.022445               3.320312              3.460341               6.780653       0.000710         0.710400
