Workflow Construction Summary Table
========================================================================================================================

 Comp  Groups Wall Time/Evt (s) CPU Time/Evt (s) Throughput (evt/s) Write Remote (MB/evt) Read Remote (MB/evt) Net Transfer (MB/evt) CPU Cores/Evt Memory/Evt (MB)
    1       2           42.4403         165.6143             0.0060                  0.89                 0.55                  1.44        0.0227           45.33
    2       2           42.4403         165.6143             0.0060                  0.89                 0.55                  1.44        0.0227           45.33
    3       3           42.4443         165.6299             0.0060                  0.89                 0.70                  1.59        0.0227           45.33
    4       3           42.4443         165.6299             0.0060                  0.89                 0.70                  1.59        0.0227           45.33
    5       3           42.1080         164.3333             0.0061                  0.89                 0.70                  1.59        0.0226           45.23
    6       3           42.1080         164.3333             0.0061                  0.89                 0.70                  1.59        0.0226           45.23
    7       3           42.2338         164.8104             0.0061                  1.50                 1.18                  2.69        0.0226           45.15
    8       3           42.2338         164.8104             0.0061                  1.50                 1.18                  2.69        0.0226           45.15
    9       3           41.8254         163.2193             0.0061                  0.89                 1.10                  1.99        0.0227           45.31
   10       3           41.7401         162.9270             0.0061                  2.06                 1.75                  3.81        0.0226           45.22
   11       3           41.7401         162.9270             0.0061                  2.06                 1.75                  3.81        0.0226           45.22
   12       4           42.1072         164.3392             0.0061                  0.89                 0.85                  1.74        0.0226           45.22
   13       4           42.1072         164.3392             0.0061                  0.89                 0.85                  1.74        0.0226           45.22
   14       4           42.2333         164.8168             0.0061                  1.50                 1.33                  2.84        0.0226           45.15
   15       4           42.2333         164.8168             0.0061                  1.50                 1.33                  2.84        0.0226           45.15
   16       4           41.8289         163.2341             0.0061                  0.89                 1.25                  2.14        0.0227           45.32
   17       4           41.8289         163.2341             0.0061                  0.89                 1.25                  2.14        0.0227           45.32
   18       4           41.9174         163.5804             0.0061                  1.50                 1.33                  2.84        0.0226           45.28
   19       4           41.9174         163.5804             0.0061                  1.50                 1.33                  2.84        0.0226           45.28
   20       4           41.7453         162.9449             0.0061                  2.06                 1.90                  3.96        0.0226           45.22
   21       4           41.5687         162.3269             0.0062                  2.68                 2.38                  5.06        0.0225           45.08
   22       4           41.7453         162.9449             0.0061                  2.06                 1.90                  3.96        0.0226           45.22
   23       4           41.5687         162.3269             0.0062                  2.68                 2.38                  5.06        0.0225           45.08
   24       4           41.6903         162.7300             0.0061                  2.06                 1.90                  3.96        0.0226           45.23
   25       4           41.6903         162.7300             0.0061                  2.06                 1.90                  3.96        0.0226           45.23
   26       4           41.6716         162.6757             0.0061                  2.06                 2.30                  4.36        0.0226           45.21
   27       4           41.6369         162.4803             0.0062                  1.50                 1.73                  3.24        0.0226           45.15
   28       5           41.8340         163.2519             0.0061                  0.89                 1.40                  2.29        0.0227           45.32
   29       5           41.9183         163.5899             0.0061                  1.50                 1.48                  2.99        0.0226           45.28
   30       5           41.9183         163.5899             0.0061                  1.50                 1.48                  2.99        0.0226           45.28
   31       5           41.5715         162.3402             0.0062                  2.68                 2.53                  5.21        0.0225           45.08
   32       5           41.5715         162.3402             0.0062                  2.68                 2.53                  5.21        0.0225           45.08
   33       5           41.6941         162.7454             0.0061                  2.06                 2.05                  4.11        0.0226           45.24
   34       5           41.6941         162.7454             0.0061                  2.06                 2.05                  4.11        0.0226           45.24
   35       5           41.6684         162.6767             0.0061                  2.06                 2.45                  4.51        0.0226           45.21
   36       5           41.6684         162.6767             0.0061                  2.06                 2.45                  4.51        0.0226           45.21
   37       5           41.6343         162.4827             0.0062                  1.50                 1.88                  3.39        0.0226           45.14
   38       5           41.6343         162.4827             0.0062                  1.50                 1.88                  3.39        0.0226           45.14
   39       5           41.5163         162.1250             0.0062                  2.68                 2.53                  5.21        0.0225           45.09
   40       5           41.5163         162.1250             0.0062                  2.68                 2.53                  5.21        0.0225           45.09
   41       5           41.5056         162.0865             0.0062                  2.68                 2.93                  5.61        0.0225           45.09
   42       6           41.6731         162.6939             0.0061                  2.06                 2.60                  4.66        0.0226           45.21
   43       6           41.6404         162.5025             0.0062                  1.50                 2.03                  3.54        0.0226           45.16
   44       6           41.5159         162.1317             0.0062                  2.68                 2.68                  5.36        0.0225           45.09
   45       6           41.5159         162.1317             0.0062                  2.68                 2.68                  5.36        0.0225           45.09
   46       6           41.5080         162.0987             0.0062                  2.68                 3.08                  5.76        0.0225           45.08
   47       6           41.5080         162.0987             0.0062                  2.68                 3.08                  5.76        0.0225           45.08
   48       7           41.5072         162.1049             0.0062                  2.68                 3.23                  5.91        0.0225           45.08

Summary Statistics:
------------------------------------------------------------------------------------------------------------------------
        Comp     Groups  Wall Time/Evt (s)  CPU Time/Evt (s)  Throughput (evt/s)  Write Remote (MB/evt)  Read Remote (MB/evt)  Net Transfer (MB/evt)  CPU Cores/Evt  Memory/Evt (MB)
count  48.00  48.000000          48.000000         48.000000           48.000000              48.000000             48.000000              48.000000      48.000000        48.000000
mean   24.50   4.333333          41.822142        163.249380            0.006126               1.782451              1.800762               3.583213       0.022599        45.197900
std    14.00   1.117241           0.289048          1.093844            0.000041               0.668887              0.741042               1.383049       0.000042         0.084395
min     1.00   2.000000          41.505595        162.086512            0.006038               0.888672              0.551387               1.440059       0.022538        45.076800
25%    12.75   4.000000          41.618617        162.445278            0.006106               1.350435              1.252652               2.588352       0.022566        45.131600
50%    24.50   4.000000          41.717097        162.836177            0.006141               1.782451              1.882306               3.675654       0.022609        45.217600
75%    36.25   5.000000          41.965546        163.775783            0.006156               2.214468              2.452195               4.762018       0.022625        45.250400
max    48.00   7.000000          42.444290        165.629865            0.006170               2.676230              3.229202               5.905433       0.022667        45.334400
