Workflow Construction Summary Table
========================================================================================================================

 Comp  Groups Wall Time/Evt (s) CPU Time/Evt (s) Throughput (evt/s) Write Remote (MB/evt) Read Remote (MB/evt) Net Transfer (MB/evt) CPU Cores/Evt Memory/Evt (MB)
    1       1            9.1662         516.4347             0.0019                  0.45                 0.00                  0.45        0.0202           20.17
    2       2            9.1419         511.4685             0.0020                  0.45                 0.08                  0.53        0.0200           20.02
    3       2            9.0748         233.8445             0.0043                  1.23                 0.90                  2.13        0.0091            9.28
    4       2            9.1090         486.1121             0.0021                  0.45                 0.43                  0.88        0.0191           19.17
    5       2            9.1192         194.0929             0.0052                  2.54                 2.41                  4.94        0.0076            9.40
    6       3            9.1192         486.3047             0.0021                  0.45                 0.50                  0.95        0.0191           19.18
    7       3            9.0595         230.3212             0.0043                  1.23                 0.96                  2.19        0.0090            9.20
    8       3            9.0191         163.0991             0.0061                  3.32                 3.28                  6.60        0.0064            6.95
    9       3            9.1070         189.9665             0.0053                  2.54                 2.47                  5.01        0.0075            9.28
   10       3            9.0823         164.9118             0.0061                  2.54                 2.82                  5.36        0.0065            8.38
   11       3            9.0442         205.9080             0.0049                  1.23                 1.32                  2.55        0.0081            8.36
   12       4            9.0916         166.3864             0.0060                  2.54                 2.89                  5.43        0.0066            8.49
   13       4            9.0528         205.1398             0.0049                  1.23                 1.40                  2.63        0.0080            8.32
   14       4            9.0034         159.1585             0.0063                  3.32                 3.35                  6.67        0.0063            6.82
   15       4            9.0017         134.5063             0.0074                  3.32                 3.70                  7.02        0.0053            5.98
   16       5            9.0024         134.5079             0.0074                  3.32                 3.78                  7.11        0.0053            5.96

Summary Statistics:
------------------------------------------------------------------------------------------------------------------------
            Comp     Groups  Wall Time/Evt (s)  CPU Time/Evt (s)  Throughput (evt/s)  Write Remote (MB/evt)  Read Remote (MB/evt)  Net Transfer (MB/evt)  CPU Cores/Evt  Memory/Evt (MB)
count  16.000000  16.000000          16.000000         16.000000           16.000000              16.000000             16.000000              16.000000      16.000000        16.000000
mean    8.500000   3.000000           9.074647        261.385182            0.004758               1.884766              1.893680               3.778446       0.010245        10.934625
std     4.760952   1.032796           0.051502        145.353569            0.001881               1.152134              1.335576               2.479045       0.005679         5.308208
min     1.000000   1.000000           9.001693        134.506297            0.001936               0.449219              0.000000               0.449219       0.005301         5.963600
25%     4.750000   2.000000           9.037911        164.458672            0.003722               1.035156              0.797906               1.833062       0.006449         7.976900
50%     8.500000   3.000000           9.078579        199.616357            0.005013               1.884766              1.900904               3.785670       0.007821         8.843200
75%    12.250000   4.000000           9.111573        296.911356            0.006081               2.734375              2.991534               5.725909       0.011596        11.845200
max    16.000000   5.000000           9.166196        516.434712            0.007435               3.320312              3.784848               7.105161       0.020173        20.172800
