Workflow Construction Summary Table
========================================================================================================================

 Comp  Groups Wall Time/Evt (s) CPU Time/Evt (s) Throughput (evt/s) Write Remote (MB/evt) Read Remote (MB/evt) Net Transfer (MB/evt) CPU Cores/Evt Memory/Evt (MB)
    1       1            7.0152          55.7749             0.0179                  0.45                 0.00                  0.45        0.0006            0.65
    2       2            7.0111          55.5389             0.0180                  0.45                 0.06                  0.51        0.0007            0.66
    3       2            7.0093          54.1069             0.0185                  0.45                 0.38                  0.83        0.0006            0.64
    4       2            7.0443          47.8883             0.0209                  2.54                 2.09                  4.63        0.0006            0.60
    5       2            7.0183          43.3149             0.0231                  1.23                 0.78                  2.01        0.0005            0.43
    6       3            7.0096          53.3988             0.0187                  0.45                 0.44                  0.89        0.0006            0.64
    7       3            7.0436          47.8856             0.0209                  2.54                 2.15                  4.69        0.0006            0.61
    8       3            7.0166          43.3083             0.0231                  1.23                 0.84                  2.08        0.0005            0.43
    9       3            7.0457          47.8937             0.0209                  2.54                 2.47                  5.00        0.0006            0.59
   10       3            7.0177          43.3127             0.0231                  1.23                 1.16                  2.39        0.0005            0.41
   11       3            7.0563          43.4672             0.0230                  3.32                 2.87                  6.19        0.0005            0.42
   12       4            7.0460          47.1857             0.0212                  2.54                 2.53                  5.07        0.0006            0.59
   13       4            7.0180          42.6046             0.0235                  1.23                 1.22                  2.45        0.0005            0.42
   14       4            7.0557          43.4645             0.0230                  3.32                 2.93                  6.25        0.0005            0.43
   15       4            7.0577          43.4726             0.0230                  3.32                 3.25                  6.57        0.0005            0.42
   16       5            7.0580          42.7646             0.0234                  3.32                 3.31                  6.63        0.0005            0.42

Summary Statistics:
------------------------------------------------------------------------------------------------------------------------
            Comp     Groups  Wall Time/Evt (s)  CPU Time/Evt (s)  Throughput (evt/s)  Write Remote (MB/evt)  Read Remote (MB/evt)  Net Transfer (MB/evt)  CPU Cores/Evt  Memory/Evt (MB)
count  16.000000  16.000000          16.000000         16.000000           16.000000              16.000000             16.000000              16.000000      16.000000        16.000000
mean    8.500000   3.000000           7.032713         47.211389            0.021382               1.884766              1.655273               3.540039       0.000559         0.523000
std     4.760952   1.032796           0.019516          4.889060            0.002075               1.152134              1.168838               2.312666       0.000056         0.104064
min     1.000000   1.000000           7.009280         42.604606            0.017929               0.449219              0.000000               0.449219       0.000506         0.415000
25%     4.750000   2.000000           7.016281         43.314336            0.020341               1.035156              0.695801               1.730957       0.000512         0.424000
50%     8.500000   3.000000           7.030960         45.329162            0.022098               1.884766              1.655273               3.540039       0.000540         0.511500
75%    12.250000   4.000000           7.048437         49.270005            0.023087               2.734375              2.614746               5.349121       0.000585         0.614500
max    16.000000   5.000000           7.058043         55.774942            0.023472               3.320312              3.310547               6.630859       0.000656         0.656000
