Workflow Construction Summary Table
========================================================================================================================

 Comp  Groups Wall Time/Evt (s) CPU Time/Evt (s) Throughput (evt/s) Write Remote (MB/evt) Read Remote (MB/evt) Net Transfer (MB/evt) CPU Cores/Evt Memory/Evt (MB)
    1       1            7.0152         446.1995             0.0022                  0.45                 0.00                  0.45        0.0052            5.18
    2       2            7.0111         442.8877             0.0023                  0.45                 0.06                  0.51        0.0052            5.20
    3       2            7.0093         421.5091             0.0024                  0.45                 0.38                  0.83        0.0050            4.99
    4       2            7.0183         203.6096             0.0049                  1.23                 0.78                  2.01        0.0024            2.46
    5       2            7.0443         169.6709             0.0059                  2.54                 2.09                  4.63        0.0020            2.46
    6       3            7.0096         421.5104             0.0024                  0.45                 0.44                  0.89        0.0050            4.99
    7       3            7.0166         200.4531             0.0050                  1.23                 0.84                  2.08        0.0024            2.41
    8       3            7.0436         166.5759             0.0060                  2.54                 2.15                  4.69        0.0020            2.48
    9       3            7.0177         179.2610             0.0056                  1.23                 1.16                  2.39        0.0021            2.20
   10       3            7.0457         145.4452             0.0069                  2.54                 2.47                  5.00        0.0018            2.27
   11       3            7.0563         142.7917             0.0070                  3.32                 2.87                  6.19        0.0017            1.85
   12       4            7.0180         179.2623             0.0056                  1.23                 1.22                  2.45        0.0021            2.20
   13       4            7.0460         145.4466             0.0069                  2.54                 2.53                  5.07        0.0018            2.27
   14       4            7.0557         139.6967             0.0072                  3.32                 2.93                  6.25        0.0017            1.87
   15       4            7.0577         118.5660             0.0084                  3.32                 3.25                  6.57        0.0015            1.65
   16       5            7.0580         118.5673             0.0084                  3.32                 3.31                  6.63        0.0015            1.66

Summary Statistics:
------------------------------------------------------------------------------------------------------------------------
            Comp     Groups  Wall Time/Evt (s)  CPU Time/Evt (s)  Throughput (evt/s)  Write Remote (MB/evt)  Read Remote (MB/evt)  Net Transfer (MB/evt)  CPU Cores/Evt  Memory/Evt (MB)
count  16.000000  16.000000          16.000000         16.000000           16.000000              16.000000             16.000000              16.000000      16.000000        16.000000
mean    8.500000   3.000000           7.032713        227.590814            0.005436               1.884766              1.655273               3.540039       0.002697         2.884500
std     4.760952   1.032796           0.019516        125.059060            0.002124               1.152134              1.168838               2.312666       0.001442         1.343618
min     1.000000   1.000000           7.009280        118.565951            0.002241               0.449219              0.000000               0.449219       0.001461         1.654000
25%     4.750000   2.000000           7.016281        144.781831            0.004277               1.035156              0.695801               1.730957       0.001751         2.115000
50%     8.500000   3.000000           7.030960        174.465966            0.005736               1.884766              1.655273               3.540039       0.002063         2.342000
75%    12.250000   4.000000           7.048437        258.084465            0.006907               2.734375              2.614746               5.349121       0.003048         3.107000
max    16.000000   5.000000           7.058043        446.199537            0.008434               3.320312              3.310547               6.630859       0.005192         5.200000
