Workflow Construction Summary Table
========================================================================================================================

 Comp  Groups Wall Time/Evt (s) CPU Time/Evt (s) Throughput (evt/s) Write Remote (MB/evt) Read Remote (MB/evt) Net Transfer (MB/evt) CPU Cores/Evt Memory/Evt (MB)
    1       1            6.9864         444.3646             0.0023                  0.45                 0.00                  0.45        0.0052            5.18
    2       2            6.9864         441.3648             0.0023                  0.45                 0.06                  0.51        0.0052            5.20
    3       2            6.9864         420.3647             0.0024                  0.45                 0.38                  0.83        0.0050            4.99
    4       2            6.9864         202.2432             0.0049                  1.23                 0.78                  2.01        0.0024            2.46
    5       2            6.9864         167.5456             0.0060                  2.54                 2.09                  4.63        0.0020            2.46
    6       3            6.9864         420.3647             0.0024                  0.45                 0.44                  0.89        0.0050            4.99
    7       3            6.9864         199.2432             0.0050                  1.23                 0.84                  2.08        0.0024            2.41
    8       3            6.9864         164.5456             0.0061                  2.54                 2.15                  4.69        0.0020            2.48
    9       3            6.9864         178.2432             0.0056                  1.23                 1.16                  2.39        0.0021            2.20
   10       3            6.9864         143.5456             0.0070                  2.54                 2.47                  5.00        0.0018            2.27
   11       3            6.9864         140.6432             0.0071                  3.32                 2.87                  6.19        0.0017            1.85
   12       4            6.9864         178.2432             0.0056                  1.23                 1.22                  2.45        0.0021            2.20
   13       4            6.9864         143.5456             0.0070                  2.54                 2.53                  5.07        0.0018            2.27
   14       4            6.9864         137.6432             0.0073                  3.32                 2.93                  6.25        0.0017            1.87
   15       4            6.9864         116.6432             0.0086                  3.32                 3.25                  6.57        0.0015            1.65
   16       5            6.9864         116.6432             0.0086                  3.32                 3.31                  6.63        0.0015            1.66

Summary Statistics:
------------------------------------------------------------------------------------------------------------------------
            Comp     Groups  Wall Time/Evt (s)  CPU Time/Evt (s)  Throughput (evt/s)  Write Remote (MB/evt)  Read Remote (MB/evt)  Net Transfer (MB/evt)  CPU Cores/Evt  Memory/Evt (MB)
count  16.000000  16.000000       1.600000e+01         16.000000           16.000000              16.000000             16.000000              16.000000      16.000000        16.000000
mean    8.500000   3.000000       6.986397e+00        225.949176            0.005497               1.884766              1.655273               3.540039       0.002697         2.884500
std     4.760952   1.032796       8.594511e-07        125.236748            0.002168               1.152134              1.168838               2.312666       0.001442         1.343618
min     1.000000   1.000000       6.986395e+00        116.643198            0.002250               0.449219              0.000000               0.449219       0.001461         1.654000
25%     4.750000   2.000000       6.986397e+00        142.819990            0.004303               1.035156              0.695801               1.730957       0.001751         2.115000
50%     8.500000   3.000000       6.986397e+00        172.894393            0.005789               1.884766              1.655273               3.540039       0.002063         2.342000
75%    12.250000   4.000000       6.986397e+00        256.773583            0.007002               2.734375              2.614746               5.349121       0.003048         3.107000
max    16.000000   5.000000       6.986399e+00        444.364637            0.008573               3.320312              3.310547               6.630859       0.005192         5.200000
