Workflow Construction Summary Table
========================================================================================================================

 Comp  Groups Wall Time/Evt (s) CPU Time/Evt (s) Throughput (evt/s) Write Remote (MB/evt) Read Remote (MB/evt) Net Transfer (MB/evt) CPU Cores/Evt Memory/Evt (MB)
    1       1            9.7916          69.0258             0.0145                  0.45                 0.00                  0.45        0.0201           20.10
    2       2            9.6387          67.6877             0.0148                  0.45                 0.08                  0.53        0.0200           20.02
    3       2            9.4901          64.9392             0.0154                  0.45                 0.44                  0.89        0.0195           19.52
    4       2            9.4316          56.6893             0.0176                  2.53                 2.41                  4.94        0.0172           18.31
    5       2            9.4087          51.0956             0.0196                  1.23                 0.90                  2.12        0.0156           13.13
    6       3            9.4712          64.0576             0.0156                  0.45                 0.50                  0.95        0.0193           19.54
    7       3            9.3860          56.5310             0.0177                  2.53                 2.48                  5.01        0.0172           18.25
    8       3            9.3407          50.8833             0.0197                  1.23                 0.97                  2.19        0.0156           13.06
    9       3            9.3576          56.5032             0.0177                  2.53                 2.82                  5.35        0.0172           17.75
   10       3            9.2862          50.7025             0.0197                  1.23                 1.33                  2.56        0.0156           12.53
   11       3            9.3494          50.8915             0.0196                  3.32                 3.30                  6.61        0.0156           12.76
   12       4            9.3365          55.5859             0.0180                  2.53                 2.89                  5.42        0.0170           17.73
   13       4            9.2694          49.8179             0.0201                  1.23                 1.39                  2.62        0.0154           12.55
   14       4            9.3009          50.7203             0.0197                  3.31                 3.37                  6.68        0.0157           12.73
   15       4            9.2739          50.6280             0.0198                  3.31                 3.71                  7.02        0.0157           12.14
   16       5            9.2484          49.7150             0.0201                  3.30                 3.77                  7.07        0.0154           12.18

Summary Statistics:
------------------------------------------------------------------------------------------------------------------------
            Comp     Groups  Wall Time/Evt (s)  CPU Time/Evt (s)  Throughput (evt/s)  Write Remote (MB/evt)  Read Remote (MB/evt)  Net Transfer (MB/evt)  CPU Cores/Evt  Memory/Evt (MB)
count  16.000000  16.000000          16.000000         16.000000           16.000000              16.000000             16.000000              16.000000      16.000000        16.000000
mean    8.500000   3.000000           9.398807         55.967116            0.018096               1.878488              1.896789               3.775277       0.017011        15.768750
std     4.760952   1.032796           0.144991          6.787842            0.002018               1.147442              1.335951               2.474804       0.001763         3.316852
min     1.000000   1.000000           9.248402         49.714997            0.014487               0.447971              0.000000               0.448283       0.015398        12.144000
25%     4.750000   2.000000           9.297193         50.715820            0.017133               1.032390              0.797103               1.829337       0.015643        12.684500
50%     8.500000   3.000000           9.353494         53.340770            0.018781               1.879033              1.899933               3.778366       0.016307        15.427000
75%    12.250000   4.000000           9.441520         58.531384            0.019718               2.722213              2.989679               5.715999       0.017743        18.612500
max    16.000000   5.000000           9.791556         69.025836            0.020115               3.316545              3.772331               7.067478       0.020104        20.104000
