Workflow Construction Summary Table
========================================================================================================================

 Comp  Groups Wall Time/Evt (s) CPU Time/Evt (s) Throughput (evt/s) Write Remote (MB/evt) Read Remote (MB/evt) Net Transfer (MB/evt) CPU Cores/Evt Memory/Evt (MB)
    1       1            7.0354          55.9351             0.0179                  0.45                 0.00                  0.45        0.0013            1.29
    2       2            7.0255          55.6562             0.0180                  0.45                 0.06                  0.51        0.0013            1.29
    3       2            7.0158          54.1732             0.0185                  0.45                 0.38                  0.83        0.0013            1.26
    4       2            7.0133          47.6987             0.0210                  2.54                 2.09                  4.63        0.0011            1.18
    5       2            7.0112          43.2342             0.0231                  1.23                 0.78                  2.01        0.0010            0.85
    6       3            7.0153          53.4694             0.0187                  0.45                 0.44                  0.89        0.0012            1.26
    7       3            7.0105          47.6877             0.0210                  2.54                 2.16                  4.70        0.0011            1.18
    8       3            7.0068          43.2166             0.0231                  1.23                 0.85                  2.08        0.0010            0.84
    9       3            7.0087          47.6802             0.0210                  2.54                 2.47                  5.01        0.0011            1.14
   10       3            7.0029          43.2012             0.0231                  1.23                 1.16                  2.39        0.0010            0.81
   11       3            7.0080          43.2215             0.0231                  3.32                 2.88                  6.20        0.0010            0.83
   12       4            7.0082          46.9764             0.0213                  2.54                 2.53                  5.07        0.0011            1.15
   13       4            7.0024          42.4972             0.0235                  1.23                 1.22                  2.45        0.0010            0.81
   14       4            7.0052          43.2102             0.0231                  3.32                 2.94                  6.26        0.0010            0.82
   15       4            7.0033          43.2029             0.0231                  3.32                 3.26                  6.58        0.0010            0.79
   16       5            7.0028          42.4991             0.0235                  3.32                 3.32                  6.64        0.0010            0.79

Summary Statistics:
------------------------------------------------------------------------------------------------------------------------
            Comp     Groups  Wall Time/Evt (s)  CPU Time/Evt (s)  Throughput (evt/s)  Write Remote (MB/evt)  Read Remote (MB/evt)  Net Transfer (MB/evt)  CPU Cores/Evt  Memory/Evt (MB)
count  16.000000  16.000000          16.000000         16.000000           16.000000              16.000000             16.000000              16.000000      16.000000        16.000000
mean    8.500000   3.000000           7.010958         47.097489            0.021444               1.884766              1.659181               3.543947       0.001096         1.017950
std     4.760952   1.032796           0.008919          5.005754            0.002128               1.152134              1.171981               2.315815       0.000114         0.212541
min     1.000000   1.000000           7.002381         42.497238            0.017878               0.449219              0.000000               0.449219       0.000991         0.787600
25%     4.750000   2.000000           7.004707         43.208377            0.020399               1.035156              0.697434               1.732590       0.001007         0.817500
50%     8.500000   3.000000           7.008424         45.105310            0.022209               1.884766              1.658780               3.543546       0.001051         0.996300
75%    12.250000   4.000000           7.013814         49.141407            0.023144               2.734375              2.620874               5.355249       0.001144         1.200050
max    16.000000   5.000000           7.035383         55.935088            0.023531               3.320312              3.319258               6.639570       0.001294         1.294400
