Workflow Construction Summary Table
========================================================================================================================

 Comp  Groups Wall Time/Evt (s) CPU Time/Evt (s) Throughput (evt/s) Write Remote (MB/evt) Read Remote (MB/evt) Net Transfer (MB/evt) CPU Cores/Evt Memory/Evt (MB)
    1       1           10.2040          77.6655             0.0129                  0.45                 0.00                  0.45        0.0682           68.17
    2       2            9.6825          73.4703             0.0136                  0.45                 0.07                  0.51        0.0679           67.92
    3       2            9.1550          67.7347             0.0148                  0.45                 0.40                  0.85        0.0662           66.15
    4       2            8.8648          57.2356             0.0175                  2.54                 2.20                  4.74        0.0583           62.09
    5       2            8.8666          50.8396             0.0197                  1.23                 0.82                  2.06        0.0528           44.71
    6       3            9.1259          66.8246             0.0150                  0.45                 0.47                  0.92        0.0653           66.18
    7       3            8.7139          56.6642             0.0176                  2.54                 2.27                  4.81        0.0583           61.88
    8       3            8.6283          49.9423             0.0200                  1.23                 0.89                  2.12        0.0528           44.44
    9       3            8.6014          56.2425             0.0178                  2.54                 2.60                  5.14        0.0583           60.18
   10       3            8.4100          49.1066             0.0204                  1.23                 1.22                  2.45        0.0528           42.78
   11       3            8.5197          49.5271             0.0202                  3.32                 3.03                  6.35        0.0528           43.34
   12       4            8.5731          55.3425             0.0181                  2.54                 2.66                  5.20        0.0575           60.15
   13       4            8.3810          48.1987             0.0207                  1.23                 1.29                  2.52        0.0519           42.73
   14       4            8.3690          48.9542             0.0204                  3.32                 3.10                  6.42        0.0528           43.14
   15       4            8.2563          48.5277             0.0206                  3.32                 3.42                  6.74        0.0528           41.41
   16       5            8.2287          47.6252             0.0210                  3.32                 3.49                  6.81        0.0520           41.41

Summary Statistics:
------------------------------------------------------------------------------------------------------------------------
            Comp     Groups  Wall Time/Evt (s)  CPU Time/Evt (s)  Throughput (evt/s)  Write Remote (MB/evt)  Read Remote (MB/evt)  Net Transfer (MB/evt)  CPU Cores/Evt  Memory/Evt (MB)
count  16.000000  16.000000          16.000000         16.000000           16.000000              16.000000             16.000000              16.000000      16.000000        16.000000
mean    8.500000   3.000000           8.786257         56.493840            0.018138               1.884718              1.745463               3.630181       0.057541        53.541625
std     4.760952   1.032796           0.537254          9.720274            0.002731               1.152147              1.232246               2.375876       0.006070        11.164712
min     1.000000   1.000000           8.228698         47.625202            0.012876               0.449219              0.000000               0.449219       0.051948        41.405000
25%     4.750000   2.000000           8.402761         49.068536            0.016845               1.035018              0.734930               1.770086       0.052811        43.046750
50%     8.500000   3.000000           8.614841         53.091041            0.018870               1.884660              1.746258               3.630932       0.055142        52.430000
75%    12.250000   4.000000           8.931415         59.632860            0.020380               2.734375              2.753967               5.488184       0.060047        63.108500
max    16.000000   5.000000          10.203992         77.665536            0.020997               3.320312              3.490809               6.811121       0.068168        68.168000
