Workflow Construction Summary Table
========================================================================================================================

 Comp  Groups Wall Time/Evt (s) CPU Time/Evt (s) Throughput (evt/s) Write Remote (MB/evt) Read Remote (MB/evt) Net Transfer (MB/evt) CPU Cores/Evt Memory/Evt (MB)
    1       2           51.4725         180.7799             0.0055                  0.89                 0.62                  1.50        0.0047            9.48
    2       2           51.4725         180.7799             0.0055                  0.89                 0.62                  1.50        0.0047            9.48
    3       3           51.4672         180.7687             0.0055                  0.89                 0.78                  1.67        0.0047            9.48
    4       3           51.4672         180.7687             0.0055                  0.89                 0.78                  1.67        0.0047            9.48
    5       3           51.3953         180.5221             0.0055                  0.89                 0.78                  1.67        0.0047            9.48
    6       3           51.3953         180.5221             0.0055                  0.89                 0.78                  1.67        0.0047            9.48
    7       3           51.4228         180.6009             0.0055                  1.50                 1.32                  2.83        0.0047            9.48
    8       3           51.4228         180.6009             0.0055                  1.50                 1.32                  2.83        0.0047            9.48
    9       3           51.3391         180.3125             0.0055                  0.89                 1.24                  2.13        0.0047            9.48
   10       3           51.2915         180.1736             0.0056                  2.06                 1.99                  4.05        0.0047            9.48
   11       3           51.2915         180.1736             0.0056                  2.06                 1.99                  4.05        0.0047            9.48
   12       4           51.4080         180.5469             0.0055                  0.89                 0.96                  1.85        0.0047            9.49
   13       4           51.4080         180.5469             0.0055                  0.89                 0.96                  1.85        0.0047            9.49
   14       4           51.4203         180.5951             0.0055                  1.50                 1.49                  2.99        0.0047            9.48
   15       4           51.4203         180.5951             0.0055                  1.50                 1.49                  2.99        0.0047            9.48
   16       4           51.3341         180.3021             0.0055                  0.89                 1.40                  2.29        0.0047            9.49
   17       4           51.3341         180.3021             0.0055                  0.89                 1.40                  2.29        0.0047            9.49
   18       4           51.3440         180.3411             0.0055                  1.50                 1.50                  3.01        0.0047            9.49
   19       4           51.3440         180.3411             0.0055                  1.50                 1.50                  3.01        0.0047            9.49
   20       4           51.2689         180.1278             0.0056                  2.06                 2.15                  4.21        0.0047            9.48
   21       4           51.1865         179.9049             0.0056                  2.68                 2.70                  5.37        0.0047            9.46
   22       4           51.2689         180.1278             0.0056                  2.06                 2.15                  4.21        0.0047            9.48
   23       4           51.1865         179.9049             0.0056                  2.68                 2.70                  5.37        0.0047            9.46
   24       4           51.2482         180.0690             0.0056                  2.06                 2.14                  4.20        0.0047            9.48
   25       4           51.2482         180.0690             0.0056                  2.06                 2.14                  4.20        0.0047            9.48
   26       4           51.1588         179.8823             0.0056                  2.06                 2.60                  4.66        0.0047            9.46
   27       4           51.1921         179.9429             0.0056                  1.50                 1.95                  3.45        0.0047            9.46
   28       5           51.3364         180.3059             0.0055                  0.89                 1.57                  2.46        0.0048            9.50
   29       5           51.2877         180.2278             0.0055                  1.50                 1.66                  3.17        0.0047            9.49
   30       5           51.2877         180.2278             0.0055                  1.50                 1.66                  3.17        0.0047            9.49
   31       5           51.2125         179.9564             0.0056                  2.68                 2.87                  5.54        0.0047            9.49
   32       5           51.2125         179.9564             0.0056                  2.68                 2.87                  5.54        0.0047            9.49
   33       5           51.2453         180.0624             0.0056                  2.06                 2.31                  4.37        0.0047            9.48
   34       5           51.2453         180.0624             0.0056                  2.06                 2.31                  4.37        0.0047            9.48
   35       5           51.1735         179.9108             0.0056                  2.06                 2.76                  4.82        0.0047            9.47
   36       5           51.1735         179.9108             0.0056                  2.06                 2.76                  4.82        0.0047            9.47
   37       5           51.1961         179.9503             0.0056                  1.50                 2.11                  3.62        0.0047            9.47
   38       5           51.1961         179.9503             0.0056                  1.50                 2.11                  3.62        0.0047            9.47
   39       5           51.1507         179.8153             0.0056                  2.68                 2.85                  5.53        0.0047            9.48
   40       5           51.1507         179.8153             0.0056                  2.68                 2.85                  5.53        0.0047            9.48
   41       5           51.0956         179.6972             0.0056                  2.68                 3.32                  6.00        0.0047            9.46
   42       6           51.1761         179.9154             0.0056                  2.06                 2.92                  4.98        0.0047            9.48
   43       6           51.1643         179.8861             0.0056                  1.50                 2.27                  3.77        0.0047            9.47
   44       6           51.1328         179.7788             0.0056                  2.68                 3.01                  5.69        0.0047            9.48
   45       6           51.1328         179.7788             0.0056                  2.68                 3.01                  5.69        0.0047            9.48
   46       6           50.9885         179.4822             0.0056                  2.68                 3.46                  6.14        0.0047            9.45
   47       6           50.9885         179.4822             0.0056                  2.68                 3.46                  6.14        0.0047            9.45
   48       7           51.0564         179.6173             0.0056                  2.68                 3.64                  6.32        0.0047            9.47

Summary Statistics:
------------------------------------------------------------------------------------------------------------------------
        Comp     Groups  Wall Time/Evt (s)  CPU Time/Evt (s)  Throughput (evt/s)  Write Remote (MB/evt)  Read Remote (MB/evt)  Net Transfer (MB/evt)  CPU Cores/Evt  Memory/Evt (MB)
count  48.00  48.000000          48.000000         48.000000           48.000000              48.000000             48.000000              48.000000      48.000000        48.000000
mean   24.50   4.333333          51.266895        180.153996            0.005551               1.782451              2.025866               3.808317       0.004739         9.477033
std    14.00   1.117241           0.125632          0.347483            0.000011               0.668887              0.837267               1.478446       0.000006         0.011080
min     1.00   2.000000          50.988526        179.482199            0.005532               0.888672              0.615462               1.504134       0.004724         9.448000
25%    12.75   4.000000          51.175414        179.909356            0.005544               1.350435              1.400511               2.735414       0.004735         9.470400
50%    24.50   4.000000          51.258548        180.098413            0.005553               1.782451              2.114904               3.909611       0.004739         9.477600
75%    36.25   5.000000          51.356815        180.386381            0.005558               2.214468              2.758223               5.082242       0.004742         9.483200
max    48.00   7.000000          51.472454        180.779936            0.005572               2.676230              3.642828               6.319058       0.004751         9.502400
