Workflow Construction Summary Table
========================================================================================================================

 Comp  Groups Wall Time/Evt (s) CPU Time/Evt (s) Throughput (evt/s) Write Remote (MB/evt) Read Remote (MB/evt) Net Transfer (MB/evt) CPU Cores/Evt Memory/Evt (MB)
    1       2           42.3024        2559.6800             0.0004                  0.89                 0.55                  1.44        0.3512          352.37
    2       2           42.3024        2559.6800             0.0004                  0.89                 0.55                  1.44        0.3512          352.37
    3       3           42.2926        2558.7025             0.0004                  0.89                 0.70                  1.59        0.3511          352.02
    4       3           42.2926        2558.7025             0.0004                  0.89                 0.70                  1.59        0.3511          352.02
    5       3           41.9627        2519.0528             0.0004                  0.89                 0.70                  1.59        0.3477          348.89
    6       3           41.9627        2519.0528             0.0004                  0.89                 0.70                  1.59        0.3477          348.89
    7       3           41.9812        2536.8146             0.0004                  1.50                 1.18                  2.69        0.3495          350.56
    8       3           41.9812        2536.8146             0.0004                  1.50                 1.18                  2.69        0.3495          350.56
    9       3           41.6395        2436.2246             0.0004                  0.89                 1.10                  1.99        0.3396          341.89
   10       3           41.3834         748.5927             0.0013                  2.06                 1.75                  3.81        0.1042          140.52
   11       3           41.3834         748.5927             0.0013                  2.06                 1.75                  3.81        0.1042          140.52
   12       4           41.9464        2518.1167             0.0004                  0.89                 0.85                  1.74        0.3476          348.55
   13       4           41.9464        2518.1167             0.0004                  0.89                 0.85                  1.74        0.3476          348.55
   14       4           41.9715        2536.0224             0.0004                  1.50                 1.33                  2.84        0.3494          350.26
   15       4           41.9715        2536.0224             0.0004                  1.50                 1.33                  2.84        0.3494          350.26
   16       4           41.6260        2435.7359             0.0004                  0.89                 1.25                  2.14        0.3396          341.66
   17       4           41.6260        2435.7359             0.0004                  0.89                 1.25                  2.14        0.3396          341.66
   18       4           41.6508        2496.5429             0.0004                  1.50                 1.33                  2.84        0.3477          348.81
   19       4           41.6508        2496.5429             0.0004                  1.50                 1.33                  2.84        0.3477          348.81
   20       4           41.3698         747.5010             0.0013                  2.06                 1.90                  3.96        0.1041          140.15
   21       4           41.0953         622.6524             0.0016                  2.68                 2.38                  5.06        0.0866          140.22
   22       4           41.3698         747.5010             0.0013                  2.06                 1.90                  3.96        0.1041          140.15
   23       4           41.0953         622.6524             0.0016                  2.68                 2.38                  5.06        0.0866          140.22
   24       4           41.3195         724.9476             0.0014                  2.06                 1.90                  3.96        0.1015          137.85
   25       4           41.3195         724.9476             0.0014                  2.06                 1.90                  3.96        0.1015          137.85
   26       4           41.2494         659.8063             0.0015                  2.06                 2.30                  4.36        0.0928          130.22
   27       4           41.3334        2414.4620             0.0004                  1.50                 1.73                  3.24        0.3380          340.23
   28       5           41.6220        2435.2048             0.0004                  0.89                 1.40                  2.28        0.3396          341.42
   29       5           41.6409        2495.6579             0.0004                  1.50                 1.48                  2.99        0.3475          348.48
   30       5           41.6409        2495.6579             0.0004                  1.50                 1.48                  2.99        0.3475          348.48
   31       5           41.0841         621.6765             0.0016                  2.68                 2.53                  5.21        0.0865          139.87
   32       5           41.0841         621.6765             0.0016                  2.68                 2.53                  5.21        0.0865          139.87
   33       5           41.3082         723.9715             0.0014                  2.06                 2.05                  4.11        0.1014          137.50
   34       5           41.3082         723.9715             0.0014                  2.06                 2.05                  4.11        0.1014          137.50
   35       5           41.2309         658.8200             0.0015                  2.06                 2.45                  4.51        0.0927          129.86
   36       5           41.2309         658.8200             0.0015                  2.06                 2.45                  4.51        0.0927          129.86
   37       5           41.3113        2413.0657             0.0004                  1.50                 1.88                  3.39        0.3377          339.76
   38       5           41.3113        2413.0657             0.0004                  1.50                 1.88                  3.39        0.3377          339.76
   39       5           41.0272         598.3348             0.0017                  2.68                 2.53                  5.21        0.0838          137.39
   40       5           41.0272         598.3348             0.0017                  2.68                 2.53                  5.21        0.0838          137.39
   41       5           40.9815         533.6532             0.0019                  2.68                 2.93                  5.61        0.0752          129.91
   42       6           41.2225         657.7973             0.0015                  2.06                 2.60                  4.66        0.0925          129.49
   43       6           41.2978        2411.9517             0.0004                  1.50                 2.03                  3.54        0.3376          339.37
   44       6           41.0180         597.7582             0.0017                  2.68                 2.68                  5.36        0.0837          137.15
   45       6           41.0180         597.7582             0.0017                  2.68                 2.68                  5.36        0.0837          137.15
   46       6           40.9716         532.6724             0.0019                  2.68                 3.08                  5.76        0.0750          129.54
   47       6           40.9716         532.6724             0.0019                  2.68                 3.08                  5.76        0.0750          129.54
   48       7           40.9560         531.7422             0.0019                  2.68                 3.23                  5.91        0.0749          129.20

Summary Statistics:
------------------------------------------------------------------------------------------------------------------------
        Comp     Groups  Wall Time/Evt (s)  CPU Time/Evt (s)  Throughput (evt/s)  Write Remote (MB/evt)  Read Remote (MB/evt)  Net Transfer (MB/evt)  CPU Cores/Evt  Memory/Evt (MB)
count  48.00  48.000000          48.000000         48.000000           48.000000              48.000000             48.000000              48.000000      48.000000        48.000000
mean   24.50   4.333333          41.485208       1570.280804            0.000983               1.782451              1.799476               3.581927       0.218064       241.344950
std    14.00   1.117241           0.406130        934.912447            0.000602               0.668887              0.741625               1.383680       0.129065       106.771075
min     1.00   2.000000          40.955968        531.742219            0.000391               0.888672              0.549900               1.438572       0.074908       129.195600
25%    12.75   4.000000          41.190702        649.011055            0.000400               1.350435              1.247794               2.585872       0.091047       137.474400
50%    24.50   4.000000          41.351621       1580.272227            0.000875               1.782451              1.884199               3.676261       0.220883       239.945600
75%    36.25   5.000000          41.724701       2501.936308            0.001542               2.214468              2.449946               4.760229       0.347605       348.614500
max    48.00   7.000000          42.302424       2559.679970            0.001881               2.676230              3.229202               5.905433       0.351235       352.372800
