Workflow Construction Summary Table
========================================================================================================================

 Comp  Groups Wall Time/Evt (s) CPU Time/Evt (s) Throughput (evt/s) Write Remote (MB/evt) Read Remote (MB/evt) Net Transfer (MB/evt) CPU Cores/Evt Memory/Evt (MB)
    1       2           52.3773        2846.8615             0.0004                  0.89                 0.62                  1.51        0.2214          222.11
    2       2           52.3773        2846.8615             0.0004                  0.89                 0.62                  1.51        0.2214          222.11
    3       3           52.3809        2845.9077             0.0004                  0.89                 0.79                  1.68        0.2213          221.91
    4       3           52.3809        2845.9077             0.0004                  0.89                 0.79                  1.68        0.2213          221.91
    5       3           52.1579        2812.6138             0.0004                  0.89                 0.79                  1.68        0.2197          220.42
    6       3           52.1579        2812.6138             0.0004                  0.89                 0.79                  1.68        0.2197          220.42
    7       3           52.1790        2832.0773             0.0004                  1.50                 1.34                  2.85        0.2208          221.50
    8       3           52.1790        2832.0773             0.0004                  1.50                 1.34                  2.85        0.2208          221.50
    9       3           51.9122        2729.6988             0.0004                  0.89                 1.25                  2.14        0.2139          215.31
   10       3           51.7730         839.7601             0.0012                  2.06                 1.99                  4.05        0.0659           88.80
   11       3           51.7730         839.7601             0.0012                  2.06                 1.99                  4.05        0.0659           88.80
   12       4           52.1359        2811.5257             0.0004                  0.89                 0.96                  1.85        0.2196          220.20
   13       4           52.1359        2811.5257             0.0004                  0.89                 0.96                  1.85        0.2196          220.20
   14       4           52.1778        2831.4379             0.0004                  1.50                 1.51                  3.02        0.2208          221.33
   15       4           52.1778        2831.4379             0.0004                  1.50                 1.51                  3.02        0.2208          221.33
   16       4           51.8985        2728.6178             0.0004                  0.89                 1.42                  2.31        0.2138          215.09
   17       4           51.8985        2728.6178             0.0004                  0.89                 1.42                  2.31        0.2138          215.09
   18       4           51.9802        2799.2175             0.0004                  1.50                 1.51                  3.01        0.2193          219.99
   19       4           51.9802        2799.2175             0.0004                  1.50                 1.51                  3.01        0.2193          219.99
   20       4           51.7480         838.0011             0.0012                  2.06                 2.15                  4.21        0.0658           88.51
   21       4           51.6010         697.8764             0.0014                  2.68                 2.70                  5.38        0.0548           88.68
   22       4           51.7480         838.0011             0.0012                  2.06                 2.15                  4.21        0.0658           88.51
   23       4           51.6010         697.8764             0.0014                  2.68                 2.70                  5.38        0.0548           88.68
   24       4           51.7134         815.3652             0.0012                  2.06                 2.16                  4.22        0.0642           87.12
   25       4           51.7134         815.3652             0.0012                  2.06                 2.16                  4.22        0.0642           87.12
   26       4           51.6981         741.6573             0.0013                  2.06                 2.60                  4.67        0.0584           82.07
   27       4           51.7399        2717.7528             0.0004                  1.50                 1.96                  3.46        0.2136          215.02
   28       5           51.8897        2727.5260             0.0004                  0.89                 1.59                  2.48        0.2137          214.86
   29       5           51.9499        2797.2813             0.0004                  1.50                 1.68                  3.19        0.2191          219.67
   30       5           51.9499        2797.2813             0.0004                  1.50                 1.68                  3.19        0.2191          219.67
   31       5           51.5892         696.5397             0.0014                  2.68                 2.87                  5.55        0.0547           88.45
   32       5           51.5892         696.5397             0.0014                  2.68                 2.87                  5.55        0.0547           88.45
   33       5           51.7148         813.4784             0.0012                  2.06                 2.32                  4.38        0.0640           86.79
   34       5           51.7148         813.4784             0.0012                  2.06                 2.32                  4.38        0.0640           86.79
   35       5           51.6238         739.7841             0.0014                  2.06                 2.76                  4.82        0.0582           81.73
   36       5           51.6238         739.7841             0.0014                  2.06                 2.76                  4.82        0.0582           81.73
   37       5           51.7365        2716.4992             0.0004                  1.50                 2.13                  3.64        0.2135          214.78
   38       5           51.7365        2716.4992             0.0004                  1.50                 2.13                  3.64        0.2135          214.78
   39       5           51.5309         671.7494             0.0015                  2.68                 2.87                  5.55        0.0528           86.78
   40       5           51.5309         671.7494             0.0015                  2.68                 2.87                  5.55        0.0528           86.78
   41       5           51.4408         599.9349             0.0017                  2.68                 3.32                  5.99        0.0473           81.89
   42       6           51.6747         738.8259             0.0014                  2.06                 2.95                  5.01        0.0581           81.53
   43       6           51.7233        2715.2883             0.0004                  1.50                 2.30                  3.80        0.2134          214.55
   44       6           51.4673         669.1795             0.0015                  2.68                 3.04                  5.71        0.0526           86.37
   45       6           51.4673         669.1795             0.0015                  2.68                 3.04                  5.71        0.0526           86.37
   46       6           51.4390         599.5241             0.0017                  2.68                 3.48                  6.16        0.0473           81.80
   47       6           51.4390         599.5241             0.0017                  2.68                 3.48                  6.16        0.0473           81.80
   48       7           51.4474         598.1779             0.0017                  2.68                 3.66                  6.34        0.0472           81.51

Summary Statistics:
------------------------------------------------------------------------------------------------------------------------
        Comp     Groups  Wall Time/Evt (s)  CPU Time/Evt (s)  Throughput (evt/s)  Write Remote (MB/evt)  Read Remote (MB/evt)  Net Transfer (MB/evt)  CPU Cores/Evt  Memory/Evt (MB)
count  48.00  48.000000          48.000000         48.000000           48.000000              48.000000             48.000000              48.000000      48.000000         48.00000
mean   24.50   4.333333          51.830719       1757.822027            0.000876               1.782451              2.038647               3.821098       0.137596        152.30870
std    14.00   1.117241           0.280237       1044.279271            0.000536               0.668887              0.838920               1.479730       0.081454         67.36636
min     1.00   2.000000          51.439019        598.177949            0.000351               0.888672              0.621255               1.509926       0.047177         81.51300
25%    12.75   4.000000          51.618060        728.588527            0.000357               1.350435              1.418733               2.754266       0.057309         86.78925
50%    24.50   4.000000          51.743993       1777.524183            0.000780               1.782451              2.131576               3.929526       0.139663        151.67710
75%    36.25   5.000000          52.019097       2802.294525            0.001373               2.214468              2.759824               5.101981       0.219347        220.04540
max    48.00   7.000000          52.380932       2846.861484            0.001672               2.676230              3.659030               6.335260       0.221392        222.10720
