Workflow Construction Summary Table
========================================================================================================================

 Comp  Groups Wall Time/Evt (s) CPU Time/Evt (s) Throughput (evt/s) Write Remote (MB/evt) Read Remote (MB/evt) Net Transfer (MB/evt) CPU Cores/Evt Memory/Evt (MB)
    1       1            9.7292         607.4192             0.0016                  0.45                 0.00                  0.45        0.5177          517.67
    2       2            9.2385         573.0677             0.0017                  0.45                 0.07                  0.51        0.5139          514.14
    3       2            8.6026         270.1963             0.0037                  1.23                 0.80                  2.03        0.2366          241.05
    4       2            8.7681         516.8629             0.0019                  0.45                 0.38                  0.83        0.4895          492.34
    5       2            8.8518         221.5559             0.0045                  2.54                 2.14                  4.68        0.1956          241.56
    6       3            8.7475         516.7420             0.0019                  0.45                 0.45                  0.90        0.4895          492.17
    7       3            8.3838         252.8289             0.0040                  1.23                 0.87                  2.10        0.2329          237.59
    8       3            8.6696         190.4805             0.0052                  3.32                 2.95                  6.27        0.1644          179.11
    9       3            8.7147         209.2736             0.0048                  2.54                 2.21                  4.75        0.1922          238.41
   10       3            8.6386         177.6481             0.0056                  2.54                 2.53                  5.07        0.1677          216.46
   11       3            8.2054         214.8235             0.0047                  1.23                 1.19                  2.42        0.2085          215.76
   12       4            8.6170         177.5707             0.0056                  2.54                 2.59                  5.13        0.1677          216.35
   13       4            8.1841         214.7592             0.0047                  1.23                 1.25                  2.48        0.2085          215.67
   14       4            8.5321         178.1961             0.0056                  3.32                 3.01                  6.33        0.1610          176.00
   15       4            8.4560         146.5378             0.0068                  3.32                 3.33                  6.65        0.1364          153.99
   16       5            8.4342         146.4807             0.0068                  3.32                 3.40                  6.72        0.1365          153.92

Summary Statistics:
------------------------------------------------------------------------------------------------------------------------
            Comp     Groups  Wall Time/Evt (s)  CPU Time/Evt (s)  Throughput (evt/s)  Write Remote (MB/evt)  Read Remote (MB/evt)  Net Transfer (MB/evt)  CPU Cores/Evt  Memory/Evt (MB)
count  16.000000  16.000000          16.000000         16.000000           16.000000              16.000000             16.000000              16.000000      16.000000        16.000000
mean    8.500000   3.000000           8.673333        288.402703            0.004331               1.884766              1.697846               3.582612       0.263669       281.386475
std     4.760952   1.032796           0.379319        162.656030            0.001726               1.152134              1.199114               2.342849       0.145560       135.898915
min     1.000000   1.000000           8.184104        146.480745            0.001646               0.449219              0.000000               0.449219       0.136444       153.916800
25%     4.750000   2.000000           8.450569        178.059140            0.003260               1.035156              0.713796               1.748952       0.166873       206.533600
50%     8.500000   3.000000           8.627811        214.791381            0.004656               1.884766              1.697579               3.582345       0.202055       227.028000
75%    12.250000   4.000000           8.752631        331.832694            0.005616               2.734375              2.682454               5.416829       0.299814       304.213000
max    16.000000   5.000000           9.729207        607.419165            0.006827               3.320312              3.395616               6.715928       0.517670       517.670400
