Workflow Construction Summary Table
========================================================================================================================

 Comp  Groups Wall Time/Evt (s) CPU Time/Evt (s) Throughput (evt/s) Write Remote (MB/evt) Read Remote (MB/evt) Net Transfer (MB/evt) CPU Cores/Evt Memory/Evt (MB)
    1       1            7.7275         470.5269             0.0021                  0.45                 0.00                  0.45        0.0170           17.00
    2       2            7.7109         466.3522             0.0021                  0.45                 0.07                  0.52        0.0169           16.89
    3       2            7.6911         215.3160             0.0046                  1.23                 0.82                  2.05        0.0078            7.92
    4       2            7.6764         442.7922             0.0023                  0.45                 0.39                  0.84        0.0160           16.14
    5       2            7.6856         179.2264             0.0056                  2.54                 2.21                  4.75        0.0065            7.95
    6       3            7.6755         442.6160             0.0023                  0.45                 0.46                  0.91        0.0160           16.13
    7       3            7.6902         211.6870             0.0047                  1.23                 0.89                  2.12        0.0077            7.83
    8       3            7.7130         151.1783             0.0066                  3.32                 3.02                  6.34        0.0054            5.92
    9       3            7.6904         175.8719             0.0057                  2.54                 2.28                  4.82        0.0064            7.88
   10       3            7.6937         153.4259             0.0065                  2.54                 2.61                  5.15        0.0056            7.14
   11       3            7.6794         189.0806             0.0053                  1.23                 1.22                  2.45        0.0069            7.09
   12       4            7.6744         153.3293             0.0065                  2.54                 2.67                  5.20        0.0055            7.13
   13       4            7.6729         189.0670             0.0053                  1.23                 1.28                  2.51        0.0069            7.09
   14       4            7.7090         147.7048             0.0068                  3.32                 3.09                  6.41        0.0053            5.82
   15       4            7.6853         125.0665             0.0080                  3.32                 3.41                  6.73        0.0045            5.07
   16       5            7.6850         125.0656             0.0080                  3.32                 3.47                  6.79        0.0045            5.07

Summary Statistics:
------------------------------------------------------------------------------------------------------------------------
            Comp     Groups  Wall Time/Evt (s)  CPU Time/Evt (s)  Throughput (evt/s)  Write Remote (MB/evt)  Read Remote (MB/evt)  Net Transfer (MB/evt)  CPU Cores/Evt  Memory/Evt (MB)
count  16.000000  16.000000          16.000000         16.000000           16.000000              16.000000             16.000000              16.000000      16.000000        16.000000
mean    8.500000   3.000000           7.691268        239.894171            0.005151               1.884766              1.741636               3.626402       0.008676         9.254550
std     4.760952   1.032796           0.015990        131.350338            0.002009               1.152134              1.230181               2.373973       0.004760         4.446592
min     1.000000   1.000000           7.672858        125.065648            0.002125               0.449219              0.000000               0.449219       0.004505         5.072000
25%     4.750000   2.000000           7.678685        152.791558            0.004048               1.035156              0.730924               1.766080       0.005516         6.799800
50%     8.500000   3.000000           7.687931        184.146737            0.005434               1.884766              1.743794               3.628560       0.006655         7.485800
75%    12.250000   4.000000           7.697511        272.140977            0.006545               2.734375              2.753704               5.488079       0.009841         9.996000
max    16.000000   5.000000           7.727533        470.526895            0.007996               3.320312              3.473923               6.794236       0.016998        16.998400
