Workflow Construction Summary Table
========================================================================================================================

 Comp  Groups Wall Time/Evt (s) CPU Time/Evt (s) Throughput (evt/s) Write Remote (MB/evt) Read Remote (MB/evt) Net Transfer (MB/evt) CPU Cores/Evt Memory/Evt (MB)
    1       1            7.0887         453.6795             0.0022                  0.45                 0.00                  0.45        0.0307           30.68
    2       2            7.0657         448.7509             0.0022                  0.45                 0.06                  0.51        0.0305           30.48
    3       2            7.1687         213.4775             0.0047                  1.23                 0.78                  2.01        0.0140           14.31
    4       2            7.0671         425.4017             0.0024                  0.45                 0.38                  0.83        0.0290           29.18
    5       2            7.4288         187.0499             0.0053                  2.54                 2.09                  4.63        0.0116           14.34
    6       3            7.0718         425.4205             0.0024                  0.45                 0.44                  0.89        0.0290           29.18
    7       3            7.1617         209.5789             0.0048                  1.23                 0.84                  2.08        0.0138           14.12
    8       3            7.5646         160.8788             0.0062                  3.32                 2.87                  6.19        0.0098           10.65
    9       3            7.4266         183.4577             0.0055                  2.54                 2.15                  4.69        0.0114           14.15
   10       3            7.4513         161.5999             0.0062                  2.54                 2.47                  5.00        0.0100           12.84
   11       3            7.1805         187.3340             0.0053                  1.23                 1.16                  2.39        0.0124           12.81
   12       4            7.4560         161.6187             0.0062                  2.54                 2.53                  5.07        0.0100           12.84
   13       4            7.1851         187.3528             0.0053                  1.23                 1.22                  2.45        0.0124           12.81
   14       4            7.5624         157.2866             0.0064                  3.32                 2.93                  6.25        0.0096           10.46
   15       4            7.5872         135.4288             0.0074                  3.32                 3.25                  6.57        0.0081            9.15
   16       5            7.5919         135.4476             0.0074                  3.32                 3.31                  6.63        0.0081            9.14

Summary Statistics:
------------------------------------------------------------------------------------------------------------------------
            Comp     Groups  Wall Time/Evt (s)  CPU Time/Evt (s)  Throughput (evt/s)  Write Remote (MB/evt)  Read Remote (MB/evt)  Net Transfer (MB/evt)  CPU Cores/Evt  Memory/Evt (MB)
count  16.000000  16.000000          16.000000         16.000000           16.000000              16.000000             16.000000              16.000000      16.000000        16.000000
mean    8.500000   3.000000           7.316136        239.610242            0.004986               1.884766              1.655273               3.540039       0.015645        16.696100
std     4.760952   1.032796           0.208463        120.670702            0.001784               1.152134              1.168838               2.312666       0.008619         8.045967
min     1.000000   1.000000           7.065678        135.428801            0.002204               0.449219              0.000000               0.449219       0.008103         9.140000
25%     4.750000   2.000000           7.143487        161.419659            0.004101               1.035156              0.695801               1.730957       0.009906        12.267000
50%     8.500000   3.000000           7.305862        187.191977            0.005342               1.884766              1.655273               3.540039       0.012000        13.483000
75%    12.250000   4.000000           7.482627        266.458560            0.006195               2.734375              2.614746               5.349121       0.017791        18.050600
max    16.000000   5.000000           7.591862        453.679480            0.007384               3.320312              3.310547               6.630859       0.030682        30.681600
