Workflow Construction Summary Table
========================================================================================================================

 Comp  Groups Wall Time/Evt (s) CPU Time/Evt (s) Throughput (evt/s) Write Remote (MB/evt) Read Remote (MB/evt) Net Transfer (MB/evt) CPU Cores/Evt Memory/Evt (MB)
    1       1            7.0593         449.0000             0.0022                  0.45                 0.00                  0.45        0.0155           15.54
    2       2            7.0444         445.0466             0.0022                  0.45                 0.06                  0.51        0.0154           15.44
    3       2            7.0293         422.4705             0.0024                  0.45                 0.38                  0.83        0.0147           14.75
    4       2            7.0208         205.0128             0.0049                  1.23                 0.79                  2.02        0.0071            7.24
    5       2            7.0203         169.3442             0.0059                  2.54                 2.10                  4.64        0.0059            7.29
    6       3            7.0285         422.4672             0.0024                  0.45                 0.45                  0.90        0.0147           14.75
    7       3            7.0141         201.5785             0.0050                  1.23                 0.85                  2.08        0.0070            7.16
    8       3            7.0159         166.0594             0.0060                  2.54                 2.17                  4.71        0.0058            7.17
    9       3            7.0043         179.6222             0.0056                  1.23                 1.17                  2.40        0.0063            6.48
   10       3            7.0127         144.2493             0.0069                  2.54                 2.48                  5.02        0.0050            6.50
   11       3            7.0101         142.4233             0.0070                  3.32                 2.89                  6.21        0.0050            5.40
   12       4            7.0043         179.5516             0.0056                  1.23                 1.23                  2.46        0.0062            6.47
   13       4            7.0119         144.2459             0.0069                  2.54                 2.54                  5.08        0.0050            6.50
   14       4            7.0058         139.1423             0.0072                  3.32                 2.95                  6.27        0.0049            5.32
   15       4            7.0025         117.3305             0.0085                  3.32                 3.26                  6.58        0.0041            4.63
   16       5            7.0017         117.3273             0.0085                  3.32                 3.33                  6.65        0.0041            4.63

Summary Statistics:
------------------------------------------------------------------------------------------------------------------------
            Comp     Groups  Wall Time/Evt (s)  CPU Time/Evt (s)  Throughput (evt/s)  Write Remote (MB/evt)  Read Remote (MB/evt)  Net Transfer (MB/evt)  CPU Cores/Evt  Memory/Evt (MB)
count  16.000000  16.000000          16.000000         16.000000           16.000000              16.000000             16.000000              16.000000      16.000000        16.000000
mean    8.500000   3.000000           7.017862        227.804480            0.005452               1.884766              1.665982               3.550747       0.007921         8.455125
std     4.760952   1.032796           0.015972        126.100861            0.002153               1.152134              1.174472               2.318225       0.004359         4.068263
min     1.000000   1.000000           7.001703        117.327251            0.002227               0.449219              0.000000               0.449219       0.004099         4.631200
25%     4.750000   2.000000           7.005408        143.790262            0.004250               1.035156              0.701387               1.736543       0.005017         6.200400
50%     8.500000   3.000000           7.013409        174.447905            0.005737               1.884766              1.667986               3.552752       0.006078         6.830200
75%    12.250000   4.000000           7.022702        259.376398            0.006955               2.734375              2.629302               5.363677       0.008998         9.152500
max    16.000000   5.000000           7.059267        449.000048            0.008523               3.320312              3.328349               6.648661       0.015539        15.539200
