Workflow Construction Summary Table
========================================================================================================================

 Comp  Groups Wall Time/Evt (s) CPU Time/Evt (s) Throughput (evt/s) Write Remote (MB/evt) Read Remote (MB/evt) Net Transfer (MB/evt) CPU Cores/Evt Memory/Evt (MB)
    1       1            7.8396         490.2384             0.0020                  0.45                 0.00                  0.45        0.1287          128.74
    2       2            7.7164         479.4003             0.0021                  0.45                 0.06                  0.51        0.1278          127.89
    3       2            7.5938         449.1817             0.0022                  0.45                 0.39                  0.84        0.1217          122.42
    4       2            7.5354         221.5634             0.0045                  1.23                 0.80                  2.03        0.0589           60.04
    5       2            7.5557         180.9164             0.0055                  2.54                 2.14                  4.68        0.0487           60.12
    6       3            7.5874         449.2023             0.0022                  0.45                 0.45                  0.90        0.1217          122.41
    7       3            7.4801         214.9470             0.0047                  1.23                 0.87                  2.10        0.0581           59.24
    8       3            7.5205         175.5100             0.0057                  2.54                 2.20                  4.74        0.0478           59.28
    9       3            7.4307         189.3076             0.0053                  1.23                 1.19                  2.42        0.0519           53.74
   10       3            7.4967         151.6110             0.0066                  2.54                 2.53                  5.06        0.0417           53.84
   11       3            7.4865         152.6334             0.0066                  3.32                 2.94                  6.26        0.0409           44.62
   12       4            7.4240         189.3044             0.0053                  1.23                 1.25                  2.48        0.0519           53.72
   13       4            7.4897         151.6294             0.0066                  2.54                 2.59                  5.13        0.0417           53.84
   14       4            7.4514         147.2542             0.0068                  3.32                 3.01                  6.33        0.0401           43.81
   15       4            7.4270         123.2867             0.0081                  3.32                 3.33                  6.65        0.0340           38.35
   16       5            7.4202         123.3055             0.0081                  3.32                 3.39                  6.71        0.0340           38.34

Summary Statistics:
------------------------------------------------------------------------------------------------------------------------
            Comp     Groups  Wall Time/Evt (s)  CPU Time/Evt (s)  Throughput (evt/s)  Write Remote (MB/evt)  Read Remote (MB/evt)  Net Transfer (MB/evt)  CPU Cores/Evt  Memory/Evt (MB)
count  16.000000  16.000000          16.000000         16.000000           16.000000              16.000000             16.000000              16.000000      16.000000        16.000000
mean    8.500000   3.000000           7.528448        243.080735            0.005143               1.884766              1.695224               3.579989       0.065615        70.025300
std     4.760952   1.032796           0.114248        136.664049            0.002060               1.152134              1.197043               2.340760       0.036180        33.773454
min     1.000000   1.000000           7.420171        123.286663            0.002040               0.449219              0.000000               0.449219       0.033968        38.340800
25%     4.750000   2.000000           7.446256        151.624828            0.003942               1.035156              0.712732               1.747888       0.041527        51.446400
50%     8.500000   3.000000           7.493194        185.110413            0.005405               1.884766              1.694723               3.579488       0.050314        56.541200
75%    12.250000   4.000000           7.563609        278.468011            0.006595               2.734375              2.678003               5.412378       0.074630        75.694100
max    16.000000   5.000000           7.839638        490.238398            0.008111               3.320312              3.390384               6.710696       0.128742       128.742400
