Workflow Construction Summary Table
========================================================================================================================

 Comp  Groups Wall Time/Evt (s) CPU Time/Evt (s) Throughput (evt/s) Write Remote (MB/evt) Read Remote (MB/evt) Net Transfer (MB/evt) CPU Cores/Evt Memory/Evt (MB)
    1       2           40.4680         158.5077             0.0063                  0.89                 0.54                  1.43        0.0019            3.74
    2       2           40.4680         158.5077             0.0063                  0.89                 0.54                  1.43        0.0019            3.74
    3       3           40.4751         158.5231             0.0063                  0.89                 0.69                  1.57        0.0019            3.74
    4       3           40.4751         158.5231             0.0063                  0.89                 0.69                  1.57        0.0019            3.74
    5       3           40.4589         158.4394             0.0063                  0.89                 0.69                  1.58        0.0019            3.74
    6       3           40.4589         158.4394             0.0063                  0.89                 0.69                  1.58        0.0019            3.74
    7       3           40.4734         158.4909             0.0063                  1.50                 1.17                  2.68        0.0019            3.74
    8       3           40.4734         158.4909             0.0063                  1.50                 1.17                  2.68        0.0019            3.74
    9       3           40.4360         158.3488             0.0063                  0.89                 1.10                  1.99        0.0019            3.74
   10       3           40.4688         158.4107             0.0063                  2.06                 1.75                  3.81        0.0019            3.75
   11       3           40.4688         158.4107             0.0063                  2.06                 1.75                  3.81        0.0019            3.75
   12       4           40.4595         158.4417             0.0063                  0.89                 0.84                  1.73        0.0019            3.75
   13       4           40.4595         158.4417             0.0063                  0.89                 0.84                  1.73        0.0019            3.75
   14       4           40.4740         158.4933             0.0063                  1.50                 1.32                  2.83        0.0019            3.74
   15       4           40.4740         158.4933             0.0063                  1.50                 1.32                  2.83        0.0019            3.74
   16       4           40.4352         158.3484             0.0063                  0.89                 1.25                  2.14        0.0019            3.75
   17       4           40.4352         158.3484             0.0063                  0.89                 1.25                  2.14        0.0019            3.75
   18       4           40.4475         158.3896             0.0063                  1.50                 1.32                  2.82        0.0019            3.74
   19       4           40.4475         158.3896             0.0063                  1.50                 1.32                  2.82        0.0019            3.74
   20       4           40.4562         158.3866             0.0063                  2.06                 1.89                  3.95        0.0019            3.75
   21       4           40.4277         158.3114             0.0063                  2.68                 2.37                  5.05        0.0019            3.74
   22       4           40.4562         158.3866             0.0063                  2.06                 1.89                  3.95        0.0019            3.75
   23       4           40.4277         158.3114             0.0063                  2.68                 2.37                  5.05        0.0019            3.74
   24       4           40.4473         158.3602             0.0063                  2.06                 1.89                  3.95        0.0019            3.75
   25       4           40.4473         158.3602             0.0063                  2.06                 1.89                  3.95        0.0019            3.75
   26       4           40.4300         158.3254             0.0063                  2.06                 2.29                  4.35        0.0019            3.74
   27       4           40.4252         158.3020             0.0063                  1.50                 1.72                  3.23        0.0019            3.75
   28       5           40.4372         158.3535             0.0063                  0.89                 1.40                  2.28        0.0019            3.76
   29       5           40.4655         158.4268             0.0063                  1.50                 1.47                  2.98        0.0019            3.75
   30       5           40.4655         158.4268             0.0063                  1.50                 1.47                  2.98        0.0019            3.75
   31       5           40.4283         158.3138             0.0063                  2.68                 2.52                  5.20        0.0019            3.75
   32       5           40.4283         158.3138             0.0063                  2.68                 2.52                  5.20        0.0019            3.75
   33       5           40.4479         158.3625             0.0063                  2.06                 2.04                  4.10        0.0019            3.75
   34       5           40.4479         158.3625             0.0063                  2.06                 2.04                  4.10        0.0019            3.75
   35       5           40.4306         158.3276             0.0063                  2.06                 2.44                  4.50        0.0019            3.75
   36       5           40.4306         158.3276             0.0063                  2.06                 2.44                  4.50        0.0019            3.75
   37       5           40.4258         158.3042             0.0063                  1.50                 1.87                  3.38        0.0019            3.75
   38       5           40.4258         158.3042             0.0063                  1.50                 1.87                  3.38        0.0019            3.75
   39       5           40.4092         158.2669             0.0063                  2.68                 2.52                  5.19        0.0019            3.75
   40       5           40.4092         158.2669             0.0063                  2.68                 2.52                  5.19        0.0019            3.75
   41       5           40.4236         158.2956             0.0063                  2.68                 2.92                  5.60        0.0019            3.75
   42       6           40.4331         158.3338             0.0063                  2.06                 2.59                  4.65        0.0019            3.75
   43       6           40.4264         158.3065             0.0063                  1.50                 2.02                  3.53        0.0019            3.75
   44       6           40.4242         158.2980             0.0063                  2.68                 2.67                  5.35        0.0019            3.75
   45       6           40.4242         158.2980             0.0063                  2.68                 2.67                  5.35        0.0019            3.75
   46       6           40.4242         158.2979             0.0063                  2.68                 3.07                  5.75        0.0019            3.75
   47       6           40.4242         158.2979             0.0063                  2.68                 3.07                  5.75        0.0019            3.75
   48       7           40.4179         158.2864             0.0063                  2.68                 3.22                  5.90        0.0019            3.76

Summary Statistics:
------------------------------------------------------------------------------------------------------------------------
        Comp     Groups  Wall Time/Evt (s)  CPU Time/Evt (s)  Throughput (evt/s)  Write Remote (MB/evt)  Read Remote (MB/evt)  Net Transfer (MB/evt)  CPU Cores/Evt  Memory/Evt (MB)
count  48.00  48.000000          48.000000         48.000000           48.000000              48.000000             48.000000              48.000000      48.000000        48.000000
mean   24.50   4.333333          40.444260        158.374034            0.006314               1.782451              1.790016               3.572467       0.001873         3.746433
std    14.00   1.117241           0.019806          0.075594            0.000003               0.668887              0.741455               1.383231       0.000002         0.004096
min     1.00   2.000000          40.409196        158.266860            0.006308               0.888672              0.537217               1.425889       0.001870         3.739200
25%    12.75   4.000000          40.427375        158.310210            0.006312               1.350435              1.247552               2.579301       0.001872         3.744000
50%    24.50   4.000000          40.442253        158.356857            0.006315               1.782451              1.873393               3.666945       0.001873         3.745600
75%    36.25   5.000000          40.461017        158.429944            0.006317               2.214468              2.440185               4.751544       0.001874         3.748800
max    48.00   7.000000          40.475147        158.523052            0.006318               2.676230              3.220282               5.896512       0.001878         3.756800
