Workflow Construction Summary Table
========================================================================================================================

 Comp  Groups Wall Time/Evt (s) CPU Time/Evt (s) Throughput (evt/s) Write Remote (MB/evt) Read Remote (MB/evt) Net Transfer (MB/evt) CPU Cores/Evt Memory/Evt (MB)
    1       1            8.2987         504.9045             0.0020                  0.45                 0.00                  0.45        0.1363          136.28
    2       2            8.1688         493.7307             0.0020                  0.45                 0.07                  0.52        0.1353          135.37
    3       2            8.0400         462.7394             0.0022                  0.45                 0.40                  0.85        0.1289          129.65
    4       2            7.9766         228.3136             0.0044                  1.23                 0.82                  2.05        0.0625           63.63
    5       2            7.9969         186.2695             0.0054                  2.54                 2.20                  4.74        0.0515           63.61
    6       3            8.0334         462.7366             0.0022                  0.45                 0.46                  0.91        0.1289          129.63
    7       3            7.9197         221.6489             0.0045                  1.23                 0.89                  2.12        0.0616           62.84
    8       3            7.9600         180.7561             0.0055                  2.54                 2.27                  4.81        0.0506           62.76
    9       3            7.8668         195.1667             0.0051                  1.23                 1.22                  2.45        0.0551           56.98
   10       3            7.9377         156.1636             0.0064                  2.54                 2.60                  5.14        0.0442           57.03
   11       3            7.9256         157.2447             0.0064                  3.32                 3.03                  6.35        0.0434           47.27
   12       4            7.8592         195.2274             0.0051                  1.23                 1.29                  2.52        0.0551           57.00
   13       4            7.9303         156.3374             0.0064                  2.54                 2.67                  5.21        0.0443           57.10
   14       4            7.8874         151.6515             0.0066                  3.32                 3.10                  6.42        0.0424           46.40
   15       4            7.8640         127.1820             0.0079                  3.32                 3.43                  6.75        0.0361           40.71
   16       5            7.8580         127.2509             0.0079                  3.32                 3.50                  6.82        0.0361           40.74

Summary Statistics:
------------------------------------------------------------------------------------------------------------------------
            Comp     Groups  Wall Time/Evt (s)  CPU Time/Evt (s)  Throughput (evt/s)  Write Remote (MB/evt)  Read Remote (MB/evt)  Net Transfer (MB/evt)  CPU Cores/Evt  Memory/Evt (MB)
count  16.000000  16.000000          16.000000         16.000000           16.000000              16.000000             16.000000              16.000000      16.000000        16.000000
mean    8.500000   3.000000           7.970204        250.457721            0.004990               1.884570              1.747558               3.632128       0.069517        74.187200
std     4.760952   1.032796           0.120553        140.720802            0.001997               1.152051              1.234516               2.377983       0.038279        35.726262
min     1.000000   1.000000           7.858041        127.181998            0.001981               0.449172              0.000000               0.449172       0.036079        40.714400
25%     4.750000   2.000000           7.882251        156.293972            0.003825               1.034957              0.734142               1.769099       0.043986        54.548800
50%     8.500000   3.000000           7.933997        190.718093            0.005246               1.884378              1.745458               3.629712       0.053287        59.930200
75%    12.250000   4.000000           8.006040        286.919396            0.006398               2.734264              2.761835               5.496173       0.079068        80.126800
max    16.000000   5.000000           8.298733        504.904493            0.007863               3.320312              3.498180               6.818493       0.136282       136.281600
