Workflow Construction Summary Table
========================================================================================================================

 Comp  Groups Wall Time/Evt (s) CPU Time/Evt (s) Throughput (evt/s) Write Remote (MB/evt) Read Remote (MB/evt) Net Transfer (MB/evt) CPU Cores/Evt Memory/Evt (MB)
    1       2           39.8289         311.7922             0.0032                  0.89                 0.54                  1.43        0.0213           21.72
    2       2           39.8289         311.7922             0.0032                  0.89                 0.54                  1.43        0.0213           21.17
    3       3           39.8249         311.7762             0.0032                  0.89                 0.69                  1.58        0.0214           21.72
    4       3           39.8249         311.7762             0.0032                  0.89                 0.69                  1.58        0.0214           21.17
    5       3           39.6694         309.3099             0.0032                  0.89                 0.69                  1.58        0.0213           21.60
    6       3           39.6694         309.3099             0.0032                  0.89                 0.69                  1.58        0.0213           21.18
    7       3           39.6830         158.1502             0.0063                  1.50                 1.16                  2.66        0.0109           21.67
    8       3           39.6830         158.1502             0.0063                  1.50                 1.16                  2.66        0.0109           21.12
    9       3           39.5142         303.9902             0.0033                  0.89                 1.08                  1.97        0.0210           21.16
   10       3           39.4083         278.7076             0.0036                  2.06                 1.72                  3.78        0.0193           21.69
   11       3           39.4083         278.7076             0.0036                  2.06                 1.72                  3.78        0.0193           21.14
   12       4           39.6653         309.2939             0.0032                  0.89                 0.83                  1.72        0.0213           21.60
   13       4           39.6653         309.2939             0.0032                  0.89                 0.83                  1.72        0.0213           21.18
   14       4           39.6790         158.1342             0.0063                  1.50                 1.31                  2.81        0.0109           21.67
   15       4           39.6790         158.1342             0.0063                  1.50                 1.31                  2.81        0.0109           21.12
   16       4           39.5101         303.9682             0.0033                  0.89                 1.23                  2.12        0.0210           21.16
   17       4           39.5101         303.9682             0.0033                  0.89                 1.23                  2.12        0.0210           21.16
   18       4           39.5280         157.5275             0.0063                  1.50                 1.31                  2.81        0.0109           21.55
   19       4           39.5280         157.5275             0.0063                  1.50                 1.31                  2.81        0.0109           21.13
   20       4           39.4072         278.6976             0.0036                  2.06                 1.86                  3.92        0.0193           21.70
   21       4           39.2942         156.6085             0.0064                  2.68                 2.33                  5.01        0.0109           21.67
   22       4           39.4072         278.6976             0.0036                  2.06                 1.86                  3.92        0.0193           21.15
   23       4           39.2942         156.6085             0.0064                  2.68                 2.33                  5.01        0.0109           21.12
   24       4           39.3778         278.5863             0.0036                  2.06                 1.86                  3.92        0.0193           21.57
   25       4           39.3778         278.5863             0.0036                  2.06                 1.86                  3.92        0.0193           21.15
   26       4           39.3607         278.5008             0.0036                  2.06                 2.26                  4.32        0.0193           21.15
   27       4           39.3746         156.9223             0.0064                  1.50                 1.70                  3.20        0.0109           21.12
   28       5           39.5061         303.9523             0.0033                  0.89                 1.37                  2.26        0.0210           21.16
   29       5           39.5211         157.5058             0.0063                  1.50                 1.45                  2.96        0.0109           21.56
   30       5           39.5211         157.5058             0.0063                  1.50                 1.45                  2.96        0.0109           21.13
   31       5           39.2931         156.5985             0.0064                  2.68                 2.48                  5.16        0.0109           21.67
   32       5           39.2931         156.5985             0.0064                  2.68                 2.48                  5.16        0.0109           21.12
   33       5           39.3738         278.5705             0.0036                  2.06                 2.01                  4.07        0.0193           21.57
   34       5           39.3738         278.5705             0.0036                  2.06                 2.01                  4.07        0.0193           21.15
   35       5           39.3568         278.4850             0.0036                  2.06                 2.40                  4.46        0.0193           21.15
   36       5           39.3568         278.4850             0.0036                  2.06                 2.40                  4.46        0.0193           21.15
   37       5           39.3706         156.9063             0.0064                  1.50                 1.85                  3.35        0.0109           21.12
   38       5           39.3706         156.9063             0.0064                  1.50                 1.85                  3.35        0.0109           21.12
   39       5           39.2638         156.4873             0.0064                  2.68                 2.48                  5.16        0.0109           21.54
   40       5           39.2638         156.4873             0.0064                  2.68                 2.48                  5.16        0.0109           21.12
   41       5           39.2438         156.4076             0.0064                  2.68                 2.87                  5.55        0.0109           21.12
   42       6           39.3528         278.4691             0.0036                  2.06                 2.55                  4.61        0.0193           21.15
   43       6           39.3666         156.8903             0.0064                  1.50                 1.99                  3.50        0.0109           21.12
   44       6           39.2598         156.4715             0.0064                  2.68                 2.63                  5.31        0.0109           21.55
   45       6           39.2598         156.4715             0.0064                  2.68                 2.63                  5.31        0.0109           21.12
   46       6           39.2369         156.3859             0.0064                  2.68                 3.02                  5.70        0.0109           21.12
   47       6           39.2369         156.3859             0.0064                  2.68                 3.02                  5.70        0.0109           21.12
   48       7           39.2359         156.3758             0.0064                  2.68                 3.17                  5.84        0.0109           21.12

Summary Statistics:
------------------------------------------------------------------------------------------------------------------------
        Comp     Groups  Wall Time/Evt (s)  CPU Time/Evt (s)  Throughput (evt/s)  Write Remote (MB/evt)  Read Remote (MB/evt)  Net Transfer (MB/evt)  CPU Cores/Evt  Memory/Evt (MB)
count  48.00  48.000000          48.000000         48.000000           48.000000              48.000000             48.000000              48.000000      48.000000        48.000000
mean   24.50   4.333333          39.459559        225.238217            0.004893               1.782451              1.764465               3.546916       0.015549        21.302525
std    14.00   1.117241           0.179300         69.790243            0.001497               0.668887              0.726695               1.368870       0.004793         0.236319
min     1.00   2.000000          39.235852        156.375846            0.003207               0.888672              0.540084               1.428756       0.010852        21.118000
25%    12.75   4.000000          39.338134        156.819881            0.003513               1.350435              1.227583               2.563184       0.010854        21.123500
50%    24.50   4.000000          39.392503        218.309657            0.004957               1.782451              1.845389               3.636858       0.015072        21.155600
75%    36.25   5.000000          39.562333        285.018787            0.006377               2.214468              2.403357               4.711207       0.019709        21.558600
max    48.00   7.000000          39.828933        311.792174            0.006395               2.676230              3.168666               5.844897       0.021350        21.718400
