Workflow Construction Summary Table
========================================================================================================================

 Comp  Groups Wall Time/Evt (s) CPU Time/Evt (s) Throughput (evt/s) Write Remote (MB/evt) Read Remote (MB/evt) Net Transfer (MB/evt) CPU Cores/Evt Memory/Evt (MB)
    1       1            8.9393          67.9710             0.0147                  0.45                 0.00                  0.45        0.0342           34.15
    2       2            8.6771          65.7575             0.0152                  0.45                 0.07                  0.52        0.0340           34.02
    3       2            8.4120          62.1684             0.0161                  0.45                 0.39                  0.84        0.0332           33.17
    4       2            8.2437          53.3777             0.0187                  2.54                 2.21                  4.75        0.0291           31.04
    5       2            8.2593          47.9536             0.0209                  1.23                 0.82                  2.06        0.0264           22.37
    6       3            8.3973          61.3485             0.0163                  0.45                 0.46                  0.91        0.0327           33.17
    7       3            8.1672          53.0873             0.0188                  2.54                 2.27                  4.81        0.0291           30.92
    8       3            8.1400          47.5015             0.0211                  1.23                 0.89                  2.12        0.0264           22.23
    9       3            8.1112          52.8528             0.0189                  2.54                 2.61                  5.15        0.0291           30.06
   10       3            8.0305          47.0831             0.0212                  1.23                 1.22                  2.45        0.0264           21.39
   11       3            8.0652          47.2157             0.0212                  3.32                 3.03                  6.35        0.0264           21.69
   12       4            8.0959          52.0294             0.0192                  2.54                 2.68                  5.22        0.0287           30.06
   13       4            8.0161          46.2624             0.0216                  1.23                 1.29                  2.52        0.0260           21.39
   14       4            7.9880          46.9219             0.0213                  3.32                 3.10                  6.42        0.0264           21.57
   15       4            7.9302          46.7029             0.0214                  3.32                 3.43                  6.75        0.0264           20.70
   16       5            7.9157          45.8806             0.0218                  3.32                 3.50                  6.82        0.0260           20.69

Summary Statistics:
------------------------------------------------------------------------------------------------------------------------
            Comp     Groups  Wall Time/Evt (s)  CPU Time/Evt (s)  Throughput (evt/s)  Write Remote (MB/evt)  Read Remote (MB/evt)  Net Transfer (MB/evt)  CPU Cores/Evt  Memory/Evt (MB)
count  16.000000  16.000000          16.000000         16.000000           16.000000              16.000000             16.000000              16.000000      16.000000        16.000000
mean    8.500000   3.000000           8.211785         52.757138            0.019280               1.884569              1.749571               3.634140       0.028779        26.788087
std     4.760952   1.032796           0.278559          7.472872            0.002459               1.152016              1.235863               2.379297       0.003064         5.601093
min     1.000000   1.000000           7.915693         45.880648            0.014712               0.449177              0.000000               0.449195       0.025976        20.689600
25%     4.750000   2.000000           8.026907         47.042813            0.018126               1.034962              0.734270               1.769232       0.026411        21.523100
50%     8.500000   3.000000           8.125572         49.991461            0.020037               1.884450              1.748941               3.633432       0.027535        26.215100
75%    12.250000   4.000000           8.293792         55.370388            0.021257               2.734186              2.768313               5.502524       0.030018        31.573350
max    16.000000   5.000000           8.939253         67.970957            0.021796               3.320312              3.497011               6.816565       0.034152        34.152000
