Workflow Construction Summary Table
========================================================================================================================

 Comp  Groups Wall Time/Evt (s) CPU Time/Evt (s) Throughput (evt/s) Write Remote (MB/evt) Read Remote (MB/evt) Net Transfer (MB/evt) CPU Cores/Evt Memory/Evt (MB)
    1       1           10.7150         599.8631             0.0017                  0.45                 0.00                  0.45        0.3273          327.31
    2       2           10.4010         578.6334             0.0017                  0.45                 0.07                  0.52        0.3249          325.06
    3       2           10.0876         534.8179             0.0019                  0.45                 0.43                  0.88        0.3096          311.40
    4       2            9.9172         267.7217             0.0037                  1.23                 0.91                  2.14        0.1502          153.03
    5       2            9.9278         214.9113             0.0047                  2.53                 2.44                  4.97        0.1241          152.95
    6       3           10.0695         534.6482             0.0019                  0.45                 0.51                  0.96        0.3096          311.30
    7       3            9.7789         256.3338             0.0039                  1.23                 0.99                  2.21        0.1481          151.03
    8       3            9.8381         206.1839             0.0049                  2.53                 2.51                  5.04        0.1218          150.86
    9       3            9.6436         222.0877             0.0045                  1.23                 1.35                  2.58        0.1321          136.69
   10       3            9.7703         175.7490             0.0057                  2.53                 2.87                  5.39        0.1059          136.61
   11       3            9.7386         181.6073             0.0055                  3.31                 3.35                  6.66        0.1044          113.69
   12       4            9.6240         222.5279             0.0045                  1.22                 1.42                  2.64        0.1326          137.11
   13       4            9.7644         176.0716             0.0057                  2.53                 2.95                  5.48        0.1062          136.84
   14       4            9.6401         172.6644             0.0058                  3.30                 3.42                  6.72        0.1020          111.49
   15       4            9.5843         142.6492             0.0070                  3.31                 3.79                  7.10        0.0866           97.66
   16       5            9.5645         142.1127             0.0070                  3.30                 3.85                  7.16        0.0861           97.16

Summary Statistics:
------------------------------------------------------------------------------------------------------------------------
            Comp     Groups  Wall Time/Evt (s)  CPU Time/Evt (s)  Throughput (evt/s)  Write Remote (MB/evt)  Read Remote (MB/evt)  Net Transfer (MB/evt)  CPU Cores/Evt  Memory/Evt (MB)
count  16.000000  16.000000          16.000000         16.000000           16.000000              16.000000             16.000000              16.000000      16.000000        16.000000
mean    8.500000   3.000000           9.879062        289.286445            0.004374               1.876868              1.928709               3.805577       0.166970       178.136875
std     4.760952   1.032796           0.313550        166.872216            0.001800               1.147120              1.362670               2.501019       0.091957        85.843315
min     1.000000   1.000000           9.564497        142.112671            0.001667               0.447581              0.000000               0.447677       0.086050        97.159600
25%     4.750000   2.000000           9.642734        175.990924            0.003269               1.030594              0.810553               1.841717       0.105524       130.881400
50%     8.500000   3.000000           9.774628        218.499492            0.004578               1.876344              1.927577               3.803697       0.128086       143.983200
75%    12.250000   4.000000           9.963269        334.453304            0.005682               2.723114              3.049820               5.773888       0.190075       192.595100
max    16.000000   5.000000          10.715025        599.863077            0.007037               3.310754              3.854944               7.159794       0.327309       327.308800
