Workflow Construction Summary Table
========================================================================================================================

 Comp  Groups Wall Time/Evt (s) CPU Time/Evt (s) Throughput (evt/s) Write Remote (MB/evt) Read Remote (MB/evt) Net Transfer (MB/evt) CPU Cores/Evt Memory/Evt (MB)
    1       1            7.3571         460.9722             0.0022                  0.45                 0.00                  0.45        0.0320           32.03
    2       2            7.3272         456.0368             0.0022                  0.45                 0.06                  0.51        0.0318           31.83
    3       2            7.2940         210.9202             0.0047                  1.23                 0.80                  2.03        0.0147           14.96
    4       2            7.2993         432.5262             0.0023                  0.45                 0.38                  0.83        0.0303           30.48
    5       2            7.3195         174.6340             0.0057                  2.54                 2.13                  4.67        0.0121           14.99
    6       3            7.2982         432.5222             0.0023                  0.45                 0.45                  0.89        0.0303           30.48
    7       3            7.2807         207.0300             0.0048                  1.23                 0.86                  2.09        0.0145           14.76
    8       3            7.3146         147.2494             0.0068                  3.32                 2.93                  6.25        0.0102           11.13
    9       3            7.3112         170.8870             0.0059                  2.54                 2.20                  4.74        0.0119           14.77
   10       3            7.3077         148.8964             0.0067                  2.54                 2.52                  5.06        0.0104           13.42
   11       3            7.2709         184.6501             0.0054                  1.23                 1.18                  2.41        0.0130           13.42
   12       4            7.3066         149.0683             0.0067                  2.54                 2.58                  5.12        0.0104           13.43
   13       4            7.2698         184.6459             0.0054                  1.23                 1.25                  2.48        0.0130           13.42
   14       4            7.3064         143.5932             0.0070                  3.32                 3.00                  6.32        0.0100           10.93
   15       4            7.3028         121.6903             0.0082                  3.32                 3.32                  6.64        0.0085            9.59
   16       5            7.3018         121.6861             0.0082                  3.32                 3.38                  6.70        0.0085            9.58

Summary Statistics:
------------------------------------------------------------------------------------------------------------------------
            Comp     Groups  Wall Time/Evt (s)  CPU Time/Evt (s)  Throughput (evt/s)  Write Remote (MB/evt)  Read Remote (MB/evt)  Net Transfer (MB/evt)  CPU Cores/Evt  Memory/Evt (MB)
count  16.000000  16.000000          16.000000         16.000000           16.000000              16.000000             16.000000              16.000000      16.000000        16.000000
mean    8.500000   3.000000           7.304218        234.188018            0.005286               1.884766              1.690740               3.575506       0.016353        17.452200
std     4.760952   1.032796           0.021226        128.753438            0.002071               1.152134              1.195284               2.339060       0.008993         8.392175
min     1.000000   1.000000           7.269776        121.686080            0.002169               0.449219              0.000000               0.449219       0.008496         9.582000
25%     4.750000   2.000000           7.297174        148.484672            0.004134               1.035156              0.710412               1.745568       0.010351        12.845400
50%     8.500000   3.000000           7.304591        179.639922            0.005571               1.884766              1.690104               3.574869       0.012561        14.098400
75%    12.250000   4.000000           7.312020        266.320666            0.006735               2.734375              2.671950               5.406325       0.018594        18.864800
max    16.000000   5.000000           7.357070        460.972242            0.008218               3.320312              3.384044               6.704357       0.032026        32.025600
