Workflow Construction Summary Table
========================================================================================================================

 Comp  Groups Wall Time/Evt (s) CPU Time/Evt (s) Throughput (evt/s) Write Remote (MB/evt) Read Remote (MB/evt) Net Transfer (MB/evt) CPU Cores/Evt Memory/Evt (MB)
    1       2           42.7772         163.0978             0.0061                  0.89                 0.57                  1.46        0.0020            3.95
    2       2           42.7772         163.0978             0.0061                  0.89                 0.57                  1.46        0.0020            3.95
    3       3           42.7812         163.1040             0.0061                  0.89                 0.72                  1.61        0.0020            3.96
    4       3           42.7812         163.1040             0.0061                  0.89                 0.72                  1.61        0.0020            3.96
    5       3           42.6948         162.8800             0.0061                  0.89                 0.72                  1.61        0.0020            3.95
    6       3           42.6948         162.8800             0.0061                  0.89                 0.72                  1.61        0.0020            3.95
    7       3           42.7509         162.9935             0.0061                  1.50                 1.21                  2.72        0.0020            3.96
    8       3           42.7509         162.9935             0.0061                  1.50                 1.21                  2.72        0.0020            3.96
    9       3           42.6664         162.7709             0.0061                  0.89                 1.13                  2.02        0.0020            3.95
   10       3           42.6303         162.6591             0.0061                  2.06                 1.79                  3.85        0.0020            3.95
   11       3           42.6303         162.6591             0.0061                  2.06                 1.79                  3.85        0.0020            3.95
   12       4           42.7101         162.9088             0.0061                  0.89                 0.88                  1.77        0.0020            3.96
   13       4           42.7101         162.9088             0.0061                  0.89                 0.88                  1.77        0.0020            3.96
   14       4           42.7642         163.0182             0.0061                  1.50                 1.37                  2.88        0.0020            3.96
   15       4           42.7642         163.0182             0.0061                  1.50                 1.37                  2.88        0.0020            3.96
   16       4           42.6735         162.7833             0.0061                  0.89                 1.28                  2.17        0.0020            3.96
   17       4           42.6735         162.7833             0.0061                  0.89                 1.28                  2.17        0.0020            3.96
   18       4           42.7200         162.8792             0.0061                  1.50                 1.36                  2.86        0.0020            3.96
   19       4           42.7200         162.8792             0.0061                  1.50                 1.36                  2.86        0.0020            3.96
   20       4           42.6434         162.6834             0.0061                  2.06                 1.95                  4.01        0.0020            3.95
   21       4           42.6915         162.7400             0.0061                  2.68                 2.45                  5.12        0.0020            3.96
   22       4           42.6434         162.6834             0.0061                  2.06                 1.95                  4.01        0.0020            3.95
   23       4           42.6915         162.7400             0.0061                  2.68                 2.45                  5.12        0.0020            3.96
   24       4           42.6218         162.6316             0.0061                  2.06                 1.94                  4.00        0.0020            3.95
   25       4           42.6218         162.6316             0.0061                  2.06                 1.94                  4.00        0.0020            3.95
   26       4           42.6340         162.6481             0.0061                  2.06                 2.33                  4.39        0.0020            3.95
   27       4           42.6692         162.7266             0.0061                  1.50                 1.76                  3.27        0.0020            3.96
   28       5           42.6645         162.7634             0.0061                  0.89                 1.43                  2.32        0.0020            3.96
   29       5           42.7356         162.9084             0.0061                  1.50                 1.52                  3.02        0.0020            3.96
   30       5           42.7356         162.9084             0.0061                  1.50                 1.52                  3.02        0.0020            3.96
   31       5           42.6559         162.6672             0.0061                  2.68                 2.59                  5.27        0.0020            3.96
   32       5           42.6559         162.6672             0.0061                  2.68                 2.59                  5.27        0.0020            3.96
   33       5           42.6381         162.6623             0.0061                  2.06                 2.10                  4.16        0.0020            3.95
   34       5           42.6381         162.6623             0.0061                  2.06                 2.10                  4.16        0.0020            3.95
   35       5           42.6339         162.6460             0.0061                  2.06                 2.50                  4.56        0.0020            3.95
   36       5           42.6339         162.6460             0.0061                  2.06                 2.50                  4.56        0.0020            3.95
   37       5           42.7251         162.8367             0.0061                  1.50                 1.91                  3.41        0.0020            3.97
   38       5           42.7251         162.8367             0.0061                  1.50                 1.91                  3.41        0.0020            3.97
   39       5           42.5818         162.5102             0.0062                  2.68                 2.58                  5.26        0.0020            3.95
   40       5           42.5818         162.5102             0.0062                  2.68                 2.58                  5.26        0.0020            3.95
   41       5           42.5602         162.4591             0.0062                  2.68                 3.00                  5.67        0.0020            3.95
   42       6           42.6455         162.6675             0.0061                  2.06                 2.65                  4.71        0.0020            3.96
   43       6           42.7149         162.8144             0.0061                  1.50                 2.07                  3.58        0.0020            3.96
   44       6           42.6155         162.5756             0.0062                  2.68                 2.75                  5.42        0.0020            3.96
   45       6           42.6155         162.5756             0.0062                  2.68                 2.75                  5.42        0.0020            3.96
   46       6           42.5736         162.4841             0.0062                  2.68                 3.15                  5.83        0.0020            3.95
   47       6           42.5736         162.4841             0.0062                  2.68                 3.15                  5.83        0.0020            3.95
   48       7           42.5774         162.4900             0.0062                  2.68                 3.30                  5.98        0.0020            3.97

Summary Statistics:
------------------------------------------------------------------------------------------------------------------------
        Comp     Groups  Wall Time/Evt (s)  CPU Time/Evt (s)  Throughput (evt/s)  Write Remote (MB/evt)  Read Remote (MB/evt)  Net Transfer (MB/evt)  CPU Cores/Evt  Memory/Evt (MB)
count  48.00  48.000000          48.000000         48.000000           48.000000              48.000000             48.000000              48.000000      48.000000        48.000000
mean   24.50   4.333333          42.674343        162.764140            0.006144               1.782451              1.840710               3.623161       0.001978         3.956633
std    14.00   1.117241           0.062157          0.180241            0.000007               0.668887              0.755088               1.397342       0.000003         0.005105
min     1.00   2.000000          42.560222        162.459056            0.006131               0.888672              0.569585               1.458257       0.001974         3.947200
25%    12.75   4.000000          42.632962        162.647570            0.006139               1.350435              1.284385               2.617534       0.001977         3.953200
50%    24.50   4.000000          42.667799        162.739988            0.006145               1.782451              1.908100               3.711750       0.001978         3.956800
75%    36.25   5.000000          42.721276        162.887092            0.006148               2.214468              2.495418               4.810459       0.001980         3.960000
max    48.00   7.000000          42.781164        163.103979            0.006155               2.676230              3.304121               5.980352       0.001985         3.969600
