Workflow Construction Summary Table
========================================================================================================================

 Comp  Groups Wall Time/Evt (s) CPU Time/Evt (s) Throughput (evt/s) Write Remote (MB/evt) Read Remote (MB/evt) Net Transfer (MB/evt) CPU Cores/Evt Memory/Evt (MB)
    1       1            9.3477          74.4012             0.0134                  0.45                 0.00                  0.45        0.0622           62.17
    2       2            8.8770          70.4110             0.0142                  0.45                 0.06                  0.51        0.0619           61.92
    3       2            8.4259          65.0628             0.0154                  0.45                 0.38                  0.83        0.0604           60.37
    4       2            8.5052          57.0258             0.0175                  2.54                 2.10                  4.64        0.0531           56.61
    5       2            8.2671          49.5157             0.0202                  1.23                 0.79                  2.02        0.0482           40.71
    6       3            8.4054          64.1434             0.0156                  0.45                 0.44                  0.89        0.0596           60.37
    7       3            8.3739          56.5031             0.0177                  2.54                 2.16                  4.70        0.0532           56.41
    8       3            8.0573          48.6806             0.0205                  1.23                 0.85                  2.08        0.0482           40.47
    9       3            8.3008          56.2122             0.0178                  2.54                 2.48                  5.02        0.0532           54.83
   10       3            7.8869          48.0026             0.0208                  1.23                 1.16                  2.39        0.0482           38.91
   11       3            8.3315          49.7721             0.0201                  3.32                 2.89                  6.21        0.0482           39.45
   12       4            8.2803          55.2917             0.0181                  2.54                 2.54                  5.08        0.0524           54.83
   13       4            7.8664          47.0826             0.0212                  1.23                 1.23                  2.46        0.0474           38.91
   14       4            8.2002          49.2492             0.0203                  3.32                 2.95                  6.27        0.0482           39.25
   15       4            8.1271          48.9584             0.0204                  3.32                 3.26                  6.58        0.0482           37.67
   16       5            8.1066          48.0381             0.0208                  3.32                 3.33                  6.65        0.0474           37.67

Summary Statistics:
------------------------------------------------------------------------------------------------------------------------
            Comp     Groups  Wall Time/Evt (s)  CPU Time/Evt (s)  Throughput (evt/s)  Write Remote (MB/evt)  Read Remote (MB/evt)  Net Transfer (MB/evt)  CPU Cores/Evt  Memory/Evt (MB)
count  16.000000  16.000000          16.000000         16.000000           16.000000              16.000000             16.000000              16.000000      16.000000        16.000000
mean    8.500000   3.000000           8.334944         55.521914            0.018385               1.884766              1.663630               3.548396       0.052485        48.785288
std     4.760952   1.032796           0.363570          8.677025            0.002572               1.152134              1.174917               2.318729       0.005536        10.219361
min     1.000000   1.000000           7.866434         47.082599            0.013441               0.449219              0.000000               0.449219       0.047396        37.673400
25%     4.750000   2.000000           8.121932         48.888952            0.017049               1.035156              0.699214               1.734370       0.048179        39.167350
50%     8.500000   3.000000           8.290522         52.531892            0.019089               1.884766              1.663543               3.548309       0.050278        47.770000
75%    12.250000   4.000000           8.410518         58.805173            0.020455               2.734375              2.628056               5.362431       0.054767        57.548250
max    16.000000   5.000000           9.347666         74.401232            0.021239               3.320312              3.327543               6.647856       0.062171        62.171200
