Workflow Construction Summary Table
========================================================================================================================

 Comp  Groups Wall Time/Evt (s) CPU Time/Evt (s) Throughput (evt/s) Write Remote (MB/evt) Read Remote (MB/evt) Net Transfer (MB/evt) CPU Cores/Evt Memory/Evt (MB)
    1       2           52.3959         183.6806             0.0054                  0.89                 0.62                  1.51        0.0143           28.57
    2       2           52.3959         183.6806             0.0054                  0.89                 0.62                  1.51        0.0143           28.57
    3       3           52.4015         183.6841             0.0054                  0.89                 0.79                  1.68        0.0143           28.58
    4       3           52.4015         183.6841             0.0054                  0.89                 0.79                  1.68        0.0143           28.58
    5       3           52.1785         182.9301             0.0055                  0.89                 0.79                  1.68        0.0143           28.58
    6       3           52.1785         182.9301             0.0055                  0.89                 0.79                  1.68        0.0143           28.58
    7       3           52.2262         183.0513             0.0055                  1.50                 1.34                  2.85        0.0143           28.54
    8       3           52.2262         183.0513             0.0055                  1.50                 1.34                  2.85        0.0143           28.54
    9       3           51.9215         182.1085             0.0055                  0.89                 1.25                  2.14        0.0143           28.54
   10       3           51.8226         181.7063             0.0055                  2.06                 1.99                  4.05        0.0143           28.53
   11       3           51.8226         181.7063             0.0055                  2.06                 1.99                  4.05        0.0143           28.53
   12       4           52.1583         182.8817             0.0055                  0.89                 0.96                  1.85        0.0143           28.58
   13       4           52.1583         182.8817             0.0055                  0.89                 0.96                  1.85        0.0143           28.58
   14       4           52.2429         183.0768             0.0055                  1.50                 1.51                  3.02        0.0143           28.56
   15       4           52.2429         183.0768             0.0055                  1.50                 1.51                  3.02        0.0143           28.56
   16       4           51.9361         182.1296             0.0055                  0.89                 1.42                  2.31        0.0143           28.56
   17       4           51.9361         182.1296             0.0055                  0.89                 1.42                  2.31        0.0143           28.56
   18       4           51.9952         182.2768             0.0055                  1.50                 1.51                  3.01        0.0143           28.55
   19       4           51.9952         182.2768             0.0055                  1.50                 1.51                  3.01        0.0143           28.55
   20       4           51.8086         181.6704             0.0055                  2.06                 2.16                  4.23        0.0143           28.53
   21       4           51.6668         181.1686             0.0055                  2.68                 2.70                  5.38        0.0143           28.51
   22       4           51.8086         181.6704             0.0055                  2.06                 2.16                  4.23        0.0143           28.53
   23       4           51.6668         181.1686             0.0055                  2.68                 2.70                  5.38        0.0143           28.51
   24       4           51.7628         181.5263             0.0055                  2.06                 2.16                  4.22        0.0143           28.53
   25       4           51.7628         181.5263             0.0055                  2.06                 2.16                  4.22        0.0143           28.53
   26       4           51.7545         181.4699             0.0055                  2.06                 2.60                  4.67        0.0143           28.54
   27       4           51.8024         181.5927             0.0055                  1.50                 1.96                  3.47        0.0143           28.53
   28       5           51.9193         182.0881             0.0055                  0.89                 1.59                  2.48        0.0143           28.55
   29       5           51.9870         182.2525             0.0055                  1.50                 1.68                  3.19        0.0143           28.55
   30       5           51.9870         182.2525             0.0055                  1.50                 1.68                  3.19        0.0143           28.55
   31       5           51.6569         181.1409             0.0055                  2.68                 2.87                  5.55        0.0143           28.52
   32       5           51.6569         181.1409             0.0055                  2.68                 2.87                  5.55        0.0143           28.52
   33       5           51.7538         181.5002             0.0055                  2.06                 2.33                  4.39        0.0143           28.53
   34       5           51.7538         181.5002             0.0055                  2.06                 2.33                  4.39        0.0143           28.53
   35       5           51.7388         181.4307             0.0055                  2.06                 2.77                  4.84        0.0143           28.55
   36       5           51.7388         181.4307             0.0055                  2.06                 2.77                  4.84        0.0143           28.55
   37       5           51.7697         181.5193             0.0055                  1.50                 2.13                  3.64        0.0143           28.52
   38       5           51.7697         181.5193             0.0055                  1.50                 2.13                  3.64        0.0143           28.52
   39       5           51.5986         180.9718             0.0055                  2.68                 2.87                  5.55        0.0143           28.51
   40       5           51.5986         180.9718             0.0055                  2.68                 2.87                  5.55        0.0143           28.51
   41       5           51.5134         180.7619             0.0055                  2.68                 3.32                  5.99        0.0142           28.48
   42       6           51.7324         181.4098             0.0055                  2.06                 2.95                  5.01        0.0143           28.54
   43       6           51.7651         181.5024             0.0055                  1.50                 2.30                  3.80        0.0143           28.53
   44       6           51.5446         180.8559             0.0055                  2.68                 3.03                  5.71        0.0142           28.49
   45       6           51.5446         180.8559             0.0055                  2.68                 3.03                  5.71        0.0142           28.49
   46       6           51.5135         180.7538             0.0055                  2.68                 3.48                  6.16        0.0142           28.49
   47       6           51.5135         180.7538             0.0055                  2.68                 3.48                  6.16        0.0142           28.49
   48       7           51.5239         180.7669             0.0055                  2.68                 3.66                  6.34        0.0143           28.50

Summary Statistics:
------------------------------------------------------------------------------------------------------------------------
        Comp     Groups  Wall Time/Evt (s)  CPU Time/Evt (s)  Throughput (evt/s)  Write Remote (MB/evt)  Read Remote (MB/evt)  Net Transfer (MB/evt)  CPU Cores/Evt  Memory/Evt (MB)
count  48.00  48.000000          48.000000         48.000000           48.000000              48.000000             48.000000              48.000000      48.000000        48.000000
mean   24.50   4.333333          51.880186        181.919074            0.005497               1.782451              2.039482               3.821933       0.014269        28.538533
std    14.00   1.117241           0.263854          0.879995            0.000027               0.668887              0.839259               1.479999       0.000013         0.026986
min     1.00   2.000000          51.513426        180.753846            0.005444               0.888672              0.621255               1.509926       0.014240        28.480000
25%    12.75   4.000000          51.715984        181.349531            0.005482               1.350435              1.417829               2.754617       0.014261        28.522400
50%    24.50   4.000000          51.805484        181.631526            0.005506               1.782451              2.133169               3.928970       0.014269        28.537600
75%    36.25   5.000000          52.035943        182.427994            0.005514               2.214468              2.774790               5.101015       0.014277        28.554000
max    48.00   7.000000          52.401542        183.684105            0.005532               2.676230              3.659030               6.335260       0.014292        28.584000
