Workflow Construction Summary Table
========================================================================================================================

 Comp  Groups Wall Time/Evt (s) CPU Time/Evt (s) Throughput (evt/s) Write Remote (MB/evt) Read Remote (MB/evt) Net Transfer (MB/evt) CPU Cores/Evt Memory/Evt (MB)
    1       1            6.9244         443.1647             0.0023                  0.45                 0.00                  0.45        0.0051            5.12
    2       2            6.9198         439.8575             0.0023                  0.45                 0.06                  0.51        0.0051            5.13
    3       2            6.9151         418.5038             0.0024                  0.45                 0.38                  0.83        0.0049            4.91
    4       2            6.9133         202.8351             0.0049                  1.23                 0.78                  2.01        0.0023            2.39
    5       2            6.9158         167.7104             0.0060                  2.54                 2.09                  4.63        0.0020            2.45
    6       3            6.9149         418.5031             0.0024                  0.45                 0.44                  0.89        0.0049            4.92
    7       3            6.9113         199.6968             0.0050                  1.23                 0.84                  2.08        0.0024            2.40
    8       3            6.9144         164.6105             0.0061                  2.54                 2.15                  4.69        0.0019            2.39
    9       3            6.9095         178.5274             0.0056                  1.23                 1.16                  2.39        0.0021            2.19
   10       3            6.9136         143.5064             0.0070                  2.54                 2.47                  5.00        0.0017            2.18
   11       3            6.9139         141.0716             0.0071                  3.32                 2.87                  6.19        0.0017            1.83
   12       4            6.9093         178.5267             0.0056                  1.23                 1.22                  2.45        0.0021            2.19
   13       4            6.9134         143.5057             0.0070                  2.54                 2.53                  5.07        0.0017            2.19
   14       4            6.9125         137.9717             0.0072                  3.32                 2.93                  6.25        0.0016            1.78
   15       4            6.9117         116.8676             0.0086                  3.32                 3.25                  6.57        0.0014            1.56
   16       5            6.9116         116.8669             0.0086                  3.32                 3.31                  6.63        0.0014            1.57

Summary Statistics:
------------------------------------------------------------------------------------------------------------------------
            Comp     Groups  Wall Time/Evt (s)  CPU Time/Evt (s)  Throughput (evt/s)  Write Remote (MB/evt)  Read Remote (MB/evt)  Net Transfer (MB/evt)  CPU Cores/Evt  Memory/Evt (MB)
count  16.000000  16.000000          16.000000         16.000000           16.000000              16.000000             16.000000              16.000000      16.000000        16.000000
mean    8.500000   3.000000           6.914025        225.732873            0.005492               1.884766              1.655273               3.540039       0.002646         2.825000
std     4.760952   1.032796           0.003765        124.446493            0.002160               1.152134              1.168838               2.312666       0.001436         1.339651
min     1.000000   1.000000           6.909291        116.866893            0.002256               0.449219              0.000000               0.449219       0.001384         1.562000
25%     4.750000   2.000000           6.911683        142.897179            0.004295               1.035156              0.695801               1.730957       0.001690         2.091500
50%     8.500000   3.000000           6.913497        173.118577            0.005782               1.884766              1.655273               3.540039       0.002052         2.293000
75%    12.250000   4.000000           6.914973        256.752117            0.006998               2.734375              2.614746               5.349121       0.002985         3.064500
max    16.000000   5.000000           6.924449        443.164750            0.008557               3.320312              3.310547               6.630859       0.005124         5.128000
