Workflow Construction Summary Table
========================================================================================================================

 Comp  Groups Wall Time/Evt (s) CPU Time/Evt (s) Throughput (evt/s) Write Remote (MB/evt) Read Remote (MB/evt) Net Transfer (MB/evt) CPU Cores/Evt Memory/Evt (MB)
    1       2           39.4444         157.7775             0.0063                  0.89                 0.54                  1.43        0.0108           21.50
    2       2           39.4444         157.7775             0.0063                  0.89                 0.54                  1.43        0.0108           21.50
    3       3           39.4404         157.7618             0.0063                  0.89                 0.68                  1.57        0.0108           21.51
    4       3           39.4404         157.7618             0.0063                  0.89                 0.68                  1.57        0.0108           21.51
    5       3           39.2864         157.1456             0.0064                  0.89                 0.68                  1.57        0.0108           21.51
    6       3           39.2864         157.1456             0.0064                  0.89                 0.68                  1.57        0.0108           21.51
    7       3           39.2994         157.1975             0.0064                  1.50                 1.15                  2.66        0.0107           21.47
    8       3           39.2994         157.1975             0.0064                  1.50                 1.15                  2.66        0.0107           21.47
    9       3           39.1325         156.5299             0.0064                  0.89                 1.07                  1.96        0.0107           21.50
   10       3           39.0304         156.1215             0.0064                  2.06                 1.71                  3.77        0.0107           21.48
   11       3           39.0304         156.1215             0.0064                  2.06                 1.71                  3.77        0.0107           21.48
   12       4           39.2825         157.1298             0.0064                  0.89                 0.83                  1.72        0.0108           21.51
   13       4           39.2825         157.1298             0.0064                  0.89                 0.83                  1.72        0.0108           21.51
   14       4           39.2954         157.1817             0.0064                  1.50                 1.30                  2.80        0.0107           21.47
   15       4           39.2954         157.1817             0.0064                  1.50                 1.30                  2.80        0.0107           21.47
   16       4           39.1285         156.5141             0.0064                  0.89                 1.22                  2.11        0.0107           21.50
   17       4           39.1285         156.5141             0.0064                  0.89                 1.22                  2.11        0.0107           21.50
   18       4           39.1431         156.5722             0.0064                  1.50                 1.30                  2.80        0.0107           21.48
   19       4           39.1431         156.5722             0.0064                  1.50                 1.30                  2.80        0.0107           21.48
   20       4           39.0264         156.1057             0.0064                  2.06                 1.86                  3.92        0.0107           21.48
   21       4           38.9173         155.6693             0.0064                  2.68                 2.32                  5.00        0.0107           21.47
   22       4           39.0264         156.1057             0.0064                  2.06                 1.86                  3.92        0.0107           21.48
   23       4           38.9173         155.6693             0.0064                  2.68                 2.32                  5.00        0.0107           21.47
   24       4           39.0001         156.0006             0.0064                  2.06                 1.86                  3.92        0.0107           21.48
   25       4           39.0001         156.0006             0.0064                  2.06                 1.86                  3.92        0.0107           21.48
   26       4           38.9803         155.9212             0.0064                  2.06                 2.25                  4.31        0.0107           21.48
   27       4           38.9938         155.9752             0.0064                  1.50                 1.69                  3.19        0.0107           21.47
   28       5           39.1246         156.4983             0.0064                  0.89                 1.37                  2.26        0.0108           21.50
   29       5           39.1391         156.5564             0.0064                  1.50                 1.45                  2.95        0.0107           21.48
   30       5           39.1391         156.5564             0.0064                  1.50                 1.45                  2.95        0.0107           21.48
   31       5           38.9134         155.6535             0.0064                  2.68                 2.47                  5.15        0.0107           21.47
   32       5           38.9134         155.6535             0.0064                  2.68                 2.47                  5.15        0.0107           21.47
   33       5           38.9962         155.9848             0.0064                  2.06                 2.00                  4.06        0.0107           21.48
   34       5           38.9962         155.9848             0.0064                  2.06                 2.00                  4.06        0.0107           21.48
   35       5           38.9764         155.9054             0.0064                  2.06                 2.39                  4.45        0.0107           21.48
   36       5           38.9764         155.9054             0.0064                  2.06                 2.39                  4.45        0.0107           21.48
   37       5           38.9899         155.9594             0.0064                  1.50                 1.84                  3.34        0.0107           21.47
   38       5           38.9899         155.9594             0.0064                  1.50                 1.84                  3.34        0.0107           21.47
   39       5           38.8871         155.5484             0.0064                  2.68                 2.47                  5.15        0.0107           21.47
   40       5           38.8871         155.5484             0.0064                  2.68                 2.47                  5.15        0.0107           21.47
   41       5           38.8673         155.4690             0.0064                  2.68                 2.86                  5.54        0.0107           21.47
   42       6           38.9724         155.8896             0.0064                  2.06                 2.54                  4.60        0.0107           21.49
   43       6           38.9859         155.9436             0.0064                  1.50                 1.98                  3.49        0.0107           21.47
   44       6           38.8832         155.5326             0.0064                  2.68                 2.62                  5.29        0.0107           21.47
   45       6           38.8832         155.5326             0.0064                  2.68                 2.62                  5.29        0.0107           21.47
   46       6           38.8633         155.4532             0.0064                  2.68                 3.01                  5.68        0.0107           21.47
   47       6           38.8633         155.4532             0.0064                  2.68                 3.01                  5.68        0.0107           21.47
   48       7           38.8594         155.4374             0.0064                  2.68                 3.15                  5.83        0.0107           21.47

Summary Statistics:
------------------------------------------------------------------------------------------------------------------------
        Comp     Groups  Wall Time/Evt (s)  CPU Time/Evt (s)  Throughput (evt/s)  Write Remote (MB/evt)  Read Remote (MB/evt)  Net Transfer (MB/evt)  CPU Cores/Evt  Memory/Evt (MB)
count  48.00  48.000000          48.000000         48.000000           48.000000              48.000000             48.000000              48.000000      48.000000        48.000000
mean   24.50   4.333333          39.079204        156.316814            0.006397               1.782451              1.756410               3.538861       0.010742        21.483867
std    14.00   1.117241           0.176685          0.706740            0.000029               0.668887              0.723768               1.366042       0.000007         0.013704
min     1.00   2.000000          38.859362        155.437447            0.006338               0.888672              0.537109               1.425781       0.010734        21.468800
25%    12.75   4.000000          38.958640        155.834561            0.006381               1.350435              1.220703               2.556826       0.010736        21.472000
50%    24.50   4.000000          39.013288        156.053153            0.006408               1.782451              1.836387               3.628379       0.010741        21.482400
75%    36.25   5.000000          39.177907        156.711628            0.006417               2.214468              2.392578               4.699932       0.010745        21.489200
max    48.00   7.000000          39.444386        157.777543            0.006433               2.676230              3.154746               5.830977       0.010756        21.512000
