Workflow Construction Summary Table
========================================================================================================================

 Comp  Groups Wall Time/Evt (s) CPU Time/Evt (s) Throughput (evt/s) Write Remote (MB/evt) Read Remote (MB/evt) Net Transfer (MB/evt) CPU Cores/Evt Memory/Evt (MB)
    1       2           42.9425         163.7132             0.0061                  0.89                 0.56                  1.45        0.0020            3.96
    2       2           42.9425         163.7132             0.0061                  0.89                 0.56                  1.45        0.0020            3.96
    3       3           42.9701         163.7961             0.0061                  0.89                 0.71                  1.60        0.0020            3.96
    4       3           42.9701         163.7961             0.0061                  0.89                 0.71                  1.60        0.0020            3.96
    5       3           42.9205         163.6456             0.0061                  0.89                 0.71                  1.60        0.0020            3.96
    6       3           42.9205         163.6456             0.0061                  0.89                 0.71                  1.60        0.0020            3.96
    7       3           43.0768         164.1761             0.0061                  1.50                 1.21                  2.71        0.0020            3.96
    8       3           43.0768         164.1761             0.0061                  1.50                 1.21                  2.71        0.0020            3.96
    9       3           42.8630         163.5561             0.0061                  0.89                 1.12                  2.01        0.0020            3.95
   10       3           43.0396         164.2307             0.0061                  2.06                 1.79                  3.85        0.0020            3.95
   11       3           43.0396         164.2307             0.0061                  2.06                 1.79                  3.85        0.0020            3.95
   12       4           42.9220         163.6761             0.0061                  0.89                 0.86                  1.75        0.0020            3.96
   13       4           42.9220         163.6761             0.0061                  0.89                 0.86                  1.75        0.0020            3.96
   14       4           43.0917         164.2335             0.0061                  1.50                 1.35                  2.86        0.0020            3.96
   15       4           43.0917         164.2335             0.0061                  1.50                 1.35                  2.86        0.0020            3.96
   16       4           42.8770         163.6117             0.0061                  0.89                 1.27                  2.16        0.0020            3.95
   17       4           42.8770         163.6117             0.0061                  0.89                 1.27                  2.16        0.0020            3.95
   18       4           43.0792         164.1577             0.0061                  1.50                 1.35                  2.85        0.0020            3.96
   19       4           43.0792         164.1577             0.0061                  1.50                 1.35                  2.85        0.0020            3.96
   20       4           43.0559         164.2910             0.0061                  2.06                 1.94                  4.00        0.0020            3.95
   21       4           43.2482         164.8525             0.0061                  2.68                 2.44                  5.12        0.0020            3.96
   22       4           43.0559         164.2910             0.0061                  2.06                 1.94                  4.00        0.0020            3.95
   23       4           43.2482         164.8525             0.0061                  2.68                 2.44                  5.12        0.0020            3.96
   24       4           43.0504         164.2713             0.0061                  2.06                 1.94                  4.00        0.0020            3.96
   25       4           43.0504         164.2713             0.0061                  2.06                 1.94                  4.00        0.0020            3.96
   26       4           43.1066         164.4539             0.0061                  2.06                 2.35                  4.41        0.0020            3.96
   27       4           43.0380         164.1023             0.0061                  1.50                 1.76                  3.27        0.0020            3.96
   28       5           42.8732         163.6316             0.0061                  0.89                 1.41                  2.30        0.0020            3.96
   29       5           43.0773         164.1814             0.0061                  1.50                 1.50                  3.01        0.0020            3.96
   30       5           43.0773         164.1814             0.0061                  1.50                 1.50                  3.01        0.0020            3.96
   31       5           43.2425         164.8687             0.0061                  2.68                 2.60                  5.27        0.0020            3.96
   32       5           43.2425         164.8687             0.0061                  2.68                 2.60                  5.27        0.0020            3.96
   33       5           43.0843         164.3666             0.0061                  2.06                 2.10                  4.16        0.0020            3.96
   34       5           43.0843         164.3666             0.0061                  2.06                 2.10                  4.16        0.0020            3.96
   35       5           43.1107         164.4895             0.0061                  2.06                 2.50                  4.56        0.0020            3.96
   36       5           43.1107         164.4895             0.0061                  2.06                 2.50                  4.56        0.0020            3.96
   37       5           43.0597         164.1733             0.0061                  1.50                 1.92                  3.42        0.0020            3.96
   38       5           43.0597         164.1733             0.0061                  1.50                 1.92                  3.42        0.0020            3.96
   39       5           43.1834         164.7418             0.0061                  2.68                 2.59                  5.26        0.0020            3.96
   40       5           43.1834         164.7418             0.0061                  2.68                 2.59                  5.26        0.0020            3.96
   41       5           43.1876         164.8203             0.0061                  2.68                 3.00                  5.67        0.0020            3.95
   42       6           43.1251         164.5459             0.0061                  2.06                 2.65                  4.71        0.0020            3.96
   43       6           43.0819         164.2453             0.0061                  1.50                 2.07                  3.58        0.0020            3.97
   44       6           43.1808         164.7640             0.0061                  2.68                 2.74                  5.41        0.0020            3.95
   45       6           43.1808         164.7640             0.0061                  2.68                 2.74                  5.41        0.0020            3.95
   46       6           43.2210         164.9147             0.0061                  2.68                 3.16                  5.83        0.0020            3.95
   47       6           43.2210         164.9147             0.0061                  2.68                 3.16                  5.83        0.0020            3.95
   48       7           43.2404         164.9809             0.0061                  2.68                 3.30                  5.98        0.0020            3.96

Summary Statistics:
------------------------------------------------------------------------------------------------------------------------
        Comp     Groups  Wall Time/Evt (s)  CPU Time/Evt (s)  Throughput (evt/s)  Write Remote (MB/evt)  Read Remote (MB/evt)  Net Transfer (MB/evt)  CPU Cores/Evt  Memory/Evt (MB)
count  48.00  48.000000          48.000000         48.000000           48.000000              48.000000             48.000000              48.000000      48.000000        48.000000
mean   24.50   4.333333          43.070481        164.263488            0.006088               1.782451              1.836309               3.618760       0.001979         3.957167
std    14.00   1.117241           0.110380          0.428812            0.000016               0.668887              0.761206               1.403334       0.000002         0.004540
min     1.00   2.000000          42.862965        163.556093            0.006061               0.888672              0.557344               1.446016       0.001974         3.947200
25%    12.75   4.000000          43.021006        164.025763            0.006076               1.350435              1.269543               2.608394       0.001977         3.954800
50%    24.50   4.000000          43.077329        164.233455            0.006089               1.782451              1.917291               3.712940       0.001978         3.956800
75%    36.25   5.000000          43.139057        164.594855            0.006097               2.214468              2.502985               4.815054       0.001980         3.960000
max    48.00   7.000000          43.248159        164.980929            0.006114               2.676230              3.304880               5.981111       0.001983         3.966400
