Workflow Construction Summary Table
========================================================================================================================

 Comp  Groups Wall Time/Evt (s) CPU Time/Evt (s) Throughput (evt/s) Write Remote (MB/evt) Read Remote (MB/evt) Net Transfer (MB/evt) CPU Cores/Evt Memory/Evt (MB)
    1       1            7.9049          59.4119             0.0168                  0.45                 0.00                  0.45        0.0015            1.46
    2       2            7.9374          59.5036             0.0168                  0.45                 0.09                  0.54        0.0015            1.50
    3       2            7.8910          59.2784             0.0169                  0.45                 0.38                  0.83        0.0015            1.48
    4       2            7.8760          59.1946             0.0169                  2.54                 2.23                  4.76        0.0015            1.46
    5       2            7.8594          59.1296             0.0169                  1.23                 0.83                  2.06        0.0015            1.46
    6       3            7.9260          59.4167             0.0168                  0.45                 0.44                  0.89        0.0015            1.52
    7       3            7.9163          59.3448             0.0169                  2.54                 2.32                  4.85        0.0015            1.50
    8       3            7.8968          59.2620             0.0169                  1.23                 0.90                  2.13        0.0015            1.50
    9       3            7.9139          59.3269             0.0169                  2.54                 2.68                  5.21        0.0015            1.50
   10       3            7.8842          59.1947             0.0169                  1.23                 1.25                  2.48        0.0015            1.49
   11       3            7.8936          59.2397             0.0169                  3.32                 3.07                  6.39        0.0015            1.50
   12       4            7.9132          59.3222             0.0169                  2.54                 2.74                  5.28        0.0015            1.51
   13       4            7.8265          58.9619             0.0170                  1.23                 1.30                  2.53        0.0015            1.50
   14       4            7.8519          59.0613             0.0169                  3.32                 3.12                  6.44        0.0015            1.51
   15       4            7.8726          59.1354             0.0169                  3.32                 3.47                  6.79        0.0015            1.50
   16       5            7.8089          58.8785             0.0170                  3.32                 3.50                  6.82        0.0015            1.53

Summary Statistics:
------------------------------------------------------------------------------------------------------------------------
            Comp     Groups  Wall Time/Evt (s)  CPU Time/Evt (s)  Throughput (evt/s)  Write Remote (MB/evt)  Read Remote (MB/evt)  Net Transfer (MB/evt)  CPU Cores/Evt  Memory/Evt (MB)
count  16.000000  16.000000          16.000000         16.000000           16.000000              16.000000             16.000000              16.000000      16.000000        16.000000
mean    8.500000   3.000000           7.885790         59.228891            0.016884               1.884766              1.769273               3.654039       0.001494         1.494500
std     4.760952   1.032796           0.035468          0.167872            0.000048               1.152134              1.249551               2.393098       0.000020         0.020285
min     1.000000   1.000000           7.808874         58.878469            0.016806               0.449219              0.000000               0.449219       0.001456         1.456000
25%     4.750000   2.000000           7.869319         59.133927            0.016854               1.035156              0.735009               1.770165       0.001486         1.486000
50%     8.500000   3.000000           7.892304         59.250867            0.016877               1.884766              1.762028               3.646794       0.001496         1.496000
75%    12.250000   4.000000           7.913404         59.331413            0.016911               2.734375              2.825858               5.560233       0.001506         1.506000
max    16.000000   5.000000           7.937378         59.503557            0.016984               3.320312              3.495963               6.816276       0.001528         1.528000
