Workflow Construction Summary Table
========================================================================================================================

 Comp  Groups Wall Time/Evt (s) CPU Time/Evt (s) Throughput (evt/s) Write Remote (MB/evt) Read Remote (MB/evt) Net Transfer (MB/evt) CPU Cores/Evt Memory/Evt (MB)
    1       1            7.4764          59.8116             0.0167                  0.45                 0.00                  0.45        0.0154           15.36
    2       2            7.3586          58.8684             0.0170                  0.45                 0.06                  0.51        0.0154           15.35
    3       2            7.2399          57.9191             0.0173                  0.45                 0.38                  0.83        0.0154           15.37
    4       2            7.1683          57.3462             0.0174                  2.54                 2.09                  4.63        0.0154           15.35
    5       2            7.1723          57.3780             0.0174                  1.23                 0.78                  2.01        0.0153           15.34
    6       3            7.2332          57.8658             0.0173                  0.45                 0.44                  0.89        0.0154           15.37
    7       3            7.1341          57.0731             0.0175                  2.54                 2.15                  4.69        0.0154           15.35
    8       3            7.1189          56.9513             0.0176                  1.23                 0.84                  2.08        0.0153           15.34
    9       3            7.1087          56.8696             0.0176                  2.54                 2.47                  5.00        0.0154           15.36
   10       3            7.0693          56.5545             0.0177                  1.23                 1.16                  2.39        0.0154           15.35
   11       3            7.0880          56.7039             0.0176                  3.32                 2.87                  6.19        0.0153           15.34
   12       4            7.1020          56.8164             0.0176                  2.54                 2.53                  5.07        0.0154           15.36
   13       4            7.0627          56.5012             0.0177                  1.23                 1.22                  2.45        0.0154           15.35
   14       4            7.0539          56.4308             0.0177                  3.32                 2.93                  6.25        0.0153           15.34
   15       4            7.0284          56.2274             0.0178                  3.32                 3.25                  6.57        0.0154           15.35
   16       5            7.0218          56.1742             0.0178                  3.32                 3.31                  6.63        0.0154           15.35

Summary Statistics:
------------------------------------------------------------------------------------------------------------------------
            Comp     Groups  Wall Time/Evt (s)  CPU Time/Evt (s)  Throughput (evt/s)  Write Remote (MB/evt)  Read Remote (MB/evt)  Net Transfer (MB/evt)  CPU Cores/Evt  Memory/Evt (MB)
count  16.000000  16.000000          16.000000         16.000000           16.000000              16.000000             16.000000              16.000000      16.000000        16.000000
mean    8.500000   3.000000           7.152278         57.218220            0.017482               1.884766              1.655273               3.540039       0.015353        15.353500
std     4.760952   1.032796           0.123691          0.989526            0.000296               1.152134              1.168838               2.312666       0.000008         0.007849
min     1.000000   1.000000           7.021771         56.174167            0.016719               0.449219              0.000000               0.449219       0.015344        15.344000
25%     4.750000   2.000000           7.067644         56.541149            0.017392               1.035156              0.695801               1.730957       0.015350        15.350000
50%     8.500000   3.000000           7.113810         56.910480            0.017571               1.884766              1.655273               3.540039       0.015352        15.352000
75%    12.250000   4.000000           7.187496         57.499968            0.017686               2.734375              2.614746               5.349121       0.015360        15.360000
max    16.000000   5.000000           7.476449         59.811594            0.017802               3.320312              3.310547               6.630859       0.015368        15.368000
