Workflow Construction Summary Table
========================================================================================================================

 Comp  Groups Wall Time/Evt (s) CPU Time/Evt (s) Throughput (evt/s) Write Remote (MB/evt) Read Remote (MB/evt) Net Transfer (MB/evt) CPU Cores/Evt Memory/Evt (MB)
    1       1            7.1159         453.2562             0.0022                  0.45                 0.00                  0.45        0.0310           30.98
    2       2            7.0869         448.3496             0.0022                  0.45                 0.06                  0.51        0.0308           30.78
    3       2            7.0600         425.2215             0.0024                  0.45                 0.38                  0.83        0.0293           29.48
    4       2            7.0547         207.0970             0.0048                  1.23                 0.78                  2.01        0.0142           14.43
    5       2            7.0795         171.7682             0.0058                  2.54                 2.10                  4.64        0.0117           14.48
    6       3            7.0590         425.2174             0.0024                  0.45                 0.44                  0.89        0.0293           29.47
    7       3            7.0419         203.2244             0.0049                  1.23                 0.85                  2.08        0.0140           14.25
    8       3            7.0715         168.2034             0.0059                  2.54                 2.16                  4.70        0.0115           14.30
    9       3            7.0324         181.2047             0.0055                  1.23                 1.16                  2.39        0.0125           12.92
   10       3            7.0681         146.5756             0.0068                  2.54                 2.48                  5.02        0.0101           13.00
   11       3            7.0745         144.8114             0.0069                  3.32                 2.88                  6.20        0.0099           10.75
   12       4            7.0314         181.2006             0.0055                  1.23                 1.22                  2.45        0.0125           12.92
   13       4            7.0671         146.5714             0.0068                  2.54                 2.54                  5.08        0.0101           12.99
   14       4            7.0665         141.2465             0.0071                  3.32                 2.95                  6.27        0.0097           10.56
   15       4            7.0631         119.6180             0.0084                  3.32                 3.26                  6.58        0.0082            9.25
   16       5            7.0621         119.6139             0.0084                  3.32                 3.32                  6.65        0.0082            9.24

Summary Statistics:
------------------------------------------------------------------------------------------------------------------------
            Comp     Groups  Wall Time/Evt (s)  CPU Time/Evt (s)  Throughput (evt/s)  Write Remote (MB/evt)  Read Remote (MB/evt)  Net Transfer (MB/evt)  CPU Cores/Evt  Memory/Evt (MB)
count  16.000000  16.000000          16.000000         16.000000           16.000000              16.000000             16.000000              16.000000      16.000000        16.000000
mean    8.500000   3.000000           7.064660        230.198738            0.005378               1.884766              1.662270               3.547036       0.015801        16.862075
std     4.760952   1.032796           0.020561        126.590585            0.002106               1.152134              1.174505               2.318334       0.008701         8.124172
min     1.000000   1.000000           7.031360        119.613867            0.002206               0.449219              0.000000               0.449219       0.008200         9.244000
25%     4.750000   2.000000           7.057900        146.131423            0.004209               1.035156              0.697978               1.733134       0.010027        12.376500
50%     8.500000   3.000000           7.064809        176.484429            0.005670               1.884766              1.662206               3.546972       0.012111        13.622200
75%    12.250000   4.000000           7.072248        261.627080            0.006843               2.734375              2.627509               5.361884       0.017953        18.230700
max    16.000000   5.000000           7.115945        453.256228            0.008360               3.320312              3.324736               6.645048       0.030976        30.976000
