Workflow Construction Summary Table
========================================================================================================================

 Comp  Groups Wall Time/Evt (s) CPU Time/Evt (s) Throughput (evt/s) Write Remote (MB/evt) Read Remote (MB/evt) Net Transfer (MB/evt) CPU Cores/Evt Memory/Evt (MB)
    1       2           38.9174         306.0965             0.0033                  0.89                 0.54                  1.43        0.0070            7.16
    2       2           38.9174         306.0965             0.0033                  0.89                 0.54                  1.43        0.0070            6.98
    3       3           38.9171         306.0951             0.0033                  0.89                 0.68                  1.57        0.0070            7.16
    4       3           38.9171         306.0951             0.0033                  0.89                 0.68                  1.57        0.0070            6.98
    5       3           38.8656         304.4734             0.0033                  0.89                 0.68                  1.57        0.0070            7.12
    6       3           38.8656         304.4734             0.0033                  0.89                 0.68                  1.57        0.0070            6.98
    7       3           38.8775         155.6949             0.0064                  1.50                 1.15                  2.66        0.0036            7.15
    8       3           38.8775         155.6949             0.0064                  1.50                 1.15                  2.66        0.0036            6.97
    9       3           38.8171         300.0511             0.0033                  0.89                 1.07                  1.96        0.0069            6.98
   10       3           38.7952         275.7218             0.0036                  2.06                 1.71                  3.77        0.0064            7.16
   11       3           38.7952         275.7218             0.0036                  2.06                 1.71                  3.77        0.0064            6.98
   12       4           38.8653         304.4720             0.0033                  0.89                 0.83                  1.72        0.0070            7.12
   13       4           38.8653         304.4720             0.0033                  0.89                 0.83                  1.72        0.0070            6.98
   14       4           38.8772         155.6936             0.0064                  1.50                 1.30                  2.80        0.0036            7.15
   15       4           38.8772         155.6936             0.0064                  1.50                 1.30                  2.80        0.0036            6.97
   16       4           38.8168         300.0497             0.0033                  0.89                 1.22                  2.11        0.0069            6.98
   17       4           38.8168         300.0497             0.0033                  0.89                 1.22                  2.11        0.0069            6.98
   18       4           38.8264         155.4905             0.0064                  1.50                 1.30                  2.80        0.0036            7.11
   19       4           38.8264         155.4905             0.0064                  1.50                 1.30                  2.80        0.0036            6.98
   20       4           38.7949         275.7204             0.0036                  2.06                 1.86                  3.92        0.0064            7.16
   21       4           38.7658         155.2482             0.0064                  2.68                 2.32                  5.00        0.0036            7.16
   22       4           38.7949         275.7204             0.0036                  2.06                 1.86                  3.92        0.0064            6.98
   23       4           38.7658         155.2482             0.0064                  2.68                 2.32                  5.00        0.0036            6.97
   24       4           38.7861         275.6853             0.0036                  2.06                 1.86                  3.92        0.0064            7.12
   25       4           38.7861         275.6853             0.0036                  2.06                 1.86                  3.92        0.0064            6.98
   26       4           38.7821         275.6693             0.0036                  2.06                 2.25                  4.31        0.0064            6.98
   27       4           38.7793         155.3019             0.0064                  1.50                 1.69                  3.19        0.0036            6.97
   28       5           38.8164         300.0483             0.0033                  0.89                 1.37                  2.26        0.0069            6.98
   29       5           38.8261         155.4891             0.0064                  1.50                 1.45                  2.95        0.0036            7.11
   30       5           38.8261         155.4891             0.0064                  1.50                 1.45                  2.95        0.0036            6.98
   31       5           38.7655         155.2468             0.0064                  2.68                 2.47                  5.15        0.0036            7.16
   32       5           38.7655         155.2468             0.0064                  2.68                 2.47                  5.15        0.0036            6.97
   33       5           38.7858         275.6839             0.0036                  2.06                 2.00                  4.06        0.0064            7.12
   34       5           38.7858         275.6839             0.0036                  2.06                 2.00                  4.06        0.0064            6.98
   35       5           38.7818         275.6679             0.0036                  2.06                 2.39                  4.45        0.0064            6.98
   36       5           38.7818         275.6679             0.0036                  2.06                 2.39                  4.45        0.0064            6.98
   37       5           38.7789         155.3005             0.0064                  1.50                 1.84                  3.34        0.0036            6.97
   38       5           38.7789         155.3005             0.0064                  1.50                 1.84                  3.34        0.0036            6.97
   39       5           38.7567         155.2117             0.0064                  2.68                 2.47                  5.15        0.0036            7.11
   40       5           38.7567         155.2117             0.0064                  2.68                 2.47                  5.15        0.0036            6.97
   41       5           38.7527         155.1957             0.0064                  2.68                 2.86                  5.54        0.0036            6.97
   42       6           38.7814         275.6665             0.0036                  2.06                 2.54                  4.60        0.0064            6.98
   43       6           38.7786         155.2991             0.0064                  1.50                 1.98                  3.49        0.0036            6.97
   44       6           38.7564         155.2104             0.0064                  2.68                 2.62                  5.29        0.0036            7.11
   45       6           38.7564         155.2104             0.0064                  2.68                 2.62                  5.29        0.0036            6.97
   46       6           38.7524         155.1943             0.0064                  2.68                 3.01                  5.68        0.0036            6.97
   47       6           38.7524         155.1943             0.0064                  2.68                 3.01                  5.68        0.0036            6.97
   48       7           38.7520         155.1929             0.0064                  2.68                 3.15                  5.83        0.0036            6.97

Summary Statistics:
------------------------------------------------------------------------------------------------------------------------
        Comp     Groups  Wall Time/Evt (s)  CPU Time/Evt (s)  Throughput (evt/s)  Write Remote (MB/evt)  Read Remote (MB/evt)  Net Transfer (MB/evt)  CPU Cores/Evt  Memory/Evt (MB)
count  48.00  48.000000          48.000000         48.000000           48.000000              48.000000             48.000000              48.000000      48.000000        48.000000
mean   24.50   4.333333          38.809949        222.485763            0.004949               1.782451              1.756410               3.538861       0.005130         7.029967
std    14.00   1.117241           0.050646         68.577996            0.001508               0.668887              0.723768               1.366042       0.001579         0.077459
min     1.00   2.000000          38.752010        155.192906            0.003267               0.888672              0.537109               1.425781       0.003583         6.972200
25%    12.75   4.000000          38.775379        155.286385            0.003553               1.350435              1.220703               2.556826       0.003584         6.973800
50%    24.50   4.000000          38.790520        215.680718            0.005025               1.782451              1.836387               3.628379       0.004974         6.978800
75%    36.25   5.000000          38.836123        281.803396            0.006440               2.214468              2.392578               4.699932       0.006502         7.115450
max    48.00   7.000000          38.917442        306.096523            0.006444               2.676230              3.154746               5.830977       0.007042         7.163200
