Workflow Construction Summary Table
========================================================================================================================

 Comp  Groups Wall Time/Evt (s) CPU Time/Evt (s) Throughput (evt/s) Write Remote (MB/evt) Read Remote (MB/evt) Net Transfer (MB/evt) CPU Cores/Evt Memory/Evt (MB)
    1       2           39.3031         156.4129             0.0064                  0.89                 0.54                  1.43        0.0036            7.24
    2       2           39.3031         156.4129             0.0064                  0.89                 0.54                  1.43        0.0036            7.24
    3       3           39.3100         156.4231             0.0064                  0.89                 0.69                  1.58        0.0036            7.24
    4       3           39.3100         156.4231             0.0064                  0.89                 0.69                  1.58        0.0036            7.24
    5       3           39.2323         156.1648             0.0064                  0.89                 0.68                  1.57        0.0036            7.24
    6       3           39.2323         156.1648             0.0064                  0.89                 0.68                  1.57        0.0036            7.24
    7       3           39.2508         156.2039             0.0064                  1.50                 1.16                  2.66        0.0036            7.23
    8       3           39.2508         156.2039             0.0064                  1.50                 1.16                  2.66        0.0036            7.23
    9       3           39.1966         155.9887             0.0064                  0.89                 1.08                  1.97        0.0036            7.24
   10       3           39.1566         155.8292             0.0064                  2.06                 1.72                  3.78        0.0036            7.24
   11       3           39.1566         155.8292             0.0064                  2.06                 1.72                  3.78        0.0036            7.24
   12       4           39.2392         156.1750             0.0064                  0.89                 0.83                  1.72        0.0036            7.24
   13       4           39.2392         156.1750             0.0064                  0.89                 0.83                  1.72        0.0036            7.24
   14       4           39.2576         156.2141             0.0064                  1.50                 1.31                  2.81        0.0036            7.24
   15       4           39.2576         156.2141             0.0064                  1.50                 1.31                  2.81        0.0036            7.24
   16       4           39.1948         155.9816             0.0064                  0.89                 1.23                  2.12        0.0036            7.24
   17       4           39.1948         155.9816             0.0064                  0.89                 1.23                  2.12        0.0036            7.24
   18       4           39.1803         155.9579             0.0064                  1.50                 1.30                  2.81        0.0036            7.24
   19       4           39.1803         155.9579             0.0064                  1.50                 1.30                  2.81        0.0036            7.24
   20       4           39.1635         155.8394             0.0064                  2.06                 1.87                  3.93        0.0036            7.24
   21       4           39.1146         155.6619             0.0064                  2.68                 2.34                  5.01        0.0036            7.24
   22       4           39.1635         155.8394             0.0064                  2.06                 1.87                  3.93        0.0036            7.24
   23       4           39.1146         155.6619             0.0064                  2.68                 2.34                  5.01        0.0036            7.24
   24       4           39.1460         155.7868             0.0064                  2.06                 1.87                  3.93        0.0036            7.24
   25       4           39.1460         155.7868             0.0064                  2.06                 1.87                  3.93        0.0036            7.24
   26       4           39.1380         155.7550             0.0064                  2.06                 2.26                  4.32        0.0036            7.24
   27       4           39.1462         155.7878             0.0064                  1.50                 1.70                  3.20        0.0036            7.24
   28       5           39.1844         155.9572             0.0064                  0.89                 1.37                  2.26        0.0036            7.25
   29       5           39.1871         155.9681             0.0064                  1.50                 1.45                  2.96        0.0036            7.24
   30       5           39.1871         155.9681             0.0064                  1.50                 1.45                  2.96        0.0036            7.24
   31       5           39.1214         155.6721             0.0064                  2.68                 2.49                  5.16        0.0036            7.24
   32       5           39.1214         155.6721             0.0064                  2.68                 2.49                  5.16        0.0036            7.24
   33       5           39.1528         155.7970             0.0064                  2.06                 2.02                  4.08        0.0036            7.25
   34       5           39.1528         155.7970             0.0064                  2.06                 2.02                  4.08        0.0036            7.25
   35       5           39.1362         155.7479             0.0064                  2.06                 2.41                  4.47        0.0036            7.24
   36       5           39.1362         155.7479             0.0064                  2.06                 2.41                  4.47        0.0036            7.24
   37       5           39.1444         155.7805             0.0064                  1.50                 1.85                  3.35        0.0036            7.24
   38       5           39.1444         155.7805             0.0064                  1.50                 1.85                  3.35        0.0036            7.24
   39       5           39.1039         155.6195             0.0064                  2.68                 2.49                  5.16        0.0036            7.24
   40       5           39.1039         155.6195             0.0064                  2.68                 2.49                  5.16        0.0036            7.24
   41       5           39.0960         155.5878             0.0064                  2.68                 2.88                  5.55        0.0036            7.24
   42       6           39.1259         155.7238             0.0064                  2.06                 2.55                  4.61        0.0036            7.24
   43       6           39.1340         155.7563             0.0064                  1.50                 1.99                  3.49        0.0036            7.24
   44       6           39.1108         155.6297             0.0064                  2.68                 2.63                  5.31        0.0036            7.25
   45       6           39.1108         155.6297             0.0064                  2.68                 2.63                  5.31        0.0036            7.25
   46       6           39.0942         155.5807             0.0064                  2.68                 3.02                  5.70        0.0036            7.24
   47       6           39.0942         155.5807             0.0064                  2.68                 3.02                  5.70        0.0036            7.24
   48       7           39.0924         155.5736             0.0064                  2.68                 3.17                  5.85        0.0036            7.25

Summary Statistics:
------------------------------------------------------------------------------------------------------------------------
        Comp     Groups  Wall Time/Evt (s)  CPU Time/Evt (s)  Throughput (evt/s)  Write Remote (MB/evt)  Read Remote (MB/evt)  Net Transfer (MB/evt)  CPU Cores/Evt  Memory/Evt (MB)
count  48.00  48.000000          48.000000         48.000000           48.000000              48.000000             48.000000              48.000000      48.000000        48.000000
mean   24.50   4.333333          39.173176        155.896299            0.006415               1.782451              1.765872               3.548323       0.003620         7.240067
std    14.00   1.117241           0.062409          0.250101            0.000010               0.668887              0.727936               1.370284       0.000002         0.004095
min     1.00   2.000000          39.092388        155.573559            0.006393               0.888672              0.540679               1.429351       0.003616         7.232000
25%    12.75   4.000000          39.124801        155.710855            0.006409               1.350435              1.226918               2.562964       0.003618         7.236800
50%    24.50   4.000000          39.154709        155.813078            0.006418               1.782451              1.847489               3.636741       0.003620         7.240000
75%    36.25   5.000000          39.205531        156.032758            0.006422               2.214468              2.405007               4.711429       0.003622         7.243200
max    48.00   7.000000          39.309992        156.423066            0.006428               2.676230              3.170594               5.846825       0.003624         7.248000
