Workflow Construction Summary Table
========================================================================================================================

 Comp  Groups Wall Time/Evt (s) CPU Time/Evt (s) Throughput (evt/s) Write Remote (MB/evt) Read Remote (MB/evt) Net Transfer (MB/evt) CPU Cores/Evt Memory/Evt (MB)
    1       1            6.9934          55.6698             0.0180                  0.45                 0.00                  0.45        0.0006            0.65
    2       2            7.0058          55.6999             0.0180                  0.45                 0.06                  0.51        0.0007            0.65
    3       2            6.9807          55.5688             0.0180                  1.23                 0.79                  2.02        0.0006            0.65
    4       2            7.0008          55.6601             0.0180                  0.45                 0.38                  0.83        0.0006            0.65
    5       2            6.9980          55.6381             0.0180                  2.54                 2.11                  4.65        0.0006            0.65
    6       3            7.0005          55.6580             0.0180                  0.45                 0.45                  0.90        0.0007            0.65
    7       3            6.9958          55.6204             0.0180                  1.23                 0.85                  2.08        0.0007            0.65
    8       3            6.9947          55.6118             0.0180                  3.32                 2.90                  6.22        0.0006            0.65
    9       3            6.9966          55.6267             0.0180                  2.54                 2.17                  4.71        0.0007            0.65
   10       3            6.9955          55.6181             0.0180                  2.54                 2.49                  5.02        0.0006            0.65
   11       3            6.9937          55.6038             0.0180                  1.23                 1.17                  2.40        0.0006            0.65
   12       4            6.9952          55.6159             0.0180                  2.54                 2.55                  5.09        0.0007            0.65
   13       4            6.9934          55.6016             0.0180                  1.23                 1.23                  2.47        0.0007            0.65
   14       4            6.9933          55.6006             0.0180                  3.32                 2.96                  6.28        0.0007            0.65
   15       4            6.9923          55.5922             0.0180                  3.32                 3.27                  6.59        0.0007            0.65
   16       5            6.9920          55.5900             0.0180                  3.32                 3.34                  6.66        0.0007            0.65

Summary Statistics:
------------------------------------------------------------------------------------------------------------------------
            Comp     Groups  Wall Time/Evt (s)  CPU Time/Evt (s)  Throughput (evt/s)  Write Remote (MB/evt)  Read Remote (MB/evt)  Net Transfer (MB/evt)  CPU Cores/Evt  Memory/Evt (MB)
count  16.000000  16.000000          16.000000         16.000000           16.000000              16.000000             16.000000              16.000000      16.000000        16.000000
mean    8.500000   3.000000           6.995120         55.623478            0.017978               1.884766              1.669863               3.554629       0.000651         0.650600
std     4.760952   1.032796           0.005314          0.034117            0.000011               1.152134              1.177566               2.321260       0.000002         0.002176
min     1.000000   1.000000           6.980721         55.568808            0.017953               0.449219              0.000000               0.449219       0.000646         0.646400
25%     4.750000   2.000000           6.993381         55.601327            0.017972               1.035156              0.701387               1.736543       0.000650         0.649600
50%     8.500000   3.000000           6.994986         55.617017            0.017980               1.884766              1.671442               3.556208       0.000651         0.651200
75%    12.250000   4.000000           6.996955         55.643094            0.017985               2.734375              2.636219               5.370594       0.000652         0.651600
max    16.000000   5.000000           7.005807         55.699897            0.017996               3.320312              3.337250               6.657562       0.000654         0.654400
