Workflow Construction Summary Table
========================================================================================================================

 Comp  Groups Wall Time/Evt (s) CPU Time/Evt (s) Throughput (evt/s) Write Remote (MB/evt) Read Remote (MB/evt) Net Transfer (MB/evt) CPU Cores/Evt Memory/Evt (MB)
    1       2           43.6798        2576.4291             0.0004                  0.89                 0.57                  1.46        0.1845          185.07
    2       2           43.6798        2576.4291             0.0004                  0.89                 0.57                  1.46        0.1845          185.07
    3       3           43.6755        2575.5479             0.0004                  0.89                 0.72                  1.61        0.1844          184.90
    4       3           43.6755        2575.5479             0.0004                  0.89                 0.72                  1.61        0.1844          184.90
    5       3           43.4864        2545.1724             0.0004                  0.89                 0.72                  1.61        0.1830          183.63
    6       3           43.4864        2545.1724             0.0004                  0.89                 0.72                  1.61        0.1830          183.63
    7       3           43.5234        2564.8907             0.0004                  1.50                 1.21                  2.71        0.1842          184.74
    8       3           43.5234        2564.8907             0.0004                  1.50                 1.21                  2.71        0.1842          184.74
    9       3           43.3123        2471.0613             0.0004                  0.89                 1.14                  2.02        0.1783          179.48
   10       3           43.2338         759.7349             0.0013                  2.06                 1.80                  3.86        0.0547           73.86
   11       3           43.2338         759.7349             0.0013                  2.06                 1.80                  3.86        0.0547           73.86
   12       4           43.4966        2544.6702             0.0004                  0.89                 0.88                  1.76        0.1830          183.51
   13       4           43.4966        2544.6702             0.0004                  0.89                 0.88                  1.76        0.1830          183.51
   14       4           43.5167        2564.3677             0.0004                  1.50                 1.36                  2.86        0.1842          184.62
   15       4           43.5167        2564.3677             0.0004                  1.50                 1.36                  2.86        0.1842          184.62
   16       4           43.2931        2470.0685             0.0004                  0.89                 1.29                  2.18        0.1782          179.29
   17       4           43.2931        2470.0685             0.0004                  0.89                 1.29                  2.18        0.1782          179.29
   18       4           43.3513        2533.7389             0.0004                  1.50                 1.37                  2.87        0.1827          183.29
   19       4           43.3513        2533.7389             0.0004                  1.50                 1.37                  2.87        0.1827          183.29
   20       4           43.2092         758.1017             0.0013                  2.06                 1.95                  4.01        0.0546           73.58
   21       4           43.0673         631.1223             0.0016                  2.68                 2.44                  5.12        0.0454           73.68
   22       4           43.2092         758.1017             0.0013                  2.06                 1.95                  4.01        0.0546           73.58
   23       4           43.0673         631.1223             0.0016                  2.68                 2.44                  5.12        0.0454           73.68
   24       4           43.1948         737.4506             0.0014                  2.06                 1.95                  4.01        0.0533           72.44
   25       4           43.1948         737.4506             0.0014                  2.06                 1.95                  4.01        0.0533           72.44
   26       4           43.1556         671.0423             0.0015                  2.06                 2.36                  4.42        0.0485           68.21
   27       4           43.1687        2459.2090             0.0004                  1.50                 1.78                  3.29        0.1779          179.07
   28       5           43.2826        2469.1782             0.0004                  0.89                 1.44                  2.33        0.1781          179.12
   29       5           43.3452        2533.7473             0.0004                  1.50                 1.51                  3.02        0.1828          183.24
   30       5           43.3452        2533.7473             0.0004                  1.50                 1.51                  3.02        0.1828          183.24
   31       5           43.0501         630.1913             0.0016                  2.68                 2.59                  5.27        0.0453           73.52
   32       5           43.0501         630.1913             0.0016                  2.68                 2.59                  5.27        0.0453           73.52
   33       5           43.1736         736.3276             0.0014                  2.06                 2.10                  4.16        0.0532           72.20
   34       5           43.1736         736.3276             0.0014                  2.06                 2.10                  4.16        0.0532           72.20
   35       5           43.1306         670.2120             0.0015                  2.06                 2.51                  4.57        0.0484           68.04
   36       5           43.1306         670.2120             0.0015                  2.06                 2.51                  4.57        0.0484           68.04
   37       5           43.1624        2458.5795             0.0004                  1.50                 1.94                  3.44        0.1779          178.93
   38       5           43.1624        2458.5795             0.0004                  1.50                 1.94                  3.44        0.1779          178.93
   39       5           43.0486         608.8650             0.0016                  2.68                 2.60                  5.28        0.0439           72.25
   40       5           43.0486         608.8650             0.0016                  2.68                 2.60                  5.28        0.0439           72.25
   41       5           43.0197         543.5932             0.0018                  2.68                 3.01                  5.69        0.0393           68.20
   42       6           43.1279         669.1520             0.0015                  2.06                 2.66                  4.72        0.0483           67.84
   43       6           43.1608        2457.9909             0.0004                  1.50                 2.09                  3.59        0.1778          178.80
   44       6           43.0407         607.9731             0.0016                  2.68                 2.75                  5.43        0.0439           72.07
   45       6           43.0407         607.9731             0.0016                  2.68                 2.75                  5.43        0.0439           72.07
   46       6           43.0130         543.0726             0.0018                  2.68                 3.16                  5.84        0.0393           68.09
   47       6           43.0130         543.0726             0.0018                  2.68                 3.16                  5.84        0.0393           68.09
   48       7           43.0111         542.0329             0.0018                  2.68                 3.32                  5.99        0.0392           67.89

Summary Statistics:
------------------------------------------------------------------------------------------------------------------------
        Comp     Groups  Wall Time/Evt (s)  CPU Time/Evt (s)  Throughput (evt/s)  Write Remote (MB/evt)  Read Remote (MB/evt)  Net Transfer (MB/evt)  CPU Cores/Evt  Memory/Evt (MB)
count  48.00  48.000000          48.000000         48.000000           48.000000              48.000000             48.000000              48.000000      48.000000        48.000000
mean   24.50   4.333333          43.262975       1591.328889            0.000968               1.782451              1.846973               3.629424       0.114598       126.885650
std    14.00   1.117241           0.203054        945.240104            0.000592               0.668887              0.759927               1.401464       0.067973        56.209362
min     1.00   2.000000          43.011054        542.032942            0.000388               0.888672              0.567449               1.456121       0.039207        67.844800
25%    12.75   4.000000          43.112747        659.644597            0.000394               1.350435              1.286667               2.618003       0.047592        72.240800
50%    24.50   4.000000          43.202014       1608.862905            0.000862               1.782451              1.935599               3.726230       0.116286       126.330600
75%    36.25   5.000000          43.385076       2536.478039            0.001517               2.214468              2.508338               4.823221       0.182810       183.344700
max    48.00   7.000000          43.679842       2576.429077            0.001845               2.676230              3.317889               5.994119       0.184467       185.072000
