Workflow Construction Summary Table
========================================================================================================================

 Comp  Groups Wall Time/Evt (s) CPU Time/Evt (s) Throughput (evt/s) Write Remote (MB/evt) Read Remote (MB/evt) Net Transfer (MB/evt) CPU Cores/Evt Memory/Evt (MB)
    1       1           10.7091         599.5320             0.0017                  0.45                 0.00                  0.45        0.3273          327.31
    2       2           10.3942         578.3062             0.0017                  0.45                 0.07                  0.52        0.3249          325.06
    3       2           10.0768         534.5202             0.0019                  0.45                 0.43                  0.88        0.3096          311.40
    4       2            9.8907         266.8036             0.0037                  1.23                 0.91                  2.14        0.1502          153.03
    5       2            9.8668         212.8419             0.0047                  2.53                 2.44                  4.97        0.1241          152.95
    6       3           10.0579         534.3475             0.0019                  0.45                 0.51                  0.96        0.3096          311.30
    7       3            9.7516         255.4188             0.0039                  1.23                 0.99                  2.21        0.1481          151.03
    8       3            9.7763         204.1184             0.0049                  2.53                 2.51                  5.04        0.1218          150.86
    9       3            9.6121         221.2041             0.0045                  1.23                 1.35                  2.58        0.1321          136.69
   10       3            9.7045         173.7176             0.0058                  2.53                 2.87                  5.39        0.1059          136.61
   11       3            9.6568         179.4563             0.0056                  3.31                 3.35                  6.66        0.1044          113.69
   12       4            9.5926         221.6543             0.0045                  1.22                 1.42                  2.64        0.1326          137.11
   13       4            9.6975         174.0321             0.0057                  2.53                 2.95                  5.48        0.1062          136.84
   14       4            9.5618         170.5784             0.0059                  3.31                 3.42                  6.73        0.1020          111.48
   15       4            9.4959         140.2127             0.0071                  3.31                 3.78                  7.09        0.0862           97.38
   16       5            9.4765         140.4334             0.0071                  3.30                 3.86                  7.16        0.0864           97.50

Summary Statistics:
------------------------------------------------------------------------------------------------------------------------
            Comp     Groups  Wall Time/Evt (s)  CPU Time/Evt (s)  Throughput (evt/s)  Write Remote (MB/evt)  Read Remote (MB/evt)  Net Transfer (MB/evt)  CPU Cores/Evt  Memory/Evt (MB)
count  16.000000  16.000000          16.000000         16.000000           16.000000              16.000000             16.000000              16.000000      16.000000        16.000000
mean    8.500000   3.000000           9.832568        287.948600            0.004414               1.876911              1.929013               3.805924       0.166974       178.139975
std     4.760952   1.032796           0.336020        167.547808            0.001834               1.147163              1.362954               2.501314       0.091954        85.840244
min     1.000000   1.000000           9.476532        140.212748            0.001668               0.447581              0.000000               0.447677       0.086226        97.379600
25%     4.750000   2.000000           9.607245        173.953450            0.003279               1.030685              0.810553               1.841717       0.105524       130.881400
50%     8.500000   3.000000           9.728028        217.022973            0.004610               1.876344              1.927911               3.804091       0.128086       143.986000
75%    12.250000   4.000000           9.932487        333.689582            0.005749               2.722894              3.049820               5.773888       0.190075       192.595100
max    16.000000   5.000000          10.709112        599.532022            0.007132               3.308695              3.858101               7.160525       0.327309       327.308800
