Workflow Construction Summary Table
========================================================================================================================

 Comp  Groups Wall Time/Evt (s) CPU Time/Evt (s) Throughput (evt/s) Write Remote (MB/evt) Read Remote (MB/evt) Net Transfer (MB/evt) CPU Cores/Evt Memory/Evt (MB)
    1       2           39.1772        2424.7356             0.0004                  0.89                 0.54                  1.43        0.0832           83.47
    2       2           39.1772        2424.7356             0.0004                  0.89                 0.54                  1.43        0.0832           83.47
    3       3           39.1891        2423.8287             0.0004                  0.89                 0.68                  1.57        0.0832           83.39
    4       3           39.1891        2423.8287             0.0004                  0.89                 0.68                  1.57        0.0832           83.39
    5       3           39.1122        2400.5315             0.0004                  0.89                 0.68                  1.57        0.0826           82.85
    6       3           39.1122        2400.5315             0.0004                  0.89                 0.68                  1.57        0.0826           82.85
    7       3           39.2221        2421.9203             0.0004                  1.50                 1.15                  2.66        0.0831           83.36
    8       3           39.2221        2421.9203             0.0004                  1.50                 1.15                  2.66        0.0831           83.36
    9       3           39.0724        2335.4296             0.0004                  0.89                 1.07                  1.96        0.0805           81.01
   10       3           39.1933         729.9506             0.0014                  2.06                 1.71                  3.77        0.0248           33.39
   11       3           39.1933         729.9506             0.0014                  2.06                 1.71                  3.77        0.0248           33.39
   12       4           39.1242        2399.6246             0.0004                  0.89                 0.83                  1.72        0.0825           82.77
   13       4           39.1242        2399.6246             0.0004                  0.89                 0.83                  1.72        0.0825           82.77
   14       4           39.2341        2421.0134             0.0004                  1.50                 1.30                  2.80        0.0831           83.28
   15       4           39.2341        2421.0134             0.0004                  1.50                 1.30                  2.80        0.0831           83.28
   16       4           39.0844        2334.5228             0.0004                  0.89                 1.22                  2.11        0.0804           80.92
   17       4           39.0844        2334.5228             0.0004                  0.89                 1.22                  2.11        0.0804           80.92
   18       4           39.1579        2397.7615             0.0004                  1.50                 1.30                  2.80        0.0825           82.74
   19       4           39.1579        2397.7615             0.0004                  1.50                 1.30                  2.80        0.0825           82.74
   20       4           39.2053         729.0437             0.0014                  2.06                 1.86                  3.92        0.0247           33.30
   21       4           39.2538         609.4691             0.0016                  2.68                 2.32                  5.00        0.0206           33.36
   22       4           39.2053         729.0437             0.0014                  2.06                 1.86                  3.92        0.0247           33.30
   23       4           39.2538         609.4691             0.0016                  2.68                 2.32                  5.00        0.0206           33.36
   24       4           39.1921         709.8276             0.0014                  2.06                 1.86                  3.92        0.0241           32.74
   25       4           39.1921         709.8276             0.0014                  2.06                 1.86                  3.92        0.0241           32.74
   26       4           39.2193         649.0112             0.0015                  2.06                 2.25                  4.31        0.0221           30.95
   27       4           39.1204        2332.8048             0.0004                  1.50                 1.69                  3.19        0.0804           80.91
   28       5           39.0963        2333.6159             0.0004                  0.89                 1.37                  2.26        0.0804           80.84
   29       5           39.1698        2396.8546             0.0004                  1.50                 1.45                  2.95        0.0824           82.66
   30       5           39.1698        2396.8546             0.0004                  1.50                 1.45                  2.95        0.0824           82.66
   31       5           39.2657         608.5622             0.0016                  2.68                 2.47                  5.15        0.0206           33.27
   32       5           39.2657         608.5622             0.0016                  2.68                 2.47                  5.15        0.0206           33.27
   33       5           39.2041         708.9207             0.0014                  2.06                 2.00                  4.06        0.0241           32.66
   34       5           39.2041         708.9207             0.0014                  2.06                 2.00                  4.06        0.0241           32.66
   35       5           39.2312         648.1044             0.0015                  2.06                 2.39                  4.45        0.0220           30.86
   36       5           39.2312         648.1044             0.0015                  2.06                 2.39                  4.45        0.0220           30.86
   37       5           39.1323        2331.8979             0.0004                  1.50                 1.84                  3.34        0.0803           80.83
   38       5           39.1323        2331.8979             0.0004                  1.50                 1.84                  3.34        0.0803           80.83
   39       5           39.2526         589.3461             0.0017                  2.68                 2.47                  5.15        0.0199           32.71
   40       5           39.2526         589.3461             0.0017                  2.68                 2.47                  5.15        0.0199           32.71
   41       5           39.2797         528.5297             0.0019                  2.68                 2.86                  5.54        0.0179           30.91
   42       6           39.2432         647.1975             0.0015                  2.06                 2.54                  4.60        0.0220           30.78
   43       6           39.1443        2330.9911             0.0004                  1.50                 1.98                  3.49        0.0803           80.74
   44       6           39.2645         588.4393             0.0017                  2.68                 2.62                  5.29        0.0199           32.63
   45       6           39.2645         588.4393             0.0017                  2.68                 2.62                  5.29        0.0199           32.63
   46       6           39.2917         527.6229             0.0019                  2.68                 3.01                  5.68        0.0178           30.83
   47       6           39.2917         527.6229             0.0019                  2.68                 3.01                  5.68        0.0178           30.83
   48       7           39.3036         526.7160             0.0019                  2.68                 3.15                  5.83        0.0178           30.75

Summary Statistics:
------------------------------------------------------------------------------------------------------------------------
        Comp     Groups  Wall Time/Evt (s)  CPU Time/Evt (s)  Throughput (evt/s)  Write Remote (MB/evt)  Read Remote (MB/evt)  Net Transfer (MB/evt)  CPU Cores/Evt  Memory/Evt (MB)
count  48.00  48.000000          48.000000         48.000000           48.000000              48.000000             48.000000              48.000000      48.000000        48.000000
mean   24.50   4.333333          39.195712       1510.171896            0.001006               1.782451              1.756410               3.538861       0.051771        57.311567
std    14.00   1.117241           0.061026        885.818385            0.000607               0.668887              0.723768               1.366042       0.030617        25.311739
min     1.00   2.000000          39.072425        526.716038            0.000412               0.888672              0.537109               1.425781       0.017816        30.749000
25%    12.75   4.000000          39.154473        637.765402            0.000417               1.350435              1.220703               2.556826       0.021639        32.698050
50%    24.50   4.000000          39.198690       1530.470833            0.000899               1.782451              1.836387               3.628379       0.052537        57.064500
75%    36.25   5.000000          39.245538       2398.227254            0.001569               2.214468              2.392578               4.699932       0.082486        82.750050
max    48.00   7.000000          39.303642       2424.735592            0.001899               2.676230              3.154746               5.830977       0.083202        83.472800
