Workflow Construction Summary Table
========================================================================================================================

 Comp  Groups Wall Time/Evt (s) CPU Time/Evt (s) Throughput (evt/s) Write Remote (MB/evt) Read Remote (MB/evt) Net Transfer (MB/evt) CPU Cores/Evt Memory/Evt (MB)
    1       1            9.4764          65.6448             0.0152                  0.45                 0.00                  0.45        0.0035            3.46
    2       2            9.4505          65.3072             0.0153                  0.45                 0.08                  0.52        0.0035            3.47
    3       2            9.4283          63.4638             0.0158                  0.45                 0.43                  0.87        0.0034            3.38
    4       2            9.4772          56.3383             0.0177                  2.53                 2.41                  4.94        0.0030            3.18
    5       2            9.4190          50.7766             0.0197                  1.22                 0.91                  2.13        0.0027            2.27
    6       3            9.4346          62.6842             0.0160                  0.45                 0.51                  0.96        0.0033            3.39
    7       3            9.4598          56.0857             0.0178                  2.51                 2.47                  4.97        0.0030            3.18
    8       3            9.4550          50.7894             0.0197                  1.22                 0.99                  2.21        0.0027            2.30
    9       3            9.4650          56.1807             0.0178                  2.52                 2.84                  5.36        0.0030            3.10
   10       3            9.4419          50.7956             0.0197                  1.23                 1.40                  2.63        0.0027            2.18
   11       3            9.5011          51.1245             0.0196                  3.28                 3.34                  6.62        0.0027            2.23
   12       4            9.4333          55.3402             0.0181                  2.52                 2.89                  5.40        0.0030            3.09
   13       4            9.4631          50.0010             0.0200                  1.23                 1.47                  2.70        0.0027            2.22
   14       4            9.4636          51.0402             0.0196                  3.32                 3.40                  6.71        0.0027            2.23
   15       4            9.5038          51.0740             0.0196                  3.27                 3.74                  7.01        0.0027            2.14
   16       5            9.5310          50.3645             0.0199                  3.32                 3.85                  7.17        0.0027            2.17

Summary Statistics:
------------------------------------------------------------------------------------------------------------------------
            Comp     Groups  Wall Time/Evt (s)  CPU Time/Evt (s)  Throughput (evt/s)  Write Remote (MB/evt)  Read Remote (MB/evt)  Net Transfer (MB/evt)  CPU Cores/Evt  Memory/Evt (MB)
count  16.000000  16.000000          16.000000         16.000000           16.000000              16.000000             16.000000              16.000000      16.000000        16.000000
mean    8.500000   3.000000           9.462716         55.438172            0.018210               1.871442              1.919016               3.790457       0.002962         2.749500
std     4.760952   1.032796           0.030151          5.758916            0.001770               1.142939              1.346444               2.480176       0.000294         0.561538
min     1.000000   1.000000           9.418958         50.001029            0.015233               0.445001              0.000000               0.445001       0.002686         2.142000
25%     4.750000   2.000000           9.440066         50.794041            0.017301               1.028854              0.807421               1.836274       0.002725         2.223750
50%     8.500000   3.000000           9.461429         53.232367            0.018815               1.868514              1.939318               3.818933       0.002854         2.693500
75%    12.250000   4.000000           9.476631         57.924819            0.019687               2.715121              3.000676               5.707167       0.003091         3.232000
max    16.000000   5.000000           9.531046         65.644804            0.020000               3.320312              3.850154               7.170466       0.003472         3.472000
