Workflow Construction Summary Table
========================================================================================================================

 Comp  Groups Wall Time/Evt (s) CPU Time/Evt (s) Throughput (evt/s) Write Remote (MB/evt) Read Remote (MB/evt) Net Transfer (MB/evt) CPU Cores/Evt Memory/Evt (MB)
    1       1            9.3405          64.7027             0.0155                  0.45                 0.00                  0.45        0.0035            3.46
    2       2            9.3398          64.5448             0.0155                  0.45                 0.08                  0.52        0.0035            3.47
    3       2            9.3407          62.8878             0.0159                  0.45                 0.43                  0.87        0.0034            3.38
    4       2            9.3553          55.6863             0.0180                  2.53                 2.41                  4.94        0.0030            3.18
    5       2            9.3811          50.5269             0.0198                  1.23                 0.91                  2.14        0.0027            2.28
    6       3            9.3473          62.1222             0.0161                  0.45                 0.51                  0.96        0.0033            3.39
    7       3            9.3483          55.5094             0.0180                  2.52                 2.51                  5.03        0.0030            3.19
    8       3            9.3944          50.6400             0.0197                  1.23                 0.98                  2.21        0.0027            2.29
    9       3            9.3513          55.5585             0.0180                  2.52                 2.84                  5.36        0.0030            3.10
   10       3            9.3915          50.7206             0.0197                  1.23                 1.38                  2.61        0.0027            2.18
   11       3            9.3798          50.6107             0.0198                  3.32                 3.33                  6.64        0.0027            2.23
   12       4            9.3208          54.7336             0.0183                  2.52                 2.89                  5.40        0.0030            3.09
   13       4            9.3938          49.8403             0.0201                  1.23                 1.44                  2.67        0.0027            2.21
   14       4            9.3197          50.4040             0.0198                  3.31                 3.38                  6.69        0.0027            2.22
   15       4            9.3974          50.6891             0.0197                  3.32                 3.77                  7.09        0.0027            2.13
   16       5            9.4103          49.8884             0.0200                  3.32                 3.86                  7.18        0.0027            2.16

Summary Statistics:
------------------------------------------------------------------------------------------------------------------------
            Comp     Groups  Wall Time/Evt (s)  CPU Time/Evt (s)  Throughput (evt/s)  Write Remote (MB/evt)  Read Remote (MB/evt)  Net Transfer (MB/evt)  CPU Cores/Evt  Memory/Evt (MB)
count  16.000000  16.000000          16.000000         16.000000           16.000000              16.000000             16.000000              16.000000      16.000000        16.000000
mean    8.500000   3.000000           9.363261         54.941582            0.018367               1.878202              1.919153               3.797355       0.002964         2.748063
std     4.760952   1.032796           0.029026          5.587494            0.001748               1.149614              1.350473               2.490961       0.000292         0.564364
min     1.000000   1.000000           9.319658         49.840347            0.015455               0.445001              0.000000               0.445001       0.002704         2.135000
25%     4.750000   2.000000           9.340675         50.589795            0.017493               1.032184              0.814191               1.846375       0.002735         2.221000
50%     8.500000   3.000000           9.353294         52.727077            0.018993               1.873016              1.926206               3.805822       0.002854         2.686500
75%    12.250000   4.000000           9.392103         57.295288            0.019767               2.724322              2.998544               5.714081       0.003089         3.237250
max    16.000000   5.000000           9.410301         64.702680            0.020064               3.320312              3.855502               7.175814       0.003472         3.472000
