Workflow Construction Summary Table
========================================================================================================================

 Comp  Groups Wall Time/Evt (s) CPU Time/Evt (s) Throughput (evt/s) Write Remote (MB/evt) Read Remote (MB/evt) Net Transfer (MB/evt) CPU Cores/Evt Memory/Evt (MB)
    1       1            9.3694          64.9673             0.0154                  0.45                 0.00                  0.45        0.0009            0.87
    2       2            9.3643          64.6553             0.0155                  0.44                 0.06                  0.51        0.0009            0.87
    3       2            9.3023          62.7502             0.0159                  0.44                 0.42                  0.86        0.0008            0.84
    4       2            9.4269          55.8521             0.0179                  2.54                 2.46                  5.00        0.0007            0.80
    5       2            9.3394          50.5554             0.0198                  1.22                 0.89                  2.11        0.0007            0.56
    6       3            9.3691          62.2671             0.0161                  0.45                 0.52                  0.97        0.0008            0.84
    7       3            9.4531          55.9365             0.0179                  2.54                 2.56                  5.10        0.0008            0.80
    8       3            9.3230          50.4838             0.0198                  1.22                 0.96                  2.18        0.0007            0.56
    9       3            9.3571          55.5352             0.0180                  2.52                 2.87                  5.39        0.0007            0.77
   10       3            9.4234          50.7850             0.0197                  1.23                 1.34                  2.57        0.0007            0.55
   11       3            9.3825          50.6426             0.0197                  3.31                 3.33                  6.64        0.0007            0.55
   12       4            9.4212          54.8431             0.0182                  2.53                 3.00                  5.53        0.0007            0.77
   13       4            9.4135          49.9894             0.0200                  1.23                 1.41                  2.63        0.0007            0.55
   14       4            9.3681          50.5421             0.0198                  3.28                 3.39                  6.67        0.0007            0.55
   15       4            9.3967          50.6323             0.0198                  3.31                 3.74                  7.06        0.0007            0.52
   16       5            9.3643          49.7099             0.0201                  3.28                 3.81                  7.09        0.0007            0.53

Summary Statistics:
------------------------------------------------------------------------------------------------------------------------
            Comp     Groups  Wall Time/Evt (s)  CPU Time/Evt (s)  Throughput (evt/s)  Write Remote (MB/evt)  Read Remote (MB/evt)  Net Transfer (MB/evt)  CPU Cores/Evt  Memory/Evt (MB)
count  16.000000  16.000000          16.000000         16.000000           16.000000              16.000000             16.000000              16.000000      16.000000        16.000000
mean    8.500000   3.000000           9.379649         55.009211            0.018347               1.874480              1.922677               3.797157       0.000739         0.683150
std     4.760952   1.032796           0.040697          5.635052            0.001760               1.145640              1.359613               2.496360       0.000072         0.143685
min     1.000000   1.000000           9.302302         49.709882            0.015392               0.444221              0.000000               0.445844       0.000674         0.524000
25%     4.750000   2.000000           9.362500         50.552096            0.017423               1.024796              0.801936               1.828599       0.000682         0.551250
50%     8.500000   3.000000           9.369271         52.814005            0.018962               1.875817              1.933464               3.815086       0.000710         0.663100
75%    12.250000   4.000000           9.415395         57.519170            0.019782               2.724391              3.082851               5.809841       0.000773         0.811750
max    16.000000   5.000000           9.453101         64.967332            0.020117               3.313207              3.812495               7.092873       0.000866         0.866400
