Workflow Construction Summary Table
========================================================================================================================

 Comp  Groups Wall Time/Evt (s) CPU Time/Evt (s) Throughput (evt/s) Write Remote (MB/evt) Read Remote (MB/evt) Net Transfer (MB/evt) CPU Cores/Evt Memory/Evt (MB)
    1       1            7.2924          57.0593             0.0175                  0.45                 0.00                  0.45        0.0020            2.01
    2       2            7.2772          56.7273             0.0176                  0.45                 0.07                  0.52        0.0020            2.00
    3       2            7.2619          55.1188             0.0181                  0.45                 0.40                  0.85        0.0019            1.94
    4       2            7.2524          48.4865             0.0206                  2.54                 2.15                  4.68        0.0017            1.83
    5       2            7.2542          43.9612             0.0227                  1.23                 0.80                  2.03        0.0016            1.32
    6       3            7.2611          54.3845             0.0184                  0.45                 0.46                  0.91        0.0019            1.95
    7       3            7.2460          48.4655             0.0206                  2.54                 2.21                  4.75        0.0017            1.82
    8       3            7.2474          43.9343             0.0228                  1.23                 0.86                  2.09        0.0016            1.31
    9       3            7.2467          48.4726             0.0206                  2.54                 2.53                  5.07        0.0017            1.77
   10       3            7.2405          43.9088             0.0228                  1.23                 1.18                  2.41        0.0016            1.26
   11       3            7.2471          43.9334             0.0228                  3.32                 2.94                  6.26        0.0016            1.28
   12       4            7.2460          47.7325             0.0210                  2.54                 2.59                  5.13        0.0017            1.77
   13       4            7.2397          43.1686             0.0232                  1.23                 1.26                  2.49        0.0015            1.26
   14       4            7.2427          43.9162             0.0228                  3.32                 3.00                  6.32        0.0016            1.28
   15       4            7.2396          43.9041             0.0228                  3.32                 3.32                  6.64        0.0016            1.22
   16       5            7.2388          43.1639             0.0232                  3.32                 3.39                  6.71        0.0015            1.22

Summary Statistics:
------------------------------------------------------------------------------------------------------------------------
            Comp     Groups  Wall Time/Evt (s)  CPU Time/Evt (s)  Throughput (evt/s)  Write Remote (MB/evt)  Read Remote (MB/evt)  Net Transfer (MB/evt)  CPU Cores/Evt  Memory/Evt (MB)
count  16.000000  16.000000          16.000000         16.000000           16.000000              16.000000             16.000000              16.000000      16.000000        16.000000
mean    8.500000   3.000000           7.252107         47.896101            0.021090               1.884766              1.697316               3.582081       0.001694         1.577600
std     4.760952   1.032796           0.014817          5.141685            0.002110               1.152134              1.195122               2.338714       0.000177         0.326751
min     1.000000   1.000000           7.238812         43.163893            0.017526               0.449219              0.000000               0.449219       0.001531         1.221800
25%     4.750000   2.000000           7.242180         43.914368            0.020065               1.035156              0.714823               1.749979       0.001557         1.273000
50%     8.500000   3.000000           7.246938         45.846864            0.021849               1.884766              1.700031               3.584797       0.001624         1.543400
75%    12.250000   4.000000           7.255935         49.961032            0.022772               2.734375              2.678733               5.413108       0.001765         1.857750
max    16.000000   5.000000           7.292441         57.059319            0.023168               3.320312              3.386851               6.707164       0.002006         2.006400
