Workflow Construction Summary Table
========================================================================================================================

 Comp  Groups Wall Time/Evt (s) CPU Time/Evt (s) Throughput (evt/s) Write Remote (MB/evt) Read Remote (MB/evt) Net Transfer (MB/evt) CPU Cores/Evt Memory/Evt (MB)
    1       2           52.3773         183.6151             0.0054                  0.89                 0.62                  1.51        0.0143           28.57
    2       2           52.3773         183.6151             0.0054                  0.89                 0.62                  1.51        0.0143           28.57
    3       3           52.3809         183.6118             0.0054                  0.89                 0.79                  1.68        0.0143           28.58
    4       3           52.3809         183.6118             0.0054                  0.89                 0.79                  1.68        0.0143           28.58
    5       3           52.1579         182.8578             0.0055                  0.89                 0.79                  1.68        0.0143           28.58
    6       3           52.1579         182.8578             0.0055                  0.89                 0.79                  1.68        0.0143           28.58
    7       3           52.1790         182.9044             0.0055                  1.50                 1.34                  2.85        0.0143           28.54
    8       3           52.1790         182.9044             0.0055                  1.50                 1.34                  2.85        0.0143           28.54
    9       3           51.9122         182.0509             0.0055                  0.89                 1.25                  2.14        0.0143           28.55
   10       3           51.7730         181.5323             0.0055                  2.06                 1.99                  4.05        0.0143           28.53
   11       3           51.7730         181.5323             0.0055                  2.06                 1.99                  4.05        0.0143           28.53
   12       4           52.1359         182.8029             0.0055                  0.89                 0.96                  1.85        0.0143           28.58
   13       4           52.1359         182.8029             0.0055                  0.89                 0.96                  1.85        0.0143           28.58
   14       4           52.1778         182.8911             0.0055                  1.50                 1.51                  3.02        0.0143           28.54
   15       4           52.1778         182.8911             0.0055                  1.50                 1.51                  3.02        0.0143           28.54
   16       4           51.8985         182.0127             0.0055                  0.89                 1.42                  2.31        0.0143           28.55
   17       4           51.8985         182.0127             0.0055                  0.89                 1.42                  2.31        0.0143           28.55
   18       4           51.9802         182.1912             0.0055                  1.50                 1.51                  3.01        0.0143           28.56
   19       4           51.9802         182.1912             0.0055                  1.50                 1.51                  3.01        0.0143           28.56
   20       4           51.7480         181.4717             0.0055                  2.06                 2.15                  4.21        0.0143           28.53
   21       4           51.6010         180.9378             0.0055                  2.68                 2.70                  5.38        0.0143           28.51
   22       4           51.7480         181.4717             0.0055                  2.06                 2.15                  4.21        0.0143           28.53
   23       4           51.6010         180.9378             0.0055                  2.68                 2.70                  5.38        0.0143           28.51
   24       4           51.7134         181.3500             0.0055                  2.06                 2.16                  4.22        0.0143           28.54
   25       4           51.7134         181.3500             0.0055                  2.06                 2.16                  4.22        0.0143           28.54
   26       4           51.6981         181.2719             0.0055                  2.06                 2.60                  4.67        0.0143           28.54
   27       4           51.7399         181.4045             0.0055                  1.50                 1.96                  3.46        0.0143           28.52
   28       5           51.8897         181.9842             0.0055                  0.89                 1.59                  2.48        0.0143           28.55
   29       5           51.9499         182.1199             0.0055                  1.50                 1.68                  3.19        0.0143           28.55
   30       5           51.9499         182.1199             0.0055                  1.50                 1.68                  3.19        0.0143           28.55
   31       5           51.5892         180.9035             0.0055                  2.68                 2.87                  5.55        0.0143           28.52
   32       5           51.5892         180.9035             0.0055                  2.68                 2.87                  5.55        0.0143           28.52
   33       5           51.7148         181.3418             0.0055                  2.06                 2.32                  4.38        0.0143           28.54
   34       5           51.7148         181.3418             0.0055                  2.06                 2.32                  4.38        0.0143           28.54
   35       5           51.6238         181.1125             0.0055                  2.06                 2.76                  4.82        0.0143           28.52
   36       5           51.6238         181.1125             0.0055                  2.06                 2.76                  4.82        0.0143           28.52
   37       5           51.7365         181.3869             0.0055                  1.50                 2.13                  3.64        0.0143           28.53
   38       5           51.7365         181.3869             0.0055                  1.50                 2.13                  3.64        0.0143           28.53
   39       5           51.5309         180.7344             0.0055                  2.68                 2.87                  5.55        0.0143           28.51
   40       5           51.5309         180.7344             0.0055                  2.68                 2.87                  5.55        0.0143           28.51
   41       5           51.4408         180.5070             0.0055                  2.68                 3.32                  5.99        0.0142           28.48
   42       6           51.6747         181.2034             0.0055                  2.06                 2.95                  5.01        0.0143           28.55
   43       6           51.7233         181.3497             0.0055                  1.50                 2.30                  3.80        0.0143           28.54
   44       6           51.4673         180.5964             0.0055                  2.68                 3.04                  5.71        0.0142           28.49
   45       6           51.4673         180.5964             0.0055                  2.68                 3.04                  5.71        0.0142           28.49
   46       6           51.4390         180.4924             0.0055                  2.68                 3.48                  6.16        0.0142           28.49
   47       6           51.4390         180.4924             0.0055                  2.68                 3.48                  6.16        0.0142           28.49
   48       7           51.4474         180.4984             0.0055                  2.68                 3.66                  6.34        0.0143           28.50

Summary Statistics:
------------------------------------------------------------------------------------------------------------------------
        Comp     Groups  Wall Time/Evt (s)  CPU Time/Evt (s)  Throughput (evt/s)  Write Remote (MB/evt)  Read Remote (MB/evt)  Net Transfer (MB/evt)  CPU Cores/Evt  Memory/Evt (MB)
count  48.00  48.000000          48.000000         48.000000           48.000000              48.000000             48.000000              48.000000      48.000000        48.000000
mean   24.50   4.333333          51.830719        181.750068            0.005502               1.782451              2.038647               3.821098       0.014269        28.537333
std    14.00   1.117241           0.280237          0.937563            0.000028               0.668887              0.838920               1.479730       0.000013         0.026696
min     1.00   2.000000          51.439019        180.492415            0.005446               0.888672              0.621255               1.509926       0.014240        28.480000
25%    12.75   4.000000          51.618060        181.068810            0.005484               1.350435              1.418733               2.754266       0.014260        28.519600
50%    24.50   4.000000          51.743993        181.438105            0.005512               1.782451              2.131576               3.929526       0.014269        28.538400
75%    36.25   5.000000          52.019097        182.344125            0.005523               2.214468              2.759824               5.101981       0.014277        28.553600
max    48.00   7.000000          52.380932        183.615090            0.005540               2.676230              3.659030               6.335260       0.014292        28.584000
