Workflow Construction Summary Table
========================================================================================================================

 Comp  Groups Wall Time/Evt (s) CPU Time/Evt (s) Throughput (evt/s) Write Remote (MB/evt) Read Remote (MB/evt) Net Transfer (MB/evt) CPU Cores/Evt Memory/Evt (MB)
    1       2           43.6798         166.2485             0.0060                  0.89                 0.57                  1.46        0.0119           23.81
    2       2           43.6798         166.2485             0.0060                  0.89                 0.57                  1.46        0.0119           23.81
    3       3           43.6755         166.2320             0.0060                  0.89                 0.72                  1.61        0.0119           23.82
    4       3           43.6755         166.2320             0.0060                  0.89                 0.72                  1.61        0.0119           23.82
    5       3           43.4864         165.5458             0.0060                  0.89                 0.72                  1.61        0.0119           23.82
    6       3           43.4864         165.5458             0.0060                  0.89                 0.72                  1.61        0.0119           23.82
    7       3           43.5234         165.6457             0.0060                  1.50                 1.21                  2.71        0.0119           23.78
    8       3           43.5234         165.6457             0.0060                  1.50                 1.21                  2.71        0.0119           23.78
    9       3           43.3123         164.8896             0.0061                  0.89                 1.14                  2.02        0.0119           23.80
   10       3           43.2338         164.5286             0.0061                  2.06                 1.80                  3.86        0.0119           23.80
   11       3           43.2338         164.5286             0.0061                  2.06                 1.80                  3.86        0.0119           23.80
   12       4           43.4966         165.5582             0.0060                  0.89                 0.88                  1.76        0.0119           23.83
   13       4           43.4966         165.5582             0.0060                  0.89                 0.88                  1.76        0.0119           23.83
   14       4           43.5167         165.6244             0.0060                  1.50                 1.36                  2.86        0.0119           23.79
   15       4           43.5167         165.6244             0.0060                  1.50                 1.36                  2.86        0.0119           23.79
   16       4           43.2931         164.8433             0.0061                  0.89                 1.29                  2.18        0.0119           23.79
   17       4           43.2931         164.8433             0.0061                  0.89                 1.29                  2.18        0.0119           23.79
   18       4           43.3513         164.9888             0.0061                  1.50                 1.37                  2.87        0.0119           23.80
   19       4           43.3513         164.9888             0.0061                  1.50                 1.37                  2.87        0.0119           23.80
   20       4           43.2092         164.4715             0.0061                  2.06                 1.95                  4.01        0.0119           23.80
   21       4           43.0673         163.9693             0.0061                  2.68                 2.44                  5.12        0.0119           23.76
   22       4           43.2092         164.4715             0.0061                  2.06                 1.95                  4.01        0.0119           23.80
   23       4           43.0673         163.9693             0.0061                  2.68                 2.44                  5.12        0.0119           23.76
   24       4           43.1948         164.3902             0.0061                  2.06                 1.95                  4.01        0.0119           23.81
   25       4           43.1948         164.3902             0.0061                  2.06                 1.95                  4.01        0.0119           23.81
   26       4           43.1556         164.2721             0.0061                  2.06                 2.36                  4.42        0.0119           23.79
   27       4           43.1687         164.3251             0.0061                  1.50                 1.78                  3.29        0.0119           23.77
   28       5           43.2826         164.8146             0.0061                  0.89                 1.44                  2.33        0.0119           23.80
   29       5           43.3452         164.9688             0.0061                  1.50                 1.51                  3.02        0.0119           23.80
   30       5           43.3452         164.9688             0.0061                  1.50                 1.51                  3.02        0.0119           23.80
   31       5           43.0501         163.9272             0.0061                  2.68                 2.59                  5.27        0.0119           23.77
   32       5           43.0501         163.9272             0.0061                  2.68                 2.59                  5.27        0.0119           23.77
   33       5           43.1736         164.3398             0.0061                  2.06                 2.10                  4.16        0.0119           23.80
   34       5           43.1736         164.3398             0.0061                  2.06                 2.10                  4.16        0.0119           23.80
   35       5           43.1306         164.2141             0.0061                  2.06                 2.51                  4.57        0.0119           23.79
   36       5           43.1306         164.2141             0.0061                  2.06                 2.51                  4.57        0.0119           23.79
   37       5           43.1624         164.3049             0.0061                  1.50                 1.94                  3.44        0.0119           23.78
   38       5           43.1624         164.3049             0.0061                  1.50                 1.94                  3.44        0.0119           23.78
   39       5           43.0486         163.8716             0.0061                  2.68                 2.60                  5.28        0.0119           23.78
   40       5           43.0486         163.8716             0.0061                  2.68                 2.60                  5.28        0.0119           23.78
   41       5           43.0197         163.7740             0.0061                  2.68                 3.01                  5.69        0.0119           23.77
   42       6           43.1279         164.2008             0.0061                  2.06                 2.66                  4.72        0.0119           23.79
   43       6           43.1608         164.2936             0.0061                  1.50                 2.09                  3.59        0.0119           23.78
   44       6           43.0407         163.8478             0.0061                  2.68                 2.75                  5.43        0.0119           23.78
   45       6           43.0407         163.8478             0.0061                  2.68                 2.75                  5.43        0.0119           23.78
   46       6           43.0130         163.7529             0.0061                  2.68                 3.16                  5.84        0.0119           23.78
   47       6           43.0130         163.7529             0.0061                  2.68                 3.16                  5.84        0.0119           23.78
   48       7           43.0111         163.7410             0.0061                  2.68                 3.32                  5.99        0.0119           23.79

Summary Statistics:
------------------------------------------------------------------------------------------------------------------------
        Comp     Groups  Wall Time/Evt (s)  CPU Time/Evt (s)  Throughput (evt/s)  Write Remote (MB/evt)  Read Remote (MB/evt)  Net Transfer (MB/evt)  CPU Cores/Evt  Memory/Evt (MB)
count  48.00  48.000000          48.000000         48.000000           48.000000              48.000000             48.000000              48.000000      48.000000        48.000000
mean   24.50   4.333333          43.262975        164.684538            0.006072               1.782451              1.846973               3.629424       0.011897        23.793667
std    14.00   1.117241           0.203054          0.759021            0.000028               0.668887              0.759927               1.401464       0.000009         0.017140
min     1.00   2.000000          43.011054        163.741048            0.006015               0.888672              0.567449               1.456121       0.011882        23.763200
25%    12.75   4.000000          43.112747        164.142943            0.006056               1.350435              1.286667               2.618003       0.011892        23.783600
50%    24.50   4.000000          43.202014        164.430892            0.006082               1.782451              1.935599               3.726230       0.011896        23.792000
75%    36.25   5.000000          43.385076        165.128091            0.006092               2.214468              2.508338               4.823221       0.011901        23.802400
max    48.00   7.000000          43.679842        166.248503            0.006107               2.676230              3.317889               5.994119       0.011915        23.830400
