Workflow Construction Summary Table
========================================================================================================================

 Comp  Groups Wall Time/Evt (s) CPU Time/Evt (s) Throughput (evt/s) Write Remote (MB/evt) Read Remote (MB/evt) Net Transfer (MB/evt) CPU Cores/Evt Memory/Evt (MB)
    1       1            7.2442          56.7702             0.0176                  0.45                 0.00                  0.45        0.0013            1.33
    2       2            7.2341          56.4902             0.0177                  0.45                 0.06                  0.51        0.0013            1.33
    3       2            7.2241          55.0063             0.0182                  0.45                 0.38                  0.83        0.0013            1.30
    4       2            7.2215          48.4272             0.0206                  2.54                 2.12                  4.66        0.0011            1.22
    5       2            7.2194          43.8409             0.0228                  1.23                 0.80                  2.03        0.0010            0.88
    6       3            7.2236          54.2764             0.0184                  0.45                 0.44                  0.89        0.0013            1.30
    7       3            7.2186          48.4333             0.0206                  2.54                 2.18                  4.72        0.0011            1.21
    8       3            7.2148          43.8231             0.0228                  1.23                 0.86                  2.09        0.0010            0.87
    9       3            7.2167          48.3910             0.0207                  2.54                 2.51                  5.05        0.0011            1.18
   10       3            7.2108          43.8073             0.0228                  1.23                 1.18                  2.41        0.0010            0.84
   11       3            7.2160          43.8278             0.0228                  3.32                 2.93                  6.25        0.0010            0.85
   12       4            7.2162          47.6785             0.0210                  2.54                 2.57                  5.11        0.0011            1.18
   13       4            7.2103          43.0949             0.0232                  1.23                 1.24                  2.47        0.0010            0.84
   14       4            7.2131          43.8166             0.0228                  3.32                 2.99                  6.31        0.0010            0.85
   15       4            7.2113          43.8091             0.0228                  3.32                 3.31                  6.63        0.0010            0.81
   16       5            7.2108          43.0966             0.0232                  3.32                 3.38                  6.70        0.0010            0.82

Summary Statistics:
------------------------------------------------------------------------------------------------------------------------
            Comp     Groups  Wall Time/Evt (s)  CPU Time/Evt (s)  Throughput (evt/s)  Write Remote (MB/evt)  Read Remote (MB/evt)  Net Transfer (MB/evt)  CPU Cores/Evt  Memory/Evt (MB)
count  16.000000  16.000000          16.000000         16.000000           16.000000              16.000000             16.000000              16.000000      16.000000        16.000000
mean    8.500000   3.000000           7.219076         47.786828            0.021137               1.884766              1.684757               3.569522       0.001129         1.050038
std     4.760952   1.032796           0.009161          5.100848            0.002107               1.152134              1.191421               2.335155       0.000118         0.218004
min     1.000000   1.000000           7.210298         43.094857            0.017615               0.449219              0.000000               0.449219       0.001021         0.813200
25%     4.750000   2.000000           7.212676         43.814741            0.020091               1.035156              0.709208               1.744365       0.001035         0.845400
50%     8.500000   3.000000           7.216446         45.759721            0.021892               1.884766              1.682142               3.566908       0.001083         1.026700
75%    12.250000   4.000000           7.222002         49.894032            0.022823               2.734375              2.661886               5.396261       0.001181         1.237150
max    16.000000   5.000000           7.244168         56.770227            0.023205               3.320312              3.376162               6.696475       0.001333         1.332800
