Workflow Construction Summary Table
========================================================================================================================

 Comp  Groups Wall Time/Evt (s) CPU Time/Evt (s) Throughput (evt/s) Write Remote (MB/evt) Read Remote (MB/evt) Net Transfer (MB/evt) CPU Cores/Evt Memory/Evt (MB)
    1       2           39.1772         156.7086             0.0064                  0.89                 0.54                  1.43        0.0054           10.74
    2       2           39.1772         156.7086             0.0064                  0.89                 0.54                  1.43        0.0054           10.74
    3       3           39.1891         156.7564             0.0064                  0.89                 0.68                  1.57        0.0054           10.74
    4       3           39.1891         156.7564             0.0064                  0.89                 0.68                  1.57        0.0054           10.74
    5       3           39.1122         156.4489             0.0064                  0.89                 0.68                  1.57        0.0054           10.74
    6       3           39.1122         156.4489             0.0064                  0.89                 0.68                  1.57        0.0054           10.74
    7       3           39.2221         156.8885             0.0064                  1.50                 1.15                  2.66        0.0054           10.74
    8       3           39.2221         156.8885             0.0064                  1.50                 1.15                  2.66        0.0054           10.74
    9       3           39.0724         156.2897             0.0064                  0.89                 1.07                  1.96        0.0054           10.74
   10       3           39.1933         156.7732             0.0064                  2.06                 1.71                  3.77        0.0054           10.74
   11       3           39.1933         156.7732             0.0064                  2.06                 1.71                  3.77        0.0054           10.74
   12       4           39.1242         156.4967             0.0064                  0.89                 0.83                  1.72        0.0054           10.75
   13       4           39.1242         156.4967             0.0064                  0.89                 0.83                  1.72        0.0054           10.75
   14       4           39.2341         156.9363             0.0064                  1.50                 1.30                  2.80        0.0054           10.74
   15       4           39.2341         156.9363             0.0064                  1.50                 1.30                  2.80        0.0054           10.74
   16       4           39.0844         156.3375             0.0064                  0.89                 1.22                  2.11        0.0054           10.74
   17       4           39.0844         156.3375             0.0064                  0.89                 1.22                  2.11        0.0054           10.74
   18       4           39.1579         156.6315             0.0064                  1.50                 1.30                  2.80        0.0054           10.74
   19       4           39.1579         156.6315             0.0064                  1.50                 1.30                  2.80        0.0054           10.74
   20       4           39.2053         156.8210             0.0064                  2.06                 1.86                  3.92        0.0054           10.74
   21       4           39.2538         157.0150             0.0064                  2.68                 2.32                  5.00        0.0054           10.74
   22       4           39.2053         156.8210             0.0064                  2.06                 1.86                  3.92        0.0054           10.74
   23       4           39.2538         157.0150             0.0064                  2.68                 2.32                  5.00        0.0054           10.74
   24       4           39.1921         156.7685             0.0064                  2.06                 1.86                  3.92        0.0054           10.74
   25       4           39.1921         156.7685             0.0064                  2.06                 1.86                  3.92        0.0054           10.74
   26       4           39.2193         156.8772             0.0064                  2.06                 2.25                  4.31        0.0054           10.74
   27       4           39.1204         156.4814             0.0064                  1.50                 1.69                  3.19        0.0054           10.73
   28       5           39.0963         156.3853             0.0064                  0.89                 1.37                  2.26        0.0054           10.74
   29       5           39.1698         156.6793             0.0064                  1.50                 1.45                  2.95        0.0054           10.74
   30       5           39.1698         156.6793             0.0064                  1.50                 1.45                  2.95        0.0054           10.74
   31       5           39.2657         157.0628             0.0064                  2.68                 2.47                  5.15        0.0054           10.74
   32       5           39.2657         157.0628             0.0064                  2.68                 2.47                  5.15        0.0054           10.74
   33       5           39.2041         156.8163             0.0064                  2.06                 2.00                  4.06        0.0054           10.75
   34       5           39.2041         156.8163             0.0064                  2.06                 2.00                  4.06        0.0054           10.75
   35       5           39.2312         156.9250             0.0064                  2.06                 2.39                  4.45        0.0054           10.74
   36       5           39.2312         156.9250             0.0064                  2.06                 2.39                  4.45        0.0054           10.74
   37       5           39.1323         156.5292             0.0064                  1.50                 1.84                  3.34        0.0054           10.74
   38       5           39.1323         156.5292             0.0064                  1.50                 1.84                  3.34        0.0054           10.74
   39       5           39.2526         157.0103             0.0064                  2.68                 2.47                  5.15        0.0054           10.74
   40       5           39.2526         157.0103             0.0064                  2.68                 2.47                  5.15        0.0054           10.74
   41       5           39.2797         157.1190             0.0064                  2.68                 2.86                  5.54        0.0054           10.74
   42       6           39.2432         156.9728             0.0064                  2.06                 2.54                  4.60        0.0054           10.75
   43       6           39.1443         156.5770             0.0064                  1.50                 1.98                  3.49        0.0054           10.74
   44       6           39.2645         157.0581             0.0064                  2.68                 2.62                  5.29        0.0054           10.74
   45       6           39.2645         157.0581             0.0064                  2.68                 2.62                  5.29        0.0054           10.74
   46       6           39.2917         157.1668             0.0064                  2.68                 3.01                  5.68        0.0054           10.74
   47       6           39.2917         157.1668             0.0064                  2.68                 3.01                  5.68        0.0054           10.74
   48       7           39.3036         157.2146             0.0064                  2.68                 3.15                  5.83        0.0054           10.74

Summary Statistics:
------------------------------------------------------------------------------------------------------------------------
        Comp     Groups  Wall Time/Evt (s)  CPU Time/Evt (s)  Throughput (evt/s)  Write Remote (MB/evt)  Read Remote (MB/evt)  Net Transfer (MB/evt)  CPU Cores/Evt  Memory/Evt (MB)
count  48.00  48.000000          48.000000         48.000000           48.000000              48.000000             48.000000              48.000000      48.000000        48.000000
mean   24.50   4.333333          39.195712        156.782848            0.006378               1.782451              1.756410               3.538861       0.005370        10.740133
std    14.00   1.117241           0.061026          0.244104            0.000010               0.668887              0.723768               1.366042       0.000002         0.003395
min     1.00   2.000000          39.072425        156.289700            0.006361               0.888672              0.537109               1.425781       0.005367        10.734400
25%    12.75   4.000000          39.154473        156.617892            0.006370               1.350435              1.220703               2.556826       0.005369        10.737600
50%    24.50   4.000000          39.198690        156.794758            0.006378               1.782451              1.836387               3.628379       0.005370        10.739200
75%    36.25   5.000000          39.245538        156.982153            0.006385               2.214468              2.392578               4.699932       0.005372        10.744000
max    48.00   7.000000          39.303642        157.214567            0.006398               2.676230              3.154746               5.830977       0.005373        10.745600
