Workflow Construction Summary Table
========================================================================================================================

 Comp  Groups Wall Time/Evt (s) CPU Time/Evt (s) Throughput (evt/s) Write Remote (MB/evt) Read Remote (MB/evt) Net Transfer (MB/evt) CPU Cores/Evt Memory/Evt (MB)
    1       2           50.9990         353.0898             0.0028                  0.89                 0.62                  1.51        0.0046            4.71
    2       2           50.9990         353.0898             0.0028                  0.89                 0.62                  1.51        0.0046            4.59
    3       3           50.9753         353.0089             0.0028                  0.89                 0.79                  1.68        0.0046            4.72
    4       3           50.9753         353.0089             0.0028                  0.89                 0.79                  1.68        0.0046            4.59
    5       3           50.9634         351.5427             0.0028                  0.89                 0.78                  1.67        0.0046            4.69
    6       3           50.9634         351.5427             0.0028                  0.89                 0.78                  1.67        0.0046            4.60
    7       3           50.9951         179.7593             0.0056                  1.50                 1.33                  2.84        0.0024            4.71
    8       3           50.9951         179.7593             0.0056                  1.50                 1.33                  2.84        0.0024            4.59
    9       3           50.9168         346.6152             0.0029                  0.89                 1.23                  2.12        0.0046            4.59
   10       3           50.9184         318.5514             0.0031                  2.06                 1.98                  4.05        0.0042            4.72
   11       3           50.9184         318.5514             0.0031                  2.06                 1.98                  4.05        0.0042            4.59
   12       4           51.0585         351.6992             0.0028                  0.89                 0.98                  1.87        0.0046            4.71
   13       4           51.0585         351.6992             0.0028                  0.89                 0.98                  1.87        0.0046            4.60
   14       4           50.9487         179.6675             0.0056                  1.50                 1.50                  3.01        0.0024            4.71
   15       4           50.9487         179.6675             0.0056                  1.50                 1.50                  3.01        0.0024            4.59
   16       4           50.9394         346.6961             0.0029                  0.89                 1.40                  2.29        0.0046            4.60
   17       4           50.9394         346.6961             0.0029                  0.89                 1.40                  2.29        0.0046            4.60
   18       4           51.0884         180.0160             0.0056                  1.50                 1.49                  3.00        0.0024            4.70
   19       4           51.0884         180.0160             0.0056                  1.50                 1.49                  3.00        0.0024            4.61
   20       4           50.9271         318.6740             0.0031                  2.06                 2.14                  4.20        0.0042            4.73
   21       4           50.7900         179.3409             0.0056                  2.68                 2.68                  5.36        0.0024            4.71
   22       4           50.9271         318.6740             0.0031                  2.06                 2.14                  4.20        0.0042            4.60
   23       4           50.7900         179.3409             0.0056                  2.68                 2.68                  5.36        0.0024            4.58
   24       4           50.9559         318.5496             0.0031                  2.06                 2.16                  4.22        0.0042            4.70
   25       4           50.9559         318.5496             0.0031                  2.06                 2.16                  4.22        0.0042            4.60
   26       4           50.9303         318.3946             0.0031                  2.06                 2.62                  4.68        0.0042            4.59
   27       4           50.9248         179.5259             0.0056                  1.50                 1.96                  3.47        0.0024            4.59
   28       5           50.9411         346.7007             0.0029                  0.89                 1.57                  2.46        0.0046            4.61
   29       5           51.0763         179.9530             0.0056                  1.50                 1.67                  3.17        0.0024            4.71
   30       5           51.0763         179.9530             0.0056                  1.50                 1.67                  3.17        0.0024            4.61
   31       5           50.6850         179.1318             0.0056                  2.68                 2.81                  5.49        0.0024            4.71
   32       5           50.6850         179.1318             0.0056                  2.68                 2.81                  5.49        0.0024            4.58
   33       5           50.9327         318.5391             0.0031                  2.06                 2.30                  4.36        0.0042            4.70
   34       5           50.9327         318.5391             0.0031                  2.06                 2.30                  4.36        0.0042            4.61
   35       5           50.8802         318.1916             0.0031                  2.06                 2.79                  4.85        0.0042            4.60
   36       5           50.8802         318.1916             0.0031                  2.06                 2.79                  4.85        0.0042            4.59
   37       5           50.9157         179.5087             0.0056                  1.50                 2.13                  3.64        0.0024            4.59
   38       5           50.9157         179.5087             0.0056                  1.50                 2.13                  3.64        0.0024            4.59
   39       5           50.7098         179.1326             0.0056                  2.68                 2.84                  5.51        0.0024            4.67
   40       5           50.7098         179.1326             0.0056                  2.68                 2.84                  5.51        0.0024            4.59
   41       5           50.7775         179.2683             0.0056                  2.68                 3.31                  5.99        0.0024            4.58
   42       6           50.9240         318.3149             0.0031                  2.06                 2.97                  5.03        0.0042            4.59
   43       6           50.9141         179.5067             0.0056                  1.50                 2.30                  3.80        0.0024            4.60
   44       6           50.7778         179.2699             0.0056                  2.68                 3.03                  5.70        0.0024            4.68
   45       6           50.7778         179.2699             0.0056                  2.68                 3.03                  5.70        0.0024            4.59
   46       6           50.7613         179.2369             0.0056                  2.68                 3.50                  6.18        0.0024            4.59
   47       6           50.7613         179.2369             0.0056                  2.68                 3.50                  6.18        0.0024            4.58
   48       7           50.7493         179.2140             0.0056                  2.68                 3.66                  6.34        0.0024            4.58

Summary Statistics:
------------------------------------------------------------------------------------------------------------------------
        Comp     Groups  Wall Time/Evt (s)  CPU Time/Evt (s)  Throughput (evt/s)  Write Remote (MB/evt)  Read Remote (MB/evt)  Net Transfer (MB/evt)  CPU Cores/Evt  Memory/Evt (MB)
count  48.00  48.000000          48.000000         48.000000           48.000000              48.000000             48.000000              48.000000      48.000000        48.000000
mean   24.50   4.333333          50.909880        256.972041            0.004284               1.782451              2.031172               3.813624       0.003381         4.630417
std    14.00   1.117241           0.108646         79.152077            0.001305               0.668887              0.839393               1.478645       0.001037         0.053778
min     1.00   2.000000          50.684961        179.131776            0.002832               0.888672              0.620564               1.509236       0.002358         4.578800
25%    12.75   4.000000          50.857693        179.465265            0.003075               1.350435              1.398742               2.741320       0.002364         4.590300
50%    24.50   4.000000          50.928720        249.103806            0.004349               1.782451              2.134388               3.925126       0.003280         4.600000
75%    36.25   5.000000          50.966414        325.659309            0.005572               2.214468              2.792456               5.109899       0.004283         4.697200
max    48.00   7.000000          51.088385        353.089780            0.005582               2.676230              3.662977               6.339208       0.004631         4.726400
