Workflow Construction Summary Table
========================================================================================================================

 Comp  Groups Wall Time/Evt (s) CPU Time/Evt (s) Throughput (evt/s) Write Remote (MB/evt) Read Remote (MB/evt) Net Transfer (MB/evt) CPU Cores/Evt Memory/Evt (MB)
    1       2           39.0347         156.1389             0.0064                  0.89                 0.54                  1.43        0.0054           10.74
    2       2           39.0347         156.1389             0.0064                  0.89                 0.54                  1.43        0.0054           10.74
    3       3           39.0320         156.1282             0.0064                  0.89                 0.68                  1.57        0.0054           10.74
    4       3           39.0320         156.1282             0.0064                  0.89                 0.68                  1.57        0.0054           10.74
    5       3           38.9551         155.8206             0.0064                  0.89                 0.68                  1.57        0.0054           10.74
    6       3           38.9551         155.8206             0.0064                  0.89                 0.68                  1.57        0.0054           10.74
    7       3           38.9567         155.8267             0.0064                  1.50                 1.15                  2.66        0.0054           10.74
    8       3           38.9567         155.8267             0.0064                  1.50                 1.15                  2.66        0.0054           10.74
    9       3           38.8763         155.5053             0.0064                  0.89                 1.07                  1.96        0.0054           10.74
   10       3           38.8167         155.2669             0.0064                  2.06                 1.71                  3.77        0.0054           10.74
   11       3           38.8167         155.2669             0.0064                  2.06                 1.71                  3.77        0.0054           10.74
   12       4           38.9525         155.8098             0.0064                  0.89                 0.83                  1.72        0.0054           10.75
   13       4           38.9525         155.8098             0.0064                  0.89                 0.83                  1.72        0.0054           10.75
   14       4           38.9540         155.8159             0.0064                  1.50                 1.30                  2.80        0.0054           10.74
   15       4           38.9540         155.8159             0.0064                  1.50                 1.30                  2.80        0.0054           10.74
   16       4           38.8736         155.4946             0.0064                  0.89                 1.22                  2.11        0.0054           10.74
   17       4           38.8736         155.4946             0.0064                  0.89                 1.22                  2.11        0.0054           10.74
   18       4           38.8778         155.5112             0.0064                  1.50                 1.30                  2.80        0.0054           10.74
   19       4           38.8778         155.5112             0.0064                  1.50                 1.30                  2.80        0.0054           10.74
   20       4           38.8140         155.2562             0.0064                  2.06                 1.86                  3.92        0.0054           10.74
   21       4           38.7542         155.0167             0.0065                  2.68                 2.32                  5.00        0.0054           10.74
   22       4           38.8140         155.2562             0.0064                  2.06                 1.86                  3.92        0.0054           10.74
   23       4           38.7542         155.0167             0.0065                  2.68                 2.32                  5.00        0.0054           10.74
   24       4           38.8009         155.2037             0.0064                  2.06                 1.86                  3.92        0.0054           10.74
   25       4           38.8009         155.2037             0.0064                  2.06                 1.86                  3.92        0.0054           10.74
   26       4           38.7891         155.1563             0.0064                  2.06                 2.25                  4.31        0.0054           10.74
   27       4           38.8013         155.2050             0.0064                  1.50                 1.69                  3.19        0.0054           10.73
   28       5           38.8710         155.4838             0.0064                  0.89                 1.37                  2.26        0.0054           10.74
   29       5           38.8751         155.5004             0.0064                  1.50                 1.45                  2.95        0.0054           10.74
   30       5           38.8751         155.5004             0.0064                  1.50                 1.45                  2.95        0.0054           10.74
   31       5           38.7515         155.0059             0.0065                  2.68                 2.47                  5.15        0.0054           10.74
   32       5           38.7515         155.0059             0.0065                  2.68                 2.47                  5.15        0.0054           10.74
   33       5           38.7982         155.1929             0.0064                  2.06                 2.00                  4.06        0.0054           10.75
   34       5           38.7982         155.1929             0.0064                  2.06                 2.00                  4.06        0.0054           10.75
   35       5           38.7864         155.1455             0.0064                  2.06                 2.39                  4.45        0.0054           10.74
   36       5           38.7864         155.1455             0.0064                  2.06                 2.39                  4.45        0.0054           10.74
   37       5           38.7986         155.1943             0.0064                  1.50                 1.84                  3.34        0.0054           10.74
   38       5           38.7986         155.1943             0.0064                  1.50                 1.84                  3.34        0.0054           10.74
   39       5           38.7384         154.9534             0.0065                  2.68                 2.47                  5.15        0.0054           10.74
   40       5           38.7384         154.9534             0.0065                  2.68                 2.47                  5.15        0.0054           10.74
   41       5           38.7265         154.9060             0.0065                  2.68                 2.86                  5.54        0.0054           10.74
   42       6           38.7837         155.1348             0.0064                  2.06                 2.54                  4.60        0.0054           10.75
   43       6           38.7959         155.1835             0.0064                  1.50                 1.98                  3.49        0.0054           10.74
   44       6           38.7357         154.9427             0.0065                  2.68                 2.62                  5.29        0.0054           10.74
   45       6           38.7357         154.9427             0.0065                  2.68                 2.62                  5.29        0.0054           10.74
   46       6           38.7238         154.8952             0.0065                  2.68                 3.01                  5.68        0.0054           10.74
   47       6           38.7238         154.8952             0.0065                  2.68                 3.01                  5.68        0.0054           10.74
   48       7           38.7211         154.8845             0.0065                  2.68                 3.15                  5.83        0.0054           10.74

Summary Statistics:
------------------------------------------------------------------------------------------------------------------------
        Comp     Groups  Wall Time/Evt (s)  CPU Time/Evt (s)  Throughput (evt/s)  Write Remote (MB/evt)  Read Remote (MB/evt)  Net Transfer (MB/evt)  CPU Cores/Evt  Memory/Evt (MB)
count  48.00  48.000000          48.000000         48.000000           48.000000              48.000000             48.000000              48.000000      48.000000        48.000000
mean   24.50   4.333333          38.842180        155.368720            0.006436               1.782451              1.756410               3.538861       0.005370        10.740133
std    14.00   1.117241           0.094360          0.377442            0.000016               0.668887              0.723768               1.366042       0.000002         0.003395
min     1.00   2.000000          38.721127        154.884508            0.006405               0.888672              0.537109               1.425781       0.005367        10.734400
25%    12.75   4.000000          38.776310        155.105240            0.006427               1.350435              1.220703               2.556826       0.005369        10.737600
50%    24.50   4.000000          38.807648        155.230590            0.006442               1.782451              1.836387               3.628379       0.005370        10.739200
75%    36.25   5.000000          38.896462        155.585849            0.006447               2.214468              2.392578               4.699932       0.005372        10.744000
max    48.00   7.000000          39.034727        156.138906            0.006456               2.676230              3.154746               5.830977       0.005373        10.745600
