Workflow Construction Summary Table
========================================================================================================================

 Comp  Groups Wall Time/Evt (s) CPU Time/Evt (s) Throughput (evt/s) Write Remote (MB/evt) Read Remote (MB/evt) Net Transfer (MB/evt) CPU Cores/Evt Memory/Evt (MB)
    1       1            7.3526          57.5866             0.0174                  0.45                 0.00                  0.45        0.0040            4.01
    2       2            7.3369          57.4066             0.0174                  0.45                 0.06                  0.51        0.0040            4.05
    3       2            7.3069          57.1682             0.0175                  0.45                 0.38                  0.83        0.0040            4.05
    4       2            7.2781          56.9793             0.0176                  2.54                 2.14                  4.68        0.0040            4.03
    5       2            7.2882          57.0253             0.0175                  1.23                 0.80                  2.03        0.0040            4.02
    6       3            7.3042          57.0924             0.0175                  0.45                 0.44                  0.89        0.0041            4.06
    7       3            7.2704          56.9142             0.0176                  2.54                 2.20                  4.74        0.0040            4.05
    8       3            7.2884          56.9726             0.0176                  1.23                 0.89                  2.12        0.0040            4.05
    9       3            7.2707          56.8894             0.0176                  2.54                 2.53                  5.07        0.0040            4.03
   10       3            7.2756          56.8720             0.0176                  1.23                 1.20                  2.43        0.0040            4.05
   11       3            7.2801          56.9063             0.0176                  3.32                 2.95                  6.27        0.0040            4.05
   12       4            7.2749          56.8997             0.0176                  2.54                 2.61                  5.15        0.0041            4.06
   13       4            7.2629          56.8145             0.0176                  1.23                 1.25                  2.48        0.0041            4.07
   14       4            7.2364          56.6976             0.0176                  3.32                 3.00                  6.32        0.0041            4.07
   15       4            7.2644          56.7838             0.0176                  3.32                 3.33                  6.65        0.0041            4.06
   16       5            7.2525          56.7292             0.0176                  3.32                 3.40                  6.72        0.0041            4.07

Summary Statistics:
------------------------------------------------------------------------------------------------------------------------
            Comp     Groups  Wall Time/Evt (s)  CPU Time/Evt (s)  Throughput (evt/s)  Write Remote (MB/evt)  Read Remote (MB/evt)  Net Transfer (MB/evt)  CPU Cores/Evt  Memory/Evt (MB)
count  16.000000  16.000000          16.000000         16.000000           16.000000              16.000000             16.000000              16.000000      16.000000        16.000000
mean    8.500000   3.000000           7.283949         56.983603            0.017549               1.884714              1.698491               3.583205       0.004049         4.049000
std     4.760952   1.032796           0.029587          0.237275            0.000073               1.152203              1.199596               2.343371       0.000018         0.018214
min     1.000000   1.000000           7.236391         56.697584            0.017365               0.448386              0.000000               0.449219       0.004008         4.008000
25%     4.750000   2.000000           7.268908         56.857632            0.017531               1.035156              0.710770               1.745718       0.004044         4.044000
50%     8.500000   3.000000           7.276855         56.910265            0.017572               1.884766              1.691885               3.576651       0.004048         4.048000
75%    12.250000   4.000000           7.292344         57.042087            0.017588               2.734375              2.692697               5.427072       0.004064         4.064000
max    16.000000   5.000000           7.352608         57.586613            0.017637               3.320312              3.397301               6.717613       0.004072         4.072000
