Workflow Construction Summary Table
========================================================================================================================

 Comp  Groups Wall Time/Evt (s) CPU Time/Evt (s) Throughput (evt/s) Write Remote (MB/evt) Read Remote (MB/evt) Net Transfer (MB/evt) CPU Cores/Evt Memory/Evt (MB)
    1       1            7.8354          61.2467             0.0163                  0.45                 0.00                  0.45        0.0161           16.09
    2       2            7.7116          60.0735             0.0166                  0.45                 0.06                  0.51        0.0160           16.03
    3       2            7.5164          45.1997             0.0221                  1.23                 0.80                  2.03        0.0125           10.55
    4       2            7.5860          57.6042             0.0174                  0.45                 0.39                  0.84        0.0156           15.62
    5       2            7.5120          50.1106             0.0200                  2.54                 2.14                  4.68        0.0138           14.66
    6       3            7.5790          56.8492             0.0176                  0.45                 0.45                  0.90        0.0154           15.63
    7       3            7.4606          44.9814             0.0222                  1.23                 0.87                  2.10        0.0125           10.49
    8       3            7.4281          44.8545             0.0223                  3.32                 2.94                  6.26        0.0125           10.23
    9       3            7.4762          49.9708             0.0200                  2.54                 2.20                  4.74        0.0138           14.60
   10       3            7.4495          49.8617             0.0201                  2.54                 2.53                  5.06        0.0138           14.19
   11       3            7.4082          44.7788             0.0223                  1.23                 1.19                  2.42        0.0125           10.08
   12       4            7.4419          49.1046             0.0204                  2.54                 2.59                  5.13        0.0135           14.19
   13       4            7.4008          44.0213             0.0227                  1.23                 1.25                  2.48        0.0123           10.08
   14       4            7.3924          44.7150             0.0224                  3.32                 3.01                  6.33        0.0125           10.17
   15       4            7.3650          44.6093             0.0224                  3.32                 3.33                  6.65        0.0125            9.76
   16       5            7.3576          43.8524             0.0228                  3.32                 3.39                  6.71        0.0123            9.77

Summary Statistics:
------------------------------------------------------------------------------------------------------------------------
            Comp     Groups  Wall Time/Evt (s)  CPU Time/Evt (s)  Throughput (evt/s)  Write Remote (MB/evt)  Read Remote (MB/evt)  Net Transfer (MB/evt)  CPU Cores/Evt  Memory/Evt (MB)
count  16.000000  16.000000          16.000000         16.000000           16.000000              16.000000             16.000000              16.000000      16.000000        16.000000
mean    8.500000   3.000000           7.495045         49.489606            0.020475               1.884766              1.695224               3.579989       0.013581        12.633688
std     4.760952   1.032796           0.129742          6.120233            0.002322               1.152134              1.197043               2.340760       0.001436         2.639349
min     1.000000   1.000000           7.357594         43.852444            0.016327               0.449219              0.000000               0.449219       0.012262         9.762400
25%     4.750000   2.000000           7.406361         44.762846            0.019365               1.035156              0.712732               1.747888       0.012464        10.150000
50%     8.500000   3.000000           7.455034         47.152122            0.021244               1.884766              1.694723               3.579488       0.013008        12.367700
75%    12.250000   4.000000           7.532079         51.795231            0.022340               2.734375              2.678003               5.412378       0.014172        14.897600
max    16.000000   5.000000           7.835401         61.246679            0.022804               3.320312              3.390384               6.710696       0.016093        16.092800
