Workflow Construction Summary Table
========================================================================================================================

 Comp  Groups Wall Time/Evt (s) CPU Time/Evt (s) Throughput (evt/s) Write Remote (MB/evt) Read Remote (MB/evt) Net Transfer (MB/evt) CPU Cores/Evt Memory/Evt (MB)
    1       2           40.2384         160.9538             0.0062                  0.89                 0.54                  1.43        0.0216           43.11
    2       2           40.2384         160.9538             0.0062                  0.89                 0.54                  1.43        0.0216           43.11
    3       3           40.2291         160.9164             0.0062                  0.89                 0.68                  1.57        0.0216           43.11
    4       3           40.2291         160.9164             0.0062                  0.89                 0.68                  1.57        0.0216           43.11
    5       3           39.9171         159.6682             0.0063                  0.89                 0.68                  1.57        0.0215           43.02
    6       3           39.9171         159.6682             0.0063                  0.89                 0.68                  1.57        0.0215           43.02
    7       3           39.9321         159.7285             0.0063                  1.50                 1.15                  2.66        0.0215           42.94
    8       3           39.9321         159.7285             0.0063                  1.50                 1.15                  2.66        0.0215           42.94
    9       3           39.6075         158.4300             0.0063                  0.89                 1.07                  1.96        0.0215           43.09
   10       3           39.3840         157.5361             0.0063                  2.06                 1.71                  3.77        0.0215           43.03
   11       3           39.3840         157.5361             0.0063                  2.06                 1.71                  3.77        0.0215           43.03
   12       4           39.9077         159.6308             0.0063                  0.89                 0.83                  1.72        0.0215           43.02
   13       4           39.9077         159.6308             0.0063                  0.89                 0.83                  1.72        0.0215           43.02
   14       4           39.9228         159.6910             0.0063                  1.50                 1.30                  2.80        0.0215           42.94
   15       4           39.9228         159.6910             0.0063                  1.50                 1.30                  2.80        0.0215           42.94
   16       4           39.5981         158.3926             0.0063                  0.89                 1.22                  2.11        0.0215           43.09
   17       4           39.5981         158.3926             0.0063                  0.89                 1.22                  2.11        0.0215           43.09
   18       4           39.6204         158.4817             0.0063                  1.50                 1.30                  2.80        0.0215           43.06
   19       4           39.6204         158.4817             0.0063                  1.50                 1.30                  2.80        0.0215           43.06
   20       4           39.3747         157.4987             0.0063                  2.06                 1.86                  3.92        0.0215           43.03
   21       4           39.1446         156.5783             0.0064                  2.68                 2.32                  5.00        0.0215           42.94
   22       4           39.3747         157.4987             0.0063                  2.06                 1.86                  3.92        0.0215           43.03
   23       4           39.1446         156.5783             0.0064                  2.68                 2.32                  5.00        0.0215           42.94
   24       4           39.3222         157.2887             0.0064                  2.06                 1.86                  3.92        0.0215           43.04
   25       4           39.3222         157.2887             0.0064                  2.06                 1.86                  3.92        0.0215           43.04
   26       4           39.2785         157.1141             0.0064                  2.06                 2.25                  4.31        0.0215           43.03
   27       4           39.3156         157.2625             0.0064                  1.50                 1.69                  3.19        0.0215           42.93
   28       5           39.5888         158.3552             0.0063                  0.89                 1.37                  2.26        0.0215           43.09
   29       5           39.6111         158.4442             0.0063                  1.50                 1.45                  2.95        0.0215           43.06
   30       5           39.6111         158.4442             0.0063                  1.50                 1.45                  2.95        0.0215           43.06
   31       5           39.1352         156.5409             0.0064                  2.68                 2.47                  5.15        0.0215           42.94
   32       5           39.1352         156.5409             0.0064                  2.68                 2.47                  5.15        0.0215           42.94
   33       5           39.3128         157.2513             0.0064                  2.06                 2.00                  4.06        0.0215           43.04
   34       5           39.3128         157.2513             0.0064                  2.06                 2.00                  4.06        0.0215           43.04
   35       5           39.2692         157.0766             0.0064                  2.06                 2.39                  4.45        0.0215           43.03
   36       5           39.2692         157.0766             0.0064                  2.06                 2.39                  4.45        0.0215           43.03
   37       5           39.3063         157.2251             0.0064                  1.50                 1.84                  3.34        0.0215           42.94
   38       5           39.3063         157.2251             0.0064                  1.50                 1.84                  3.34        0.0215           42.94
   39       5           39.0827         156.3309             0.0064                  2.68                 2.47                  5.15        0.0215           42.94
   40       5           39.0827         156.3309             0.0064                  2.68                 2.47                  5.15        0.0215           42.94
   41       5           39.0391         156.1563             0.0064                  2.68                 2.86                  5.54        0.0215           42.94
   42       6           39.2598         157.0392             0.0064                  2.06                 2.54                  4.60        0.0215           43.03
   43       6           39.2969         157.1876             0.0064                  1.50                 1.98                  3.49        0.0215           42.94
   44       6           39.0734         156.2935             0.0064                  2.68                 2.62                  5.29        0.0215           42.94
   45       6           39.0734         156.2935             0.0064                  2.68                 2.62                  5.29        0.0215           42.94
   46       6           39.0297         156.1189             0.0064                  2.68                 3.01                  5.68        0.0215           42.94
   47       6           39.0297         156.1189             0.0064                  2.68                 3.01                  5.68        0.0215           42.94
   48       7           39.0204         156.0814             0.0064                  2.68                 3.15                  5.83        0.0215           42.94

Summary Statistics:
------------------------------------------------------------------------------------------------------------------------
        Comp     Groups  Wall Time/Evt (s)  CPU Time/Evt (s)  Throughput (evt/s)  Write Remote (MB/evt)  Read Remote (MB/evt)  Net Transfer (MB/evt)  CPU Cores/Evt  Memory/Evt (MB)
count  48.00  48.000000          48.000000         48.000000           48.000000              48.000000             48.000000              48.000000      48.000000        48.000000
mean   24.50   4.333333          39.483951        157.935802            0.006332               1.782451              1.756410               3.538861       0.021503        43.006933
std    14.00   1.117241           0.366586          1.466343            0.000058               0.668887              0.723768               1.366042       0.000032         0.063315
min     1.00   2.000000          39.020354        156.081415            0.006213               0.888672              0.537109               1.425781       0.021467        42.934400
25%    12.75   4.000000          39.230995        156.923981            0.006299               1.350435              1.220703               2.556826       0.021470        42.940400
50%    24.50   4.000000          39.348424        157.393697            0.006353               1.782451              1.836387               3.628379       0.021512        43.024800
75%    36.25   5.000000          39.692236        158.768944            0.006373               2.214468              2.392578               4.699932       0.021522        43.043200
max    48.00   7.000000          40.238450        160.953799            0.006407               2.676230              3.154746               5.830977       0.021557        43.113600
