Workflow Construction Summary Table
========================================================================================================================

 Comp  Groups Wall Time/Evt (s) CPU Time/Evt (s) Throughput (evt/s) Write Remote (MB/evt) Read Remote (MB/evt) Net Transfer (MB/evt) CPU Cores/Evt Memory/Evt (MB)
    1       1            9.6196         530.9323             0.0019                  0.45                 0.00                  0.45        0.0212           21.18
    2       2            9.6010         526.8194             0.0019                  0.45                 0.06                  0.51        0.0211           21.10
    3       2            9.5714         497.6190             0.0020                  0.45                 0.48                  0.93        0.0199           20.01
    4       2            9.5382         238.1091             0.0042                  1.23                 0.91                  2.14        0.0095            9.71
    5       2            9.5629         198.8895             0.0050                  2.54                 2.46                  5.00        0.0080            9.94
    6       3            9.5973         497.6696             0.0020                  0.45                 0.57                  1.02        0.0199           20.05
    7       3            9.5353         235.6101             0.0042                  1.23                 0.98                  2.21        0.0095            9.75
    8       3            9.5463         194.6031             0.0051                  2.54                 2.53                  5.07        0.0079            9.78
    9       3            9.5091         209.5897             0.0048                  1.22                 1.35                  2.58        0.0085            8.78
   10       3            9.5020         168.9716             0.0059                  2.53                 2.87                  5.39        0.0068            8.86
   11       3            9.4953         166.7869             0.0060                  3.32                 3.36                  6.68        0.0068            7.39
   12       4            9.4525         207.7991             0.0048                  1.22                 1.40                  2.62        0.0085            8.80
   13       4            9.5368         171.3422             0.0058                  2.54                 2.98                  5.52        0.0070            9.04
   14       4            9.5537         164.2957             0.0061                  3.32                 3.46                  6.79        0.0068            7.39
   15       4            9.5371         138.7572             0.0072                  3.32                 3.83                  7.15        0.0058            6.55
   16       5            9.5159         136.0540             0.0074                  3.27                 3.86                  7.13        0.0056            6.34

Summary Statistics:
------------------------------------------------------------------------------------------------------------------------
            Comp     Groups  Wall Time/Evt (s)  CPU Time/Evt (s)  Throughput (evt/s)  Write Remote (MB/evt)  Read Remote (MB/evt)  Net Transfer (MB/evt)  CPU Cores/Evt  Memory/Evt (MB)
count  16.000000  16.000000          16.000000         16.000000           16.000000              16.000000             16.000000              16.000000      16.000000        16.000000
mean    8.500000   3.000000           9.542152        267.740516            0.004649               1.879327              1.945322               3.824649       0.010800        11.543375
std     4.760952   1.032796           0.042946        149.442556            0.001838               1.147956              1.367374               2.505593       0.005904         5.511889
min     1.000000   1.000000           9.452509        136.053975            0.001883               0.449219              0.000000               0.449219       0.005581         6.338000
25%     4.750000   2.000000           9.514217        168.425409            0.003652               1.027708              0.827422               1.859449       0.006833         8.435000
50%     8.500000   3.000000           9.537645        203.344288            0.004920               1.878625              1.932310               3.812110       0.008252         9.377000
75%    12.250000   4.000000           9.564979        302.986563            0.005938               2.720696              3.076495               5.810870       0.012129        12.453500
max    16.000000   5.000000           9.619589        530.932275            0.007350               3.320312              3.861332               7.146908       0.021184        21.184000
