Workflow Construction Summary Table
========================================================================================================================

 Comp  Groups Wall Time/Evt (s) CPU Time/Evt (s) Throughput (evt/s) Write Remote (MB/evt) Read Remote (MB/evt) Net Transfer (MB/evt) CPU Cores/Evt Memory/Evt (MB)
    1       1            7.5330         471.0735             0.0021                  0.45                 0.00                  0.45        0.0643           64.31
    2       2            7.4708         464.0627             0.0022                  0.45                 0.07                  0.51        0.0638           63.87
    3       2            7.4093         438.1203             0.0023                  0.45                 0.39                  0.84        0.0608           61.13
    4       2            7.3741         214.4088             0.0047                  1.23                 0.80                  2.03        0.0296           30.15
    5       2            7.3741         175.6485             0.0057                  2.54                 2.15                  4.68        0.0244           30.13
    6       3            7.4051         438.1497             0.0023                  0.45                 0.45                  0.90        0.0608           61.13
    7       3            7.3468         209.6110             0.0048                  1.23                 0.87                  2.10        0.0292           29.75
    8       3            7.3562         171.2801             0.0058                  2.54                 2.21                  4.75        0.0240           29.69
    9       3            7.3206         185.8465             0.0054                  1.23                 1.19                  2.42        0.0260           26.94
   10       3            7.3416         148.5663             0.0067                  2.54                 2.53                  5.07        0.0209           26.98
   11       3            7.3324         147.9078             0.0068                  3.32                 2.95                  6.27        0.0206           22.42
   12       4            7.3176         185.7900             0.0054                  1.23                 1.26                  2.49        0.0260           26.92
   13       4            7.3403         148.4698             0.0067                  2.54                 2.60                  5.14        0.0209           26.95
   14       4            7.3146         143.7612             0.0070                  3.32                 3.01                  6.33        0.0202           22.04
   15       4            7.2998         120.7374             0.0083                  3.32                 3.33                  6.65        0.0171           19.25
   16       5            7.2992         120.6454             0.0083                  3.32                 3.40                  6.72        0.0170           19.20

Summary Statistics:
------------------------------------------------------------------------------------------------------------------------
            Comp     Groups  Wall Time/Evt (s)  CPU Time/Evt (s)  Throughput (evt/s)  Write Remote (MB/evt)  Read Remote (MB/evt)  Net Transfer (MB/evt)  CPU Cores/Evt  Memory/Evt (MB)
count  16.000000  16.000000          16.000000         16.000000           16.000000              16.000000             16.000000              16.000000      16.000000        16.000000
mean    8.500000   3.000000           7.364722        236.504927            0.005270               1.884744              1.699486               3.584231       0.032848        35.053100
std     4.760952   1.032796           0.063816        131.954972            0.002100               1.152106              1.199263               2.342916       0.018024        16.820805
min     1.000000   1.000000           7.299228        120.645355            0.002123               0.449219              0.000000               0.449219       0.017018        19.204800
25%     4.750000   2.000000           7.319879        148.329276            0.004069               1.035156              0.714399               1.749555       0.020829        25.794100
50%     8.500000   3.000000           7.344243        180.719263            0.005538               1.884766              1.700428               3.585194       0.025228        28.334400
75%    12.250000   4.000000           7.381883        270.336649            0.006742               2.734290              2.684638               5.419013       0.037388        37.891000
max    16.000000   5.000000           7.532959        471.073542            0.008289               3.320312              3.398067               6.718379       0.064307        64.307200
