Workflow Construction Summary Table
========================================================================================================================

 Comp  Groups Wall Time/Evt (s) CPU Time/Evt (s) Throughput (evt/s) Write Remote (MB/evt) Read Remote (MB/evt) Net Transfer (MB/evt) CPU Cores/Evt Memory/Evt (MB)
    1       2           43.6798         326.9272             0.0031                  0.89                 0.57                  1.46        0.0234           23.81
    2       2           43.6798         326.9272             0.0031                  0.89                 0.57                  1.46        0.0234           23.21
    3       3           43.6755         326.9166             0.0031                  0.89                 0.72                  1.61        0.0234           23.82
    4       3           43.6755         326.9166             0.0031                  0.89                 0.72                  1.61        0.0234           23.21
    5       3           43.4864         324.2511             0.0031                  0.89                 0.72                  1.61        0.0233           23.68
    6       3           43.4864         324.2511             0.0031                  0.89                 0.72                  1.61        0.0233           23.21
    7       3           43.5234         165.8444             0.0060                  1.50                 1.21                  2.71        0.0119           23.77
    8       3           43.5234         165.8444             0.0060                  1.50                 1.21                  2.71        0.0119           23.18
    9       3           43.3123         318.6344             0.0031                  0.89                 1.14                  2.02        0.0230           23.17
   10       3           43.2338         292.3331             0.0034                  2.06                 1.80                  3.86        0.0212           23.80
   11       3           43.2338         292.3331             0.0034                  2.06                 1.80                  3.86        0.0212           23.20
   12       4           43.4966         324.2927             0.0031                  0.89                 0.88                  1.76        0.0233           23.69
   13       4           43.4966         324.2927             0.0031                  0.89                 0.88                  1.76        0.0233           23.22
   14       4           43.5167         165.8230             0.0060                  1.50                 1.36                  2.86        0.0119           23.77
   15       4           43.5167         165.8230             0.0060                  1.50                 1.36                  2.86        0.0119           23.18
   16       4           43.2931         318.5881             0.0031                  0.89                 1.29                  2.18        0.0230           23.19
   17       4           43.2931         318.5881             0.0031                  0.89                 1.29                  2.18        0.0230           23.19
   18       4           43.3513         165.1875             0.0061                  1.50                 1.37                  2.87        0.0119           23.64
   19       4           43.3513         165.1875             0.0061                  1.50                 1.37                  2.87        0.0119           23.18
   20       4           43.2092         292.2703             0.0034                  2.06                 1.95                  4.01        0.0212           23.80
   21       4           43.0673         164.1679             0.0061                  2.68                 2.44                  5.12        0.0119           23.75
   22       4           43.2092         292.2703             0.0034                  2.06                 1.95                  4.01        0.0212           23.19
   23       4           43.0673         164.1679             0.0061                  2.68                 2.44                  5.12        0.0119           23.15
   24       4           43.1948         292.1948             0.0034                  2.06                 1.95                  4.01        0.0212           23.67
   25       4           43.1948         292.1948             0.0034                  2.06                 1.95                  4.01        0.0212           23.21
   26       4           43.1556         292.1579             0.0034                  2.06                 2.36                  4.42        0.0212           23.17
   27       4           43.1687         164.5238             0.0061                  1.50                 1.78                  3.29        0.0119           23.13
   28       5           43.2826         318.5652             0.0031                  0.89                 1.44                  2.33        0.0230           23.18
   29       5           43.3452         165.1674             0.0061                  1.50                 1.51                  3.02        0.0119           23.65
   30       5           43.3452         165.1674             0.0061                  1.50                 1.51                  3.02        0.0119           23.19
   31       5           43.0501         164.1258             0.0061                  2.68                 2.59                  5.27        0.0119           23.75
   32       5           43.0501         164.1258             0.0061                  2.68                 2.59                  5.27        0.0119           23.16
   33       5           43.1736         292.1385             0.0034                  2.06                 2.10                  4.16        0.0212           23.66
   34       5           43.1736         292.1385             0.0034                  2.06                 2.10                  4.16        0.0212           23.20
   35       5           43.1306         292.0941             0.0034                  2.06                 2.51                  4.57        0.0212           23.19
   36       5           43.1306         292.0941             0.0034                  2.06                 2.51                  4.57        0.0212           23.18
   37       5           43.1624         164.5035             0.0061                  1.50                 1.94                  3.44        0.0119           23.16
   38       5           43.1624         164.5035             0.0061                  1.50                 1.94                  3.44        0.0119           23.16
   39       5           43.0486         164.0702             0.0061                  2.68                 2.60                  5.28        0.0119           23.62
   40       5           43.0486         164.0702             0.0061                  2.68                 2.60                  5.28        0.0119           23.16
   41       5           43.0197         163.9726             0.0061                  2.68                 3.01                  5.69        0.0119           23.14
   42       6           43.1279         292.0750             0.0034                  2.06                 2.66                  4.72        0.0212           23.17
   43       6           43.1608         164.4923             0.0061                  1.50                 2.09                  3.59        0.0119           23.15
   44       6           43.0407         164.0464             0.0061                  2.68                 2.75                  5.43        0.0119           23.62
   45       6           43.0407         164.0464             0.0061                  2.68                 2.75                  5.43        0.0119           23.16
   46       6           43.0130         163.9516             0.0061                  2.68                 3.16                  5.84        0.0119           23.16
   47       6           43.0130         163.9516             0.0061                  2.68                 3.16                  5.84        0.0119           23.16
   48       7           43.0111         163.9397             0.0061                  2.68                 3.32                  5.99        0.0119           23.15

Summary Statistics:
------------------------------------------------------------------------------------------------------------------------
        Comp     Groups  Wall Time/Evt (s)  CPU Time/Evt (s)  Throughput (evt/s)  Write Remote (MB/evt)  Read Remote (MB/evt)  Net Transfer (MB/evt)  CPU Cores/Evt  Memory/Evt (MB)
count  48.00  48.000000          48.000000         48.000000           48.000000              48.000000             48.000000              48.000000      48.000000        48.000000
mean   24.50   4.333333          43.262975        236.169779            0.004667               1.782451              1.846973               3.629424       0.017053        23.357117
std    14.00   1.117241           0.203054         73.184240            0.001428               0.668887              0.759927               1.401464       0.005257         0.261582
min     1.00   2.000000          43.011054        163.939688            0.003059               0.888672              0.567449               1.456121       0.011894        23.133200
25%    12.75   4.000000          43.112747        164.411174            0.003350               1.350435              1.286667               2.618003       0.011905        23.167900
50%    24.50   4.000000          43.202014        228.959702            0.004727               1.782451              1.935599               3.726230       0.016536        23.192200
75%    36.25   5.000000          43.385076        298.891163            0.006082               2.214468              2.508338               4.823221       0.021623        23.648400
max    48.00   7.000000          43.679842        326.927208            0.006100               2.676230              3.317889               5.994119       0.023415        23.820800
