Workflow Construction Summary Table
========================================================================================================================

 Comp  Groups Wall Time/Evt (s) CPU Time/Evt (s) Throughput (evt/s) Write Remote (MB/evt) Read Remote (MB/evt) Net Transfer (MB/evt) CPU Cores/Evt Memory/Evt (MB)
    1       1            7.5542          60.1218             0.0166                  0.45                 0.00                  0.45        0.0155           15.52
    2       2            7.4352          59.1750             0.0169                  0.45                 0.06                  0.51        0.0155           15.51
    3       2            7.3151          58.2193             0.0172                  0.45                 0.38                  0.83        0.0155           15.52
    4       2            7.2429          57.6444             0.0173                  2.54                 2.10                  4.64        0.0155           15.51
    5       2            7.2467          57.6754             0.0173                  1.23                 0.78                  2.02        0.0155           15.50
    6       3            7.3085          58.1664             0.0172                  0.45                 0.44                  0.89        0.0155           15.52
    7       3            7.2085          57.3701             0.0174                  2.54                 2.17                  4.70        0.0155           15.51
    8       3            7.1930          57.2477             0.0175                  1.23                 0.85                  2.08        0.0155           15.50
    9       3            7.1827          57.1649             0.0175                  2.54                 2.48                  5.02        0.0155           15.51
   10       3            7.1428          56.8480             0.0176                  1.23                 1.16                  2.39        0.0155           15.50
   11       3            7.1619          56.9992             0.0175                  3.32                 2.89                  6.21        0.0155           15.50
   12       4            7.1760          57.1118             0.0175                  2.54                 2.54                  5.08        0.0155           15.51
   13       4            7.1362          56.7950             0.0176                  1.23                 1.23                  2.46        0.0155           15.50
   14       4            7.1274          56.7250             0.0176                  3.32                 2.95                  6.27        0.0155           15.50
   15       4            7.1016          56.5199             0.0177                  3.32                 3.26                  6.58        0.0155           15.50
   16       5            7.0949          56.4666             0.0177                  3.32                 3.33                  6.65        0.0155           15.50

Summary Statistics:
------------------------------------------------------------------------------------------------------------------------
            Comp     Groups  Wall Time/Evt (s)  CPU Time/Evt (s)  Throughput (evt/s)  Write Remote (MB/evt)  Read Remote (MB/evt)  Net Transfer (MB/evt)  CPU Cores/Evt  Memory/Evt (MB)
count  16.000000  16.000000          16.000000         16.000000           16.000000              16.000000             16.000000              16.000000      16.000000         16.00000
mean    8.500000   3.000000           7.226736         57.515637            0.017391               1.884766              1.663574               3.548340       0.015507         15.50700
std     4.760952   1.032796           0.124944          0.994455            0.000294               1.152134              1.175032               2.318846       0.000006          0.00645
min     1.000000   1.000000           7.094940         56.466555            0.016633               0.449219              0.000000               0.449219       0.015499         15.49920
25%     4.750000   2.000000           7.141179         56.834762            0.017302               1.035156              0.698909               1.734065       0.015502         15.50240
50%     8.500000   3.000000           7.187845         57.206284            0.017481               1.884766              1.663752               3.548518       0.015505         15.50480
75%    12.250000   4.000000           7.262184         57.798154            0.017595               2.734375              2.628628               5.363003       0.015511         15.51080
max    16.000000   5.000000           7.554172         60.121764            0.017710               3.320312              3.327090               6.647403       0.015520         15.52000
