Workflow Construction Summary Table
========================================================================================================================

 Comp  Groups Wall Time/Evt (s) CPU Time/Evt (s) Throughput (evt/s) Write Remote (MB/evt) Read Remote (MB/evt) Net Transfer (MB/evt) CPU Cores/Evt Memory/Evt (MB)
    1       2           41.2993         161.4592             0.0062                  0.89                 0.55                  1.44        0.0113           22.52
    2       2           41.2993         161.4592             0.0062                  0.89                 0.55                  1.44        0.0113           22.52
    3       3           41.3082         161.4661             0.0062                  0.89                 0.70                  1.59        0.0113           22.53
    4       3           41.3082         161.4661             0.0062                  0.89                 0.70                  1.59        0.0113           22.53
    5       3           41.1377         160.8171             0.0062                  0.89                 0.70                  1.59        0.0113           22.54
    6       3           41.1377         160.8171             0.0062                  0.89                 0.70                  1.59        0.0113           22.54
    7       3           41.1580         160.8622             0.0062                  1.50                 1.18                  2.68        0.0113           22.51
    8       3           41.1580         160.8622             0.0062                  1.50                 1.18                  2.68        0.0113           22.51
    9       3           40.9759         160.1780             0.0062                  0.89                 1.10                  1.99        0.0113           22.53
   10       3           40.8711         159.7285             0.0063                  2.06                 1.75                  3.81        0.0113           22.52
   11       3           40.8711         159.7285             0.0063                  2.06                 1.75                  3.81        0.0113           22.52
   12       4           41.1401         160.8112             0.0062                  0.89                 0.85                  1.74        0.0113           22.55
   13       4           41.1401         160.8112             0.0062                  0.89                 0.85                  1.74        0.0113           22.55
   14       4           41.1494         160.8343             0.0062                  1.50                 1.33                  2.83        0.0113           22.51
   15       4           41.1494         160.8343             0.0062                  1.50                 1.33                  2.83        0.0113           22.51
   16       4           40.9765         160.1684             0.0062                  0.89                 1.25                  2.14        0.0113           22.53
   17       4           40.9765         160.1684             0.0062                  0.89                 1.25                  2.14        0.0113           22.53
   18       4           40.9921         160.2151             0.0062                  1.50                 1.33                  2.83        0.0113           22.52
   19       4           40.9921         160.2151             0.0062                  1.50                 1.33                  2.83        0.0113           22.52
   20       4           40.8564         159.6882             0.0063                  2.06                 1.89                  3.96        0.0113           22.52
   21       4           40.7305         159.1968             0.0063                  2.68                 2.38                  5.06        0.0113           22.51
   22       4           40.8564         159.6882             0.0063                  2.06                 1.89                  3.96        0.0113           22.52
   23       4           40.7305         159.1968             0.0063                  2.68                 2.38                  5.06        0.0113           22.51
   24       4           40.8214         159.5658             0.0063                  2.06                 1.90                  3.96        0.0113           22.52
   25       4           40.8214         159.5658             0.0063                  2.06                 1.90                  3.96        0.0113           22.52
   26       4           40.7999         159.4753             0.0063                  2.06                 2.30                  4.36        0.0113           22.52
   27       4           40.8325         159.5895             0.0063                  1.50                 1.73                  3.23        0.0113           22.51
   28       5           40.9657         160.1361             0.0062                  0.89                 1.40                  2.29        0.0113           22.54
   29       5           40.9865         160.1929             0.0062                  1.50                 1.48                  2.98        0.0113           22.52
   30       5           40.9865         160.1929             0.0062                  1.50                 1.48                  2.98        0.0113           22.52
   31       5           40.7131         159.1512             0.0063                  2.68                 2.53                  5.21        0.0112           22.50
   32       5           40.7131         159.1512             0.0063                  2.68                 2.53                  5.21        0.0112           22.50
   33       5           40.8132         159.5385             0.0063                  2.06                 2.05                  4.11        0.0113           22.52
   34       5           40.8132         159.5385             0.0063                  2.06                 2.05                  4.11        0.0113           22.52
   35       5           40.7727         159.4102             0.0063                  2.06                 2.45                  4.51        0.0113           22.51
   36       5           40.7727         159.4102             0.0063                  2.06                 2.45                  4.51        0.0113           22.51
   37       5           40.8239         159.5616             0.0063                  1.50                 1.88                  3.38        0.0113           22.51
   38       5           40.8239         159.5616             0.0063                  1.50                 1.88                  3.38        0.0113           22.51
   39       5           40.6713         159.0150             0.0063                  2.68                 2.53                  5.20        0.0112           22.49
   40       5           40.6713         159.0150             0.0063                  2.68                 2.53                  5.20        0.0112           22.49
   41       5           40.6669         158.9589             0.0063                  2.68                 2.93                  5.61        0.0113           22.50
   42       6           40.7806         159.4151             0.0063                  2.06                 2.60                  4.66        0.0113           22.52
   43       6           40.8096         159.5221             0.0063                  1.50                 2.02                  3.53        0.0113           22.50
   44       6           40.6658         158.9933             0.0063                  2.68                 2.68                  5.36        0.0113           22.51
   45       6           40.6658         158.9933             0.0063                  2.68                 2.68                  5.36        0.0113           22.51
   46       6           40.6468         158.9078             0.0063                  2.68                 3.08                  5.75        0.0112           22.50
   47       6           40.6468         158.9078             0.0063                  2.68                 3.08                  5.75        0.0112           22.50
   48       7           40.6478         158.8990             0.0063                  2.68                 3.23                  5.91        0.0113           22.51

Summary Statistics:
------------------------------------------------------------------------------------------------------------------------
        Comp     Groups  Wall Time/Evt (s)  CPU Time/Evt (s)  Throughput (evt/s)  Write Remote (MB/evt)  Read Remote (MB/evt)  Net Transfer (MB/evt)  CPU Cores/Evt  Memory/Evt (MB)
count  48.00  48.000000          48.000000         48.000000           48.000000              48.000000             48.000000              48.000000      48.000000        48.000000
mean   24.50   4.333333          40.907225        159.902937            0.006254               1.782451              1.797380               3.579831       0.011258        22.515933
std    14.00   1.117241           0.200576          0.779095            0.000030               0.668887              0.740080               1.381989       0.000007         0.013382
min     1.00   2.000000          40.646778        158.899004            0.006193               0.888672              0.550792               1.439464       0.011246        22.492800
25%    12.75   4.000000          40.762176        159.356892            0.006236               1.350435              1.253678               2.585646       0.011253        22.505600
50%    24.50   4.000000          40.844401        159.638837            0.006264               1.782451              1.876268               3.668491       0.011258        22.515200
75%    36.25   5.000000          41.028505        160.364085            0.006275               2.214468              2.447020               4.759119       0.011262        22.524800
max    48.00   7.000000          41.308187        161.466121            0.006293               2.676230              3.230042               5.906272       0.011274        22.547200
