Workflow Construction Summary Table
========================================================================================================================

 Comp  Groups Wall Time/Evt (s) CPU Time/Evt (s) Throughput (evt/s) Write Remote (MB/evt) Read Remote (MB/evt) Net Transfer (MB/evt) CPU Cores/Evt Memory/Evt (MB)
    1       2           39.1703         155.8840             0.0064                  0.89                 0.54                  1.43        0.0018            3.62
    2       2           39.1703         155.8840             0.0064                  0.89                 0.54                  1.43        0.0018            3.62
    3       3           39.1695         155.8807             0.0064                  0.89                 0.68                  1.57        0.0018            3.62
    4       3           39.1695         155.8807             0.0064                  0.89                 0.68                  1.57        0.0018            3.62
    5       3           39.1436         155.7775             0.0064                  0.89                 0.69                  1.58        0.0018            3.62
    6       3           39.1436         155.7775             0.0064                  0.89                 0.69                  1.58        0.0018            3.62
    7       3           39.1442         155.7800             0.0064                  1.50                 1.16                  2.66        0.0018            3.62
    8       3           39.1442         155.7800             0.0064                  1.50                 1.16                  2.66        0.0018            3.62
    9       3           39.0825         155.6029             0.0064                  0.89                 1.08                  1.97        0.0018            3.61
   10       3           39.0799         155.5581             0.0064                  2.06                 1.72                  3.78        0.0018            3.62
   11       3           39.0799         155.5581             0.0064                  2.06                 1.72                  3.78        0.0018            3.62
   12       4           39.1427         155.7741             0.0064                  0.89                 0.83                  1.72        0.0018            3.63
   13       4           39.1427         155.7741             0.0064                  0.89                 0.83                  1.72        0.0018            3.63
   14       4           39.1434         155.7766             0.0064                  1.50                 1.30                  2.81        0.0018            3.62
   15       4           39.1434         155.7766             0.0064                  1.50                 1.30                  2.81        0.0018            3.62
   16       4           39.0989         155.6339             0.0064                  0.89                 1.23                  2.12        0.0018            3.62
   17       4           39.0989         155.6339             0.0064                  0.89                 1.23                  2.12        0.0018            3.62
   18       4           39.1177         155.6743             0.0064                  1.50                 1.31                  2.81        0.0018            3.62
   19       4           39.1177         155.6743             0.0064                  1.50                 1.31                  2.81        0.0018            3.62
   20       4           39.0790         155.5546             0.0064                  2.06                 1.87                  3.93        0.0018            3.62
   21       4           39.0590         155.4748             0.0064                  2.68                 2.34                  5.01        0.0018            3.62
   22       4           39.0790         155.5546             0.0064                  2.06                 1.87                  3.93        0.0018            3.62
   23       4           39.0590         155.4748             0.0064                  2.68                 2.34                  5.01        0.0018            3.62
   24       4           39.0746         155.5370             0.0064                  2.06                 1.87                  3.93        0.0018            3.62
   25       4           39.0746         155.5370             0.0064                  2.06                 1.87                  3.93        0.0018            3.62
   26       4           39.0533         155.4867             0.0064                  2.06                 2.26                  4.32        0.0018            3.62
   27       4           39.0574         155.5029             0.0064                  1.50                 1.70                  3.20        0.0018            3.62
   28       5           39.0980         155.6304             0.0064                  0.89                 1.38                  2.27        0.0018            3.62
   29       5           39.1169         155.6710             0.0064                  1.50                 1.45                  2.96        0.0018            3.63
   30       5           39.1169         155.6710             0.0064                  1.50                 1.45                  2.96        0.0018            3.63
   31       5           39.0581         155.4713             0.0064                  2.68                 2.49                  5.16        0.0018            3.62
   32       5           39.0581         155.4713             0.0064                  2.68                 2.49                  5.16        0.0018            3.62
   33       5           39.0737         155.5334             0.0064                  2.06                 2.01                  4.07        0.0018            3.62
   34       5           39.0737         155.5334             0.0064                  2.06                 2.01                  4.07        0.0018            3.62
   35       5           39.0524         155.4831             0.0064                  2.06                 2.41                  4.47        0.0018            3.62
   36       5           39.0524         155.4831             0.0064                  2.06                 2.41                  4.47        0.0018            3.62
   37       5           39.0739         155.5341             0.0064                  1.50                 1.85                  3.35        0.0018            3.62
   38       5           39.0739         155.5341             0.0064                  1.50                 1.85                  3.35        0.0018            3.62
   39       5           39.0537         155.4537             0.0064                  2.68                 2.48                  5.16        0.0018            3.62
   40       5           39.0537         155.4537             0.0064                  2.68                 2.48                  5.16        0.0018            3.62
   41       5           39.0324         155.4034             0.0064                  2.68                 2.88                  5.55        0.0018            3.62
   42       6           39.0689         155.5142             0.0064                  2.06                 2.56                  4.62        0.0018            3.62
   43       6           39.0729         155.5304             0.0064                  1.50                 2.00                  3.50        0.0018            3.62
   44       6           39.0528         155.4501             0.0064                  2.68                 2.63                  5.31        0.0018            3.62
   45       6           39.0528         155.4501             0.0064                  2.68                 2.63                  5.31        0.0018            3.62
   46       6           39.0315         155.3998             0.0064                  2.68                 3.02                  5.70        0.0018            3.62
   47       6           39.0315         155.3998             0.0064                  2.68                 3.02                  5.70        0.0018            3.62
   48       7           39.0479         155.4309             0.0064                  2.68                 3.18                  5.85        0.0018            3.63

Summary Statistics:
------------------------------------------------------------------------------------------------------------------------
        Comp     Groups  Wall Time/Evt (s)  CPU Time/Evt (s)  Throughput (evt/s)  Write Remote (MB/evt)  Read Remote (MB/evt)  Net Transfer (MB/evt)  CPU Cores/Evt  Memory/Evt (MB)
count  48.00  48.000000          48.000000         48.000000           48.000000              48.000000             48.000000              48.000000      48.000000        48.000000
mean   24.50   4.333333          39.091352        155.598046            0.006427               1.782451              1.767019               3.549470       0.001810         3.620467
std    14.00   1.117241           0.041471          0.145018            0.000006               0.668887              0.727791               1.369806       0.000002         0.003615
min     1.00   2.000000          39.031534        155.399836            0.006415               0.888672              0.540679               1.429351       0.001807         3.614400
25%    12.75   4.000000          39.057920        155.481049            0.006423               1.350435              1.233132               2.565231       0.001809         3.617600
50%    24.50   4.000000          39.076791        155.545773            0.006429               1.782451              1.847552               3.641785       0.001810         3.619200
75%    36.25   5.000000          39.123956        155.699299            0.006432               2.214468              2.405851               4.717189       0.001811         3.622800
max    48.00   7.000000          39.170329        155.884031            0.006435               2.676230              3.176146               5.852376       0.001814         3.628800
