Workflow Construction Summary Table
========================================================================================================================

 Comp  Groups Wall Time/Evt (s) CPU Time/Evt (s) Throughput (evt/s) Write Remote (MB/evt) Read Remote (MB/evt) Net Transfer (MB/evt) CPU Cores/Evt Memory/Evt (MB)
    1       2           41.3006         161.4644             0.0062                  0.89                 0.55                  1.44        0.0113           22.52
    2       2           41.3006         161.4644             0.0062                  0.89                 0.55                  1.44        0.0113           22.52
    3       3           41.3097         161.4719             0.0062                  0.89                 0.70                  1.59        0.0113           22.53
    4       3           41.3097         161.4719             0.0062                  0.89                 0.70                  1.59        0.0113           22.53
    5       3           41.1392         160.8229             0.0062                  0.89                 0.70                  1.59        0.0113           22.54
    6       3           41.1392         160.8229             0.0062                  0.89                 0.70                  1.59        0.0113           22.54
    7       3           41.1605         160.8720             0.0062                  1.50                 1.18                  2.68        0.0113           22.51
    8       3           41.1605         160.8720             0.0062                  1.50                 1.18                  2.68        0.0113           22.51
    9       3           40.9778         160.1853             0.0062                  0.89                 1.10                  1.99        0.0113           22.53
   10       3           40.8747         159.7424             0.0063                  2.06                 1.75                  3.81        0.0113           22.52
   11       3           40.8747         159.7424             0.0063                  2.06                 1.75                  3.81        0.0113           22.52
   12       4           41.1417         160.8175             0.0062                  0.89                 0.85                  1.74        0.0113           22.55
   13       4           41.1417         160.8175             0.0062                  0.89                 0.85                  1.74        0.0113           22.55
   14       4           41.1521         160.8447             0.0062                  1.50                 1.33                  2.83        0.0113           22.51
   15       4           41.1521         160.8447             0.0062                  1.50                 1.33                  2.83        0.0113           22.51
   16       4           40.9785         160.1761             0.0062                  0.89                 1.25                  2.14        0.0113           22.53
   17       4           40.9785         160.1761             0.0062                  0.89                 1.25                  2.14        0.0113           22.53
   18       4           40.9948         160.2254             0.0062                  1.50                 1.33                  2.83        0.0113           22.52
   19       4           40.9948         160.2254             0.0062                  1.50                 1.33                  2.83        0.0113           22.52
   20       4           40.8600         159.7026             0.0063                  2.06                 1.89                  3.96        0.0113           22.52
   21       4           40.7352         159.2153             0.0063                  2.68                 2.38                  5.06        0.0113           22.51
   22       4           40.8600         159.7026             0.0063                  2.06                 1.89                  3.96        0.0113           22.52
   23       4           40.7352         159.2153             0.0063                  2.68                 2.38                  5.06        0.0113           22.51
   24       4           40.8251         159.5803             0.0063                  2.06                 1.90                  3.96        0.0113           22.52
   25       4           40.8251         159.5803             0.0063                  2.06                 1.90                  3.96        0.0113           22.52
   26       4           40.8040         159.4911             0.0063                  2.06                 2.30                  4.36        0.0113           22.52
   27       4           40.8297         159.5897             0.0063                  1.50                 1.73                  3.24        0.0113           22.50
   28       5           40.9679         160.1444             0.0062                  0.89                 1.40                  2.29        0.0113           22.54
   29       5           40.9893         160.2038             0.0062                  1.50                 1.48                  2.98        0.0113           22.52
   30       5           40.9893         160.2038             0.0062                  1.50                 1.48                  2.98        0.0113           22.52
   31       5           40.7180         159.1702             0.0063                  2.68                 2.53                  5.21        0.0112           22.50
   32       5           40.7180         159.1702             0.0063                  2.68                 2.53                  5.21        0.0112           22.50
   33       5           40.8170         159.5535             0.0063                  2.06                 2.05                  4.11        0.0113           22.52
   34       5           40.8170         159.5535             0.0063                  2.06                 2.05                  4.11        0.0113           22.52
   35       5           40.7769         159.4266             0.0063                  2.06                 2.45                  4.51        0.0113           22.51
   36       5           40.7769         159.4266             0.0063                  2.06                 2.45                  4.51        0.0113           22.51
   37       5           40.8225         159.5646             0.0063                  1.50                 1.87                  3.38        0.0113           22.50
   38       5           40.8225         159.5646             0.0063                  1.50                 1.87                  3.38        0.0113           22.50
   39       5           40.6761         159.0340             0.0063                  2.68                 2.53                  5.20        0.0112           22.49
   40       5           40.6761         159.0340             0.0063                  2.68                 2.53                  5.20        0.0112           22.49
   41       5           40.6721         158.9793             0.0063                  2.68                 2.93                  5.61        0.0113           22.50
   42       6           40.7849         159.4321             0.0063                  2.06                 2.60                  4.66        0.0113           22.52
   43       6           40.8129         159.5350             0.0063                  1.50                 2.02                  3.53        0.0113           22.50
   44       6           40.6708         159.0129             0.0063                  2.68                 2.68                  5.36        0.0113           22.51
   45       6           40.6708         159.0129             0.0063                  2.68                 2.68                  5.36        0.0113           22.51
   46       6           40.6521         158.9288             0.0063                  2.68                 3.08                  5.75        0.0112           22.50
   47       6           40.6521         158.9288             0.0063                  2.68                 3.08                  5.75        0.0112           22.50
   48       7           40.6533         158.9205             0.0063                  2.68                 3.23                  5.91        0.0113           22.51

Summary Statistics:
------------------------------------------------------------------------------------------------------------------------
        Comp     Groups  Wall Time/Evt (s)  CPU Time/Evt (s)  Throughput (evt/s)  Write Remote (MB/evt)  Read Remote (MB/evt)  Net Transfer (MB/evt)  CPU Cores/Evt  Memory/Evt (MB)
count  48.00  48.000000          48.000000         48.000000           48.000000              48.000000             48.000000              48.000000      48.000000        48.000000
mean   24.50   4.333333          40.910254        159.915363            0.006253               1.782451              1.797435               3.579886       0.011258        22.515733
std    14.00   1.117241           0.199514          0.774712            0.000030               0.668887              0.740062               1.381968       0.000007         0.013546
min     1.00   2.000000          40.652148        158.920522            0.006193               0.888672              0.550792               1.439464       0.011246        22.492800
25%    12.75   4.000000          40.766503        159.373807            0.006235               1.350435              1.253678               2.585646       0.011253        22.505600
50%    24.50   4.000000          40.844854        159.646142            0.006264               1.782451              1.874758               3.668491       0.011258        22.515200
75%    36.25   5.000000          41.030865        160.373434            0.006275               2.214468              2.447020               4.759119       0.011262        22.524800
max    48.00   7.000000          41.309676        161.471928            0.006292               2.676230              3.230042               5.906272       0.011274        22.547200
