Workflow Construction Summary Table
========================================================================================================================

 Comp  Groups Wall Time/Evt (s) CPU Time/Evt (s) Throughput (evt/s) Write Remote (MB/evt) Read Remote (MB/evt) Net Transfer (MB/evt) CPU Cores/Evt Memory/Evt (MB)
    1       1            7.6530          58.4057             0.0171                  0.45                 0.00                  0.45        0.0014            1.41
    2       2            7.6380          58.3066             0.0172                  0.45                 0.07                  0.52        0.0014            1.41
    3       2            7.6268          58.2056             0.0172                  1.23                 0.82                  2.05        0.0014            1.41
    4       2            7.6319          58.2438             0.0172                  0.45                 0.38                  0.83        0.0014            1.41
    5       2            7.6204          58.1882             0.0172                  2.54                 2.18                  4.71        0.0014            1.41
    6       3            7.6296          58.2326             0.0172                  0.45                 0.45                  0.90        0.0014            1.41
    7       3            7.6220          58.1688             0.0172                  1.23                 0.88                  2.11        0.0014            1.41
    8       3            7.5930          58.0576             0.0172                  3.32                 2.99                  6.31        0.0014            1.41
    9       3            7.6174          58.1650             0.0172                  2.54                 2.24                  4.78        0.0014            1.41
   10       3            7.6175          58.1583             0.0172                  2.54                 2.58                  5.12        0.0014            1.42
   11       3            7.6178          58.1366             0.0172                  1.23                 1.22                  2.45        0.0014            1.41
   12       4            7.6150          58.1464             0.0172                  2.54                 2.65                  5.19        0.0014            1.42
   13       4            7.6086          58.0979             0.0172                  1.23                 1.27                  2.50        0.0014            1.41
   14       4            7.5973          58.0637             0.0172                  3.32                 3.06                  6.38        0.0014            1.41
   15       4            7.5923          58.0363             0.0172                  3.32                 3.39                  6.71        0.0014            1.41
   16       5            7.6091          58.1017             0.0172                  3.32                 3.47                  6.79        0.0014            1.42

Summary Statistics:
------------------------------------------------------------------------------------------------------------------------
            Comp     Groups  Wall Time/Evt (s)  CPU Time/Evt (s)  Throughput (evt/s)  Write Remote (MB/evt)  Read Remote (MB/evt)  Net Transfer (MB/evt)  CPU Cores/Evt  Memory/Evt (MB)
count  16.000000  16.000000          16.000000         16.000000           16.000000              16.000000             16.000000              16.000000      16.000000        16.000000
mean    8.500000   3.000000           7.618109         58.169674            0.017191               1.884766              1.728372               3.613137       0.001413         1.412600
std     4.760952   1.032796           0.016217          0.096153            0.000028               1.152134              1.221929               2.365394       0.000004         0.003548
min     1.000000   1.000000           7.592283         58.036297            0.017122               0.449219              0.000000               0.449219       0.001408         1.408000
25%     4.750000   2.000000           7.608981         58.100773            0.017178               1.035156              0.727859               1.763016       0.001410         1.409600
50%     8.500000   3.000000           7.617669         58.161622            0.017193               1.884766              1.722796               3.607562       0.001412         1.412000
75%    12.250000   4.000000           7.627505         58.212321            0.017211               2.734375              2.736542               5.470917       0.001414         1.414400
max    16.000000   5.000000           7.653038         58.405707            0.017231               3.320312              3.468495               6.788808       0.001421         1.420800
