Workflow Construction Summary Table
========================================================================================================================

 Comp  Groups Wall Time/Evt (s) CPU Time/Evt (s) Throughput (evt/s) Write Remote (MB/evt) Read Remote (MB/evt) Net Transfer (MB/evt) CPU Cores/Evt Memory/Evt (MB)
    1       1            7.3571          57.6215             0.0174                  0.45                 0.00                  0.45        0.0040            4.00
    2       2            7.3272          57.3868             0.0174                  0.45                 0.06                  0.51        0.0040            4.00
    3       2            7.2940          57.1266             0.0175                  1.23                 0.80                  2.03        0.0040            4.00
    4       2            7.2993          57.1687             0.0175                  0.45                 0.38                  0.83        0.0040            4.00
    5       2            7.3195          57.3268             0.0174                  2.54                 2.13                  4.67        0.0040            4.01
    6       3            7.2982          57.1606             0.0175                  0.45                 0.45                  0.89        0.0040            4.01
    7       3            7.2807          57.0225             0.0175                  1.23                 0.86                  2.09        0.0040            4.01
    8       3            7.3146          57.2879             0.0175                  3.32                 2.93                  6.25        0.0040            4.01
    9       3            7.3112          57.2619             0.0175                  2.54                 2.20                  4.74        0.0040            4.01
   10       3            7.3077          57.2347             0.0175                  2.54                 2.52                  5.06        0.0040            4.01
   11       3            7.2709          56.9460             0.0176                  1.23                 1.18                  2.41        0.0040            4.01
   12       4            7.3066          57.2262             0.0175                  2.54                 2.58                  5.12        0.0040            4.01
   13       4            7.2698          56.9375             0.0176                  1.23                 1.25                  2.48        0.0040            4.01
   14       4            7.3064          57.2236             0.0175                  3.32                 3.00                  6.32        0.0040            4.01
   15       4            7.3028          57.1960             0.0175                  3.32                 3.32                  6.64        0.0040            4.01
   16       5            7.3018          57.1876             0.0175                  3.32                 3.38                  6.70        0.0040            4.01

Summary Statistics:
------------------------------------------------------------------------------------------------------------------------
            Comp     Groups  Wall Time/Evt (s)  CPU Time/Evt (s)  Throughput (evt/s)  Write Remote (MB/evt)  Read Remote (MB/evt)  Net Transfer (MB/evt)  CPU Cores/Evt  Memory/Evt (MB)
count  16.000000  16.000000          16.000000         16.000000           16.000000              16.000000             16.000000              16.000000      16.000000         16.00000
mean    8.500000   3.000000           7.304218         57.207183            0.017480               1.884766              1.690740               3.575506       0.004008          4.00800
std     4.760952   1.032796           0.021226          0.166310            0.000051               1.152134              1.195284               2.339060       0.000003          0.00274
min     1.000000   1.000000           7.269776         56.937472            0.017355               0.449219              0.000000               0.449219       0.004003          4.00320
25%     4.750000   2.000000           7.297174         57.152106            0.017462               1.035156              0.710412               1.745568       0.004006          4.00600
50%     8.500000   3.000000           7.304591         57.209761            0.017480               1.884766              1.690104               3.574869       0.004008          4.00800
75%    12.250000   4.000000           7.312020         57.268421            0.017497               2.734375              2.671950               5.406325       0.004010          4.00960
max    16.000000   5.000000           7.357070         57.621530            0.017563               3.320312              3.384044               6.704357       0.004013          4.01280
