Workflow Construction Summary Table
========================================================================================================================

 Comp  Groups Wall Time/Evt (s) CPU Time/Evt (s) Throughput (evt/s) Write Remote (MB/evt) Read Remote (MB/evt) Net Transfer (MB/evt) CPU Cores/Evt Memory/Evt (MB)
    1       2           44.6711        2633.5358             0.0004                  0.89                 0.56                  1.45        0.3710          372.20
    2       2           44.6711        2633.5358             0.0004                  0.89                 0.56                  1.45        0.3710          372.20
    3       3           44.6561        2632.5228             0.0004                  0.89                 0.72                  1.60        0.3709          371.82
    4       3           44.6561        2632.5228             0.0004                  0.89                 0.72                  1.60        0.3709          371.82
    5       3           44.3081        2591.6710             0.0004                  0.89                 0.72                  1.60        0.3673          368.50
    6       3           44.3081        2591.6710             0.0004                  0.89                 0.72                  1.60        0.3673          368.50
    7       3           44.3211        2609.1345             0.0004                  1.50                 1.22                  2.72        0.3689          370.06
    8       3           44.3211        2609.1345             0.0004                  1.50                 1.22                  2.72        0.3689          370.06
    9       3           43.9626        2506.3423             0.0004                  0.89                 1.13                  2.02        0.3587          361.07
   10       3           43.6924         769.7454             0.0013                  2.06                 1.80                  3.86        0.1100          148.33
   11       3           43.6924         769.7454             0.0013                  2.06                 1.80                  3.86        0.1100          148.33
   12       4           44.2990        2590.7192             0.0004                  0.89                 0.87                  1.76        0.3671          368.15
   13       4           44.2990        2590.7192             0.0004                  0.89                 0.87                  1.76        0.3671          368.15
   14       4           44.3059        2608.2104             0.0004                  1.50                 1.37                  2.87        0.3688          369.70
   15       4           44.3059        2608.2104             0.0004                  1.50                 1.37                  2.87        0.3688          369.70
   16       4           43.9449        2505.7217             0.0004                  0.89                 1.28                  2.17        0.3586          360.80
   17       4           43.9449        2505.7217             0.0004                  0.89                 1.28                  2.17        0.3586          360.80
   18       4           43.9625        2567.3969             0.0004                  1.50                 1.37                  2.88        0.3669          368.13
   19       4           43.9625        2567.3969             0.0004                  1.50                 1.37                  2.88        0.3669          368.13
   20       4           43.6776         768.6859             0.0013                  2.06                 1.95                  4.02        0.1098          147.94
   21       4           43.4184         639.4661             0.0016                  2.68                 2.45                  5.13        0.0912          147.90
   22       4           43.6776         768.6859             0.0013                  2.06                 1.95                  4.02        0.1098          147.94
   23       4           43.4184         639.4661             0.0016                  2.68                 2.45                  5.13        0.0912          147.90
   24       4           43.6163         745.2390             0.0013                  2.06                 1.95                  4.01        0.1070          145.44
   25       4           43.6163         745.2390             0.0013                  2.06                 1.95                  4.01        0.1070          145.44
   26       4           43.5530         678.7787             0.0015                  2.06                 2.37                  4.43        0.0980          137.52
   27       4           43.6330        2483.4309             0.0004                  1.50                 1.78                  3.29        0.3568          359.19
   28       5           43.9425        2504.9546             0.0004                  0.89                 1.43                  2.32        0.3586          360.49
   29       5           43.9598        2566.8536             0.0004                  1.50                 1.52                  3.03        0.3669          367.89
   30       5           43.9598        2566.8536             0.0004                  1.50                 1.52                  3.03        0.3669          367.89
   31       5           43.4026         638.4503             0.0016                  2.68                 2.60                  5.28        0.0911          147.52
   32       5           43.4026         638.4503             0.0016                  2.68                 2.60                  5.28        0.0911          147.52
   33       5           43.6052         744.1993             0.0013                  2.06                 2.11                  4.17        0.1069          145.07
   34       5           43.6052         744.1993             0.0013                  2.06                 2.11                  4.17        0.1069          145.07
   35       5           43.5360         677.6714             0.0015                  2.06                 2.52                  4.58        0.0978          137.10
   36       5           43.5360         677.6714             0.0015                  2.06                 2.52                  4.58        0.0978          137.10
   37       5           43.6067        2481.9151             0.0004                  1.50                 1.94                  3.44        0.3565          358.68
   38       5           43.6067        2481.9151             0.0004                  1.50                 1.94                  3.44        0.3565          358.68
   39       5           43.3507         615.8567             0.0016                  2.68                 2.60                  5.28        0.0885          145.22
   40       5           43.3507         615.8567             0.0016                  2.68                 2.60                  5.28        0.0885          145.22
   41       5           43.3058         549.1292             0.0018                  2.68                 3.02                  5.69        0.0794          137.27
   42       6           43.5272         676.5528             0.0015                  2.06                 2.67                  4.73        0.0977          136.72
   43       6           43.5963        2481.1890             0.0004                  1.50                 2.09                  3.59        0.3565          358.38
   44       6           43.3409         614.3776             0.0016                  2.68                 2.76                  5.44        0.0883          144.73
   45       6           43.3409         614.3776             0.0016                  2.68                 2.76                  5.44        0.0883          144.73
   46       6           43.2929         547.9249             0.0018                  2.68                 3.17                  5.85        0.0792          136.87
   47       6           43.2929         547.9249             0.0018                  2.68                 3.17                  5.85        0.0792          136.87
   48       7           43.2877         546.8802             0.0018                  2.68                 3.33                  6.00        0.0791          136.47

Summary Statistics:
------------------------------------------------------------------------------------------------------------------------
        Comp     Groups  Wall Time/Evt (s)  CPU Time/Evt (s)  Throughput (evt/s)  Write Remote (MB/evt)  Read Remote (MB/evt)  Net Transfer (MB/evt)  CPU Cores/Evt  Memory/Evt (MB)
count  48.00  48.000000          48.000000         48.000000           48.000000              48.000000             48.000000              48.000000      48.000000        48.000000
mean   24.50   4.333333          43.807182       1615.121934            0.000956               1.782451              1.849685               3.632136       0.230216       254.816271
std    14.00   1.117241           0.420527        961.859621            0.000586               0.668887              0.763792               1.405530       0.136319       112.756459
min     1.00   2.000000          43.287673        546.880195            0.000380               0.888672              0.562988               1.451660       0.079082       136.473800
25%    12.75   4.000000          43.500009        667.281161            0.000389               1.350435              1.280524               2.621641       0.096058       145.179350
50%    24.50   4.000000          43.655319       1625.467223            0.000851               1.782451              1.936522               3.727143       0.233224       253.353300
75%    36.25   5.000000          44.046710       2573.227446            0.001500               2.214468              2.519910               4.832698       0.366967       368.136150
max    48.00   7.000000          44.671130       2633.535825            0.001829               2.676230              3.325614               6.001844       0.371008       372.198400
