Workflow Construction Summary Table
========================================================================================================================

 Comp  Groups Wall Time/Evt (s) CPU Time/Evt (s) Throughput (evt/s) Write Remote (MB/evt) Read Remote (MB/evt) Net Transfer (MB/evt) CPU Cores/Evt Memory/Evt (MB)
    1       1            7.0871         451.3280             0.0022                  0.45                 0.00                  0.45        0.0155           15.50
    2       2            7.0786         447.3422             0.0022                  0.45                 0.06                  0.51        0.0154           15.40
    3       2            7.0948         425.0319             0.0024                  0.45                 0.38                  0.83        0.0147           14.74
    4       2            7.2003         212.6101             0.0047                  1.23                 0.78                  2.01        0.0071            7.22
    5       2            7.4566         186.5130             0.0054                  2.54                 2.09                  4.63        0.0058            7.22
    6       3            7.1003         425.0541             0.0024                  0.45                 0.44                  0.89        0.0147           14.74
    7       3            7.2000         209.1414             0.0048                  1.23                 0.85                  2.08        0.0070            7.12
    8       3            7.4587         183.1993             0.0055                  2.54                 2.16                  4.70        0.0057            7.12
    9       3            7.2254         187.2116             0.0053                  1.23                 1.16                  2.39        0.0062            6.45
   10       3            7.4868         161.6466             0.0062                  2.54                 2.47                  5.01        0.0050            6.46
   11       3            7.6042         160.3408             0.0062                  3.32                 2.88                  6.20        0.0049            5.35
   12       4            7.2310         187.2337             0.0053                  1.23                 1.23                  2.46        0.0062            6.45
   13       4            7.4924         161.6687             0.0062                  2.54                 2.53                  5.07        0.0050            6.46
   14       4            7.6063         157.0287             0.0064                  3.32                 2.94                  6.26        0.0048            5.27
   15       4            7.6344         135.4744             0.0074                  3.32                 3.25                  6.58        0.0041            4.60
   16       5            7.6399         135.4966             0.0074                  3.32                 3.32                  6.64        0.0041            4.60

Summary Statistics:
------------------------------------------------------------------------------------------------------------------------
            Comp     Groups  Wall Time/Evt (s)  CPU Time/Evt (s)  Throughput (evt/s)  Write Remote (MB/evt)  Read Remote (MB/evt)  Net Transfer (MB/evt)  CPU Cores/Evt  Memory/Evt (MB)
count  16.000000  16.000000          16.000000         16.000000           16.000000              16.000000             16.000000              16.000000      16.000000        16.000000
mean    8.500000   3.000000           7.349811        239.145067            0.004993               1.884766              1.659039               3.543805       0.007888         8.419650
std     4.760952   1.032796           0.216374        120.231002            0.001783               1.152134              1.171266               2.315076       0.004366         4.075197
min     1.000000   1.000000           7.078643        135.474439            0.002216               0.449219              0.000000               0.449219       0.004071         4.598800
25%     4.750000   2.000000           7.175058        161.320148            0.004116               1.035156              0.697978               1.733134       0.004980         6.176500
50%     8.500000   3.000000           7.343802        186.862282            0.005352               1.884766              1.659575               3.544341       0.006038         6.790600
75%    12.250000   4.000000           7.520327        265.715583            0.006199               2.734375              2.619342               5.353717       0.008978         9.100600
max    16.000000   5.000000           7.639948        451.327953            0.007381               3.320312              3.318399               6.638712       0.015501        15.500800
