Workflow Construction Summary Table
========================================================================================================================

 Comp  Groups Wall Time/Evt (s) CPU Time/Evt (s) Throughput (evt/s) Write Remote (MB/evt) Read Remote (MB/evt) Net Transfer (MB/evt) CPU Cores/Evt Memory/Evt (MB)
    1       1            7.8354         489.9485             0.0020                  0.45                 0.00                  0.45        0.1287          128.74
    2       2            7.7116         479.1384             0.0021                  0.45                 0.06                  0.51        0.1278          127.89
    3       2            7.5882         448.9479             0.0022                  0.45                 0.39                  0.84        0.1217          122.42
    4       2            7.5164         220.8302             0.0045                  1.23                 0.80                  2.03        0.0589           60.04
    5       2            7.5123         179.2756             0.0056                  2.54                 2.14                  4.68        0.0487           60.13
    6       3            7.5812         448.9433             0.0022                  0.45                 0.45                  0.90        0.1217          122.40
    7       3            7.4606         214.2168             0.0047                  1.23                 0.87                  2.10        0.0581           59.24
    8       3            7.4766         173.9400             0.0057                  2.54                 2.20                  4.74        0.0478           59.33
    9       3            7.4082         188.6012             0.0053                  1.23                 1.19                  2.42        0.0519           53.74
   10       3            7.4503         149.9894             0.0067                  2.54                 2.53                  5.06        0.0417           53.86
   11       3            7.4281         150.9169             0.0066                  3.32                 2.94                  6.26        0.0409           44.62
   12       4            7.4015         188.6416             0.0053                  1.23                 1.25                  2.48        0.0520           53.75
   13       4            7.4434         149.9843             0.0067                  2.54                 2.59                  5.13        0.0418           53.85
   14       4            7.3924         145.5396             0.0069                  3.32                 3.01                  6.33        0.0401           43.81
   15       4            7.3650         121.5969             0.0082                  3.32                 3.33                  6.65        0.0340           38.35
   16       5            7.3587         121.6589             0.0082                  3.32                 3.39                  6.71        0.0340           38.37

Summary Statistics:
------------------------------------------------------------------------------------------------------------------------
            Comp     Groups  Wall Time/Evt (s)  CPU Time/Evt (s)  Throughput (evt/s)  Write Remote (MB/evt)  Read Remote (MB/evt)  Net Transfer (MB/evt)  CPU Cores/Evt  Memory/Evt (MB)
count  16.000000  16.000000          16.000000         16.000000           16.000000              16.000000             16.000000              16.000000      16.000000        16.000000
mean    8.500000   3.000000           7.495618        242.010592            0.005187               1.884763              1.695481               3.580243       0.065623        70.033275
std     4.760952   1.032796           0.129771        137.201465            0.002097               1.152138              1.196950               2.340650       0.036174        33.768722
min     1.000000   1.000000           7.358665        121.596852            0.002041               0.449172              0.000000               0.449172       0.033968        38.345200
25%     4.750000   2.000000           7.406533        149.988097            0.003953               1.035156              0.713206               1.748363       0.041539        51.459300
50%     8.500000   3.000000           7.455424        183.938437            0.005440               1.884766              1.694654               3.579420       0.050320        56.550200
75%    12.250000   4.000000           7.532618        277.858481            0.006667               2.734375              2.678389               5.412764       0.074631        75.701100
max    16.000000   5.000000           7.835401        489.948505            0.008224               3.320312              3.391020               6.711332       0.128742       128.742400
