Workflow Construction Summary Table
========================================================================================================================

 Comp  Groups Wall Time/Evt (s) CPU Time/Evt (s) Throughput (evt/s) Write Remote (MB/evt) Read Remote (MB/evt) Net Transfer (MB/evt) CPU Cores/Evt Memory/Evt (MB)
    1       2           39.4560        2429.0123             0.0004                  0.89                 0.54                  1.43        0.0561           56.26
    2       2           39.4560        2429.0123             0.0004                  0.89                 0.54                  1.43        0.0561           56.26
    3       3           39.4690        2428.1101             0.0004                  0.89                 0.69                  1.58        0.0561           56.20
    4       3           39.4690        2428.1101             0.0004                  0.89                 0.69                  1.58        0.0561           56.20
    5       3           39.3996        2405.9248             0.0004                  0.89                 0.69                  1.58        0.0556           55.77
    6       3           39.3996        2405.9248             0.0004                  0.89                 0.69                  1.58        0.0556           55.77
    7       3           39.5272        2427.8702             0.0004                  1.50                 1.16                  2.66        0.0560           56.16
    8       3           39.5272        2427.8702             0.0004                  1.50                 1.16                  2.66        0.0560           56.16
    9       3           39.3946        2342.3573             0.0004                  0.89                 1.08                  1.97        0.0542           54.58
   10       3           39.5371         732.2058             0.0014                  2.06                 1.72                  3.78        0.0167           22.50
   11       3           39.5371         732.2058             0.0014                  2.06                 1.72                  3.78        0.0167           22.50
   12       4           39.4126        2405.0224             0.0004                  0.89                 0.83                  1.72        0.0556           55.71
   13       4           39.4126        2405.0224             0.0004                  0.89                 0.83                  1.72        0.0556           55.71
   14       4           39.5403        2426.9680             0.0004                  1.50                 1.31                  2.81        0.0560           56.10
   15       4           39.5403        2426.9680             0.0004                  1.50                 1.31                  2.81        0.0560           56.10
   16       4           39.4078        2341.7021             0.0004                  0.89                 1.23                  2.12        0.0542           54.54
   17       4           39.4078        2341.7021             0.0004                  0.89                 1.23                  2.12        0.0542           54.54
   18       4           39.4712        2404.8157             0.0004                  1.50                 1.31                  2.81        0.0555           55.72
   19       4           39.4712        2404.8157             0.0004                  1.50                 1.31                  2.81        0.0555           55.72
   20       4           39.5502         731.3036             0.0014                  2.06                 1.87                  3.93        0.0167           22.44
   21       4           39.6187         611.3495             0.0016                  2.68                 2.34                  5.01        0.0139           22.48
   22       4           39.5502         731.3036             0.0014                  2.06                 1.87                  3.93        0.0167           22.44
   23       4           39.6187         611.3495             0.0016                  2.68                 2.34                  5.01        0.0139           22.48
   24       4           39.5414         712.1507             0.0014                  2.06                 1.87                  3.93        0.0162           22.05
   25       4           39.5414         712.1507             0.0014                  2.06                 1.87                  3.93        0.0162           22.05
   26       4           39.5726         651.6972             0.0015                  2.06                 2.26                  4.32        0.0149           20.86
   27       4           39.4679        2341.6055             0.0004                  1.50                 1.70                  3.20        0.0541           54.51
   28       5           39.4206        2340.7994             0.0004                  0.89                 1.37                  2.26        0.0542           54.48
   29       5           39.4842        2403.9133             0.0004                  1.50                 1.45                  2.96        0.0555           55.67
   30       5           39.4842        2403.9133             0.0004                  1.50                 1.45                  2.96        0.0555           55.67
   31       5           39.6318         610.4473             0.0016                  2.68                 2.48                  5.16        0.0139           22.43
   32       5           39.6318         610.4473             0.0016                  2.68                 2.48                  5.16        0.0139           22.43
   33       5           39.5545         711.2485             0.0014                  2.06                 2.01                  4.07        0.0162           22.00
   34       5           39.5545         711.2485             0.0014                  2.06                 2.01                  4.07        0.0162           22.00
   35       5           39.5857         650.7813             0.0015                  2.06                 2.41                  4.47        0.0148           20.80
   36       5           39.5857         650.7813             0.0015                  2.06                 2.41                  4.47        0.0148           20.80
   37       5           39.4810        2340.6896             0.0004                  1.50                 1.85                  3.35        0.0541           54.45
   38       5           39.4810        2340.6896             0.0004                  1.50                 1.85                  3.35        0.0541           54.45
   39       5           39.6231         591.2944             0.0017                  2.68                 2.49                  5.16        0.0134           22.04
   40       5           39.6231         591.2944             0.0017                  2.68                 2.49                  5.16        0.0134           22.04
   41       5           39.6542         530.8409             0.0019                  2.68                 2.88                  5.55        0.0121           20.84
   42       6           39.5985         649.8787             0.0015                  2.06                 2.55                  4.61        0.0148           20.75
   43       6           39.4939        2339.7869             0.0004                  1.50                 1.99                  3.50        0.0541           54.40
   44       6           39.6361         590.3922             0.0017                  2.68                 2.63                  5.31        0.0134           21.98
   45       6           39.6361         590.3922             0.0017                  2.68                 2.63                  5.31        0.0134           21.98
   46       6           39.6673         529.9250             0.0019                  2.68                 3.02                  5.70        0.0120           20.79
   47       6           39.6673         529.9250             0.0019                  2.68                 3.02                  5.70        0.0120           20.79
   48       7           39.6802         529.0224             0.0019                  2.68                 3.17                  5.85        0.0120           20.74

Summary Statistics:
------------------------------------------------------------------------------------------------------------------------
        Comp     Groups  Wall Time/Evt (s)  CPU Time/Evt (s)  Throughput (evt/s)  Write Remote (MB/evt)  Read Remote (MB/evt)  Net Transfer (MB/evt)  CPU Cores/Evt  Memory/Evt (MB)
count  48.00  48.000000          48.000000         48.000000           48.000000              48.000000             48.000000              48.000000      48.000000        48.000000
mean   24.50   4.333333          39.530678       1514.505048            0.001003               1.782451              1.766016               3.548468       0.034877        38.611275
std    14.00   1.117241           0.083602        887.913283            0.000604               0.668887              0.727420               1.369678       0.020619        17.045344
min     1.00   2.000000          39.394647        529.022403            0.000412               0.888672              0.540679               1.429351       0.012019        20.736200
25%    12.75   4.000000          39.469047        640.246390            0.000416               1.350435              1.227453               2.563597       0.014590        22.028150
50%    24.50   4.000000          39.538714       1535.996373            0.000897               1.782451              1.846314               3.637901       0.035395        38.446700
75%    36.25   5.000000          39.603588       2404.867373            0.001563               2.214468              2.405234               4.712501       0.055541        55.716150
max    48.00   7.000000          39.680161       2429.012304            0.001890               2.676230              3.170594               5.846825       0.056072        56.256800
