Workflow Construction Summary Table
========================================================================================================================

 Comp  Groups Wall Time/Evt (s) CPU Time/Evt (s) Throughput (evt/s) Write Remote (MB/evt) Read Remote (MB/evt) Net Transfer (MB/evt) CPU Cores/Evt Memory/Evt (MB)
    1       1            7.3993          57.9521             0.0173                  0.45                 0.00                  0.45        0.0040            4.00
    2       2            7.3750          57.7629             0.0173                  0.45                 0.06                  0.51        0.0040            4.00
    3       2            7.3762          57.7736             0.0173                  0.45                 0.38                  0.83        0.0040            4.00
    4       2            7.7542          60.7323             0.0165                  2.54                 2.13                  4.67        0.0040            4.01
    5       2            7.4830          58.6069             0.0171                  1.23                 0.80                  2.03        0.0040            4.00
    6       3            7.3810          57.8117             0.0173                  0.45                 0.45                  0.89        0.0040            4.01
    7       3            7.7516          60.7131             0.0165                  2.54                 2.20                  4.74        0.0040            4.01
    8       3            7.4754          58.5487             0.0171                  1.23                 0.86                  2.09        0.0040            4.01
    9       3            7.7778          60.9167             0.0164                  2.54                 2.52                  5.06        0.0040            4.01
   10       3            7.4948          58.7015             0.0170                  1.23                 1.18                  2.41        0.0040            4.01
   11       3            7.8969          61.8461             0.0162                  3.32                 2.93                  6.25        0.0040            4.01
   12       4            7.7828          60.9554             0.0164                  2.54                 2.58                  5.12        0.0040            4.01
   13       4            7.4996          58.7392             0.0170                  1.23                 1.25                  2.48        0.0040            4.01
   14       4            7.8949          61.8296             0.0162                  3.32                 3.00                  6.32        0.0040            4.01
   15       4            7.9207          62.0315             0.0161                  3.32                 3.32                  6.64        0.0040            4.01
   16       5            7.9254          62.0694             0.0161                  3.32                 3.38                  6.70        0.0040            4.01

Summary Statistics:
------------------------------------------------------------------------------------------------------------------------
            Comp     Groups  Wall Time/Evt (s)  CPU Time/Evt (s)  Throughput (evt/s)  Write Remote (MB/evt)  Read Remote (MB/evt)  Net Transfer (MB/evt)  CPU Cores/Evt  Memory/Evt (MB)
count  16.000000  16.000000          16.000000         16.000000           16.000000              16.000000             16.000000              16.000000      16.000000         16.00000
mean    8.500000   3.000000           7.636798         59.811918            0.016732               1.884766              1.690722               3.575488       0.004008          4.00800
std     4.760952   1.032796           0.218058          1.706137            0.000476               1.152134              1.195276               2.339051       0.000003          0.00274
min     1.000000   1.000000           7.375042         57.762926            0.016111               0.449219              0.000000               0.449219       0.004003          4.00320
25%     4.750000   2.000000           7.456395         58.399566            0.016347               1.035156              0.710412               1.745568       0.004006          4.00600
50%     8.500000   3.000000           7.625625         59.726141            0.016748               1.884766              1.690104               3.574869       0.004008          4.00800
75%    12.250000   4.000000           7.810813         61.173939            0.017124               2.734375              2.671950               5.406325       0.004010          4.00960
max    16.000000   5.000000           7.925436         62.069385            0.017312               3.320312              3.384044               6.704357       0.004013          4.01280
