Workflow Construction Summary Table
========================================================================================================================

 Comp  Groups Wall Time/Evt (s) CPU Time/Evt (s) Throughput (evt/s) Write Remote (MB/evt) Read Remote (MB/evt) Net Transfer (MB/evt) CPU Cores/Evt Memory/Evt (MB)
    1       2           42.7772        2526.7265             0.0004                  0.89                 0.57                  1.46        0.0306           30.69
    2       2           42.7772        2526.7265             0.0004                  0.89                 0.57                  1.46        0.0306           30.69
    3       3           42.7812        2526.3519             0.0004                  0.89                 0.72                  1.61        0.0306           30.67
    4       3           42.7812        2526.3519             0.0004                  0.89                 0.72                  1.61        0.0306           30.67
    5       3           42.6948        2503.7787             0.0004                  0.89                 0.72                  1.61        0.0303           30.43
    6       3           42.6948        2503.7787             0.0004                  0.89                 0.72                  1.61        0.0303           30.43
    7       3           42.7509        2522.8046             0.0004                  1.50                 1.21                  2.72        0.0306           30.67
    8       3           42.7509        2522.8046             0.0004                  1.50                 1.21                  2.72        0.0306           30.67
    9       3           42.6664        2439.7944             0.0004                  0.89                 1.13                  2.02        0.0296           29.76
   10       3           42.6303         751.5295             0.0013                  2.06                 1.79                  3.85        0.0091           12.31
   11       3           42.6303         751.5295             0.0013                  2.06                 1.79                  3.85        0.0091           12.31
   12       4           42.7101        2502.8564             0.0004                  0.89                 0.88                  1.77        0.0303           30.40
   13       4           42.7101        2502.8564             0.0004                  0.89                 0.88                  1.77        0.0303           30.40
   14       4           42.7642        2521.8767             0.0004                  1.50                 1.37                  2.88        0.0306           30.63
   15       4           42.7642        2521.8767             0.0004                  1.50                 1.37                  2.88        0.0306           30.63
   16       4           42.6735        2439.3881             0.0004                  0.89                 1.28                  2.17        0.0296           29.74
   17       4           42.6735        2439.3881             0.0004                  0.89                 1.28                  2.17        0.0296           29.74
   18       4           42.7200        2502.1274             0.0004                  1.50                 1.36                  2.86        0.0304           30.46
   19       4           42.7200        2502.1274             0.0004                  1.50                 1.36                  2.86        0.0304           30.46
   20       4           42.6434         749.9672             0.0013                  2.06                 1.95                  4.01        0.0091           12.26
   21       4           42.6915         625.7576             0.0016                  2.68                 2.45                  5.12        0.0076           12.32
   22       4           42.6434         749.9672             0.0013                  2.06                 1.95                  4.01        0.0091           12.26
   23       4           42.6915         625.7576             0.0016                  2.68                 2.45                  5.12        0.0076           12.32
   24       4           42.6218         730.5670             0.0014                  2.06                 1.94                  4.00        0.0089           12.07
   25       4           42.6218         730.5670             0.0014                  2.06                 1.94                  4.00        0.0089           12.07
   26       4           42.6340         666.3092             0.0015                  2.06                 2.33                  4.39        0.0081           11.37
   27       4           42.6692        2438.5789             0.0004                  1.50                 1.76                  3.27        0.0296           29.79
   28       5           42.6645        2439.5436             0.0004                  0.89                 1.43                  2.32        0.0296           29.73
   29       5           42.7356        2501.2051             0.0004                  1.50                 1.52                  3.02        0.0303           30.42
   30       5           42.7356        2501.2051             0.0004                  1.50                 1.52                  3.02        0.0303           30.42
   31       5           42.6559         624.7580             0.0016                  2.68                 2.59                  5.27        0.0076           12.29
   32       5           42.6559         624.7580             0.0016                  2.68                 2.59                  5.27        0.0076           12.29
   33       5           42.6381         729.6092             0.0014                  2.06                 2.10                  4.16        0.0089           12.02
   34       5           42.6381         729.6092             0.0014                  2.06                 2.10                  4.16        0.0089           12.02
   35       5           42.6339         665.2759             0.0015                  2.06                 2.50                  4.56        0.0081           11.32
   36       5           42.6339         665.2759             0.0015                  2.06                 2.50                  4.56        0.0081           11.32
   37       5           42.7251        2440.3838             0.0004                  1.50                 1.91                  3.41        0.0296           29.83
   38       5           42.7251        2440.3838             0.0004                  1.50                 1.91                  3.41        0.0296           29.83
   39       5           42.5818         605.7337             0.0017                  2.68                 2.58                  5.26        0.0074           12.07
   40       5           42.5818         605.7337             0.0017                  2.68                 2.58                  5.26        0.0074           12.07
   41       5           42.5602         542.1096             0.0018                  2.68                 3.00                  5.67        0.0066           11.38
   42       6           42.6455         664.3872             0.0015                  2.06                 2.65                  4.71        0.0081           11.31
   43       6           42.7149        2437.8782             0.0004                  1.50                 2.07                  3.58        0.0296           29.76
   44       6           42.6155         603.8083             0.0017                  2.68                 2.75                  5.42        0.0073           12.02
   45       6           42.6155         603.8083             0.0017                  2.68                 2.75                  5.42        0.0073           12.02
   46       6           42.5736         541.2124             0.0018                  2.68                 3.15                  5.83        0.0066           11.35
   47       6           42.5736         541.2124             0.0018                  2.68                 3.15                  5.83        0.0066           11.35
   48       7           42.5774         540.3137             0.0019                  2.68                 3.30                  5.98        0.0066           11.35

Summary Statistics:
------------------------------------------------------------------------------------------------------------------------
        Comp     Groups  Wall Time/Evt (s)  CPU Time/Evt (s)  Throughput (evt/s)  Write Remote (MB/evt)  Read Remote (MB/evt)  Net Transfer (MB/evt)  CPU Cores/Evt  Memory/Evt (MB)
count  48.00  48.000000          48.000000         48.000000           48.000000              48.000000             48.000000              48.000000      48.000000        48.000000
mean   24.50   4.333333          42.674343       1570.840636            0.000976               1.782451              1.840710               3.623161       0.019053        21.091083
std    14.00   1.117241           0.062157        929.445878            0.000594               0.668887              0.755088               1.397342       0.011250         9.302804
min     1.00   2.000000          42.560222        540.313717            0.000396               0.888672              0.569585               1.458257       0.006587        11.308400
25%    12.75   4.000000          42.632962        654.729812            0.000400               1.350435              1.284385               2.617534       0.007952        12.056600
50%    24.50   4.000000          42.667799       1594.703864            0.000870               1.782451              1.908100               3.711750       0.019350        21.025400
75%    36.25   5.000000          42.721276       2502.309633            0.001528               2.214468              2.495418               4.810459       0.030324        30.424700
max    48.00   7.000000          42.781164       2526.726532            0.001851               2.676230              3.304121               5.980352       0.030587        30.689200
