Workflow Construction Summary Table
========================================================================================================================

 Comp  Groups Wall Time/Evt (s) CPU Time/Evt (s) Throughput (evt/s) Write Remote (MB/evt) Read Remote (MB/evt) Net Transfer (MB/evt) CPU Cores/Evt Memory/Evt (MB)
    1       2           42.2876         165.0240             0.0061                  0.89                 0.55                  1.44        0.0227           45.33
    2       2           42.2876         165.0240             0.0061                  0.89                 0.55                  1.44        0.0227           45.33
    3       3           42.2763         164.9798             0.0061                  0.89                 0.70                  1.59        0.0227           45.33
    4       3           42.2763         164.9798             0.0061                  0.89                 0.70                  1.59        0.0227           45.33
    5       3           41.9464         163.6959             0.0061                  0.89                 0.70                  1.59        0.0226           45.23
    6       3           41.9464         163.6959             0.0061                  0.89                 0.70                  1.59        0.0226           45.23
    7       3           41.9485         163.7088             0.0061                  1.50                 1.18                  2.69        0.0226           45.14
    8       3           41.9485         163.7088             0.0061                  1.50                 1.18                  2.69        0.0226           45.14
    9       3           41.6199         162.4163             0.0062                  0.89                 1.10                  1.98        0.0227           45.32
   10       3           41.3442         161.3819             0.0062                  2.06                 1.75                  3.81        0.0226           45.22
   11       3           41.3442         161.3819             0.0062                  2.06                 1.75                  3.81        0.0226           45.22
   12       4           41.9286         163.6387             0.0061                  0.89                 0.85                  1.74        0.0226           45.23
   13       4           41.9286         163.6387             0.0061                  0.89                 0.85                  1.74        0.0226           45.23
   14       4           41.9332         163.6566             0.0061                  1.50                 1.33                  2.84        0.0226           45.14
   15       4           41.9332         163.6566             0.0061                  1.50                 1.33                  2.84        0.0226           45.14
   16       4           41.5965         162.3478             0.0062                  0.89                 1.24                  2.13        0.0227           45.30
   17       4           41.5965         162.3478             0.0062                  0.89                 1.24                  2.13        0.0227           45.30
   18       4           41.6185         162.4225             0.0062                  1.50                 1.33                  2.84        0.0226           45.27
   19       4           41.6185         162.4225             0.0062                  1.50                 1.33                  2.84        0.0226           45.27
   20       4           41.3325         161.3370             0.0062                  2.06                 1.90                  3.96        0.0226           45.22
   21       4           41.0432         160.2768             0.0062                  2.68                 2.38                  5.06        0.0225           45.08
   22       4           41.3325         161.3370             0.0062                  2.06                 1.90                  3.96        0.0226           45.22
   23       4           41.0432         160.2768             0.0062                  2.68                 2.38                  5.06        0.0225           45.08
   24       4           41.2787         161.1245             0.0062                  2.06                 1.90                  3.96        0.0226           45.23
   25       4           41.2787         161.1245             0.0062                  2.06                 1.90                  3.96        0.0226           45.23
   26       4           41.2047         160.8813             0.0062                  2.06                 2.30                  4.36        0.0226           45.20
   27       4           41.2956         161.1594             0.0062                  1.50                 1.73                  3.24        0.0226           45.14
   28       5           41.5987         162.3305             0.0062                  0.89                 1.40                  2.28        0.0227           45.32
   29       5           41.6026         162.3691             0.0062                  1.50                 1.48                  2.99        0.0226           45.27
   30       5           41.6026         162.3691             0.0062                  1.50                 1.48                  2.99        0.0226           45.27
   31       5           41.0306         160.2298             0.0062                  2.68                 2.53                  5.21        0.0225           45.08
   32       5           41.0306         160.2298             0.0062                  2.68                 2.53                  5.21        0.0225           45.08
   33       5           41.2664         161.0781             0.0062                  2.06                 2.05                  4.11        0.0226           45.23
   34       5           41.2664         161.0781             0.0062                  2.06                 2.05                  4.11        0.0226           45.23
   35       5           41.1846         160.8196             0.0062                  2.06                 2.45                  4.51        0.0226           45.19
   36       5           41.1846         160.8196             0.0062                  2.06                 2.45                  4.51        0.0226           45.19
   37       5           41.2798         161.1062             0.0062                  1.50                 1.88                  3.39        0.0226           45.14
   38       5           41.2798         161.1062             0.0062                  1.50                 1.88                  3.39        0.0226           45.14
   39       5           40.9736         160.0110             0.0062                  2.68                 2.53                  5.21        0.0225           45.09
   40       5           40.9736         160.0110             0.0062                  2.68                 2.53                  5.21        0.0225           45.09
   41       5           40.9239         159.8166             0.0063                  2.68                 2.93                  5.61        0.0225           45.09
   42       6           41.1722         160.7730             0.0062                  2.06                 2.60                  4.66        0.0226           45.20
   43       6           41.2613         161.0476             0.0062                  1.50                 2.03                  3.54        0.0226           45.14
   44       6           40.9629         159.9680             0.0063                  2.68                 2.68                  5.36        0.0225           45.09
   45       6           40.9629         159.9680             0.0063                  2.68                 2.68                  5.36        0.0225           45.09
   46       6           40.9125         159.7720             0.0063                  2.68                 3.08                  5.76        0.0225           45.08
   47       6           40.9125         159.7720             0.0063                  2.68                 3.08                  5.76        0.0225           45.08
   48       7           40.8953         159.7160             0.0063                  2.68                 3.23                  5.91        0.0225           45.08

Summary Statistics:
------------------------------------------------------------------------------------------------------------------------
        Comp     Groups  Wall Time/Evt (s)  CPU Time/Evt (s)  Throughput (evt/s)  Write Remote (MB/evt)  Read Remote (MB/evt)  Net Transfer (MB/evt)  CPU Cores/Evt  Memory/Evt (MB)
count  48.00  48.000000          48.000000         48.000000           48.000000              48.000000             48.000000              48.000000      48.000000        48.000000
mean   24.50   4.333333          41.447213        161.792438            0.006181               1.782451              1.799123               3.581574       0.022597        45.193633
std    14.00   1.117241           0.418354          1.594566            0.000061               0.668887              0.741821               1.383980       0.000042         0.083663
min     1.00   2.000000          40.895329        159.716031            0.006060               0.888672              0.549900               1.438572       0.022538        45.076800
25%    12.75   4.000000          41.139923        160.648963            0.006145               1.350435              1.243478               2.585984       0.022563        45.125600
50%    24.50   4.000000          41.314061        161.248188            0.006202               1.782451              1.883660               3.676261       0.022605        45.210400
75%    36.25   5.000000          41.697062        162.726541            0.006225               2.214468              2.449559               4.759337       0.022621        45.242800
max    48.00   7.000000          42.287610        165.023984            0.006261               2.676230              3.229202               5.905433       0.022666        45.332800
