Workflow Construction Summary Table
========================================================================================================================

 Comp  Groups Wall Time/Evt (s) CPU Time/Evt (s) Throughput (evt/s) Write Remote (MB/evt) Read Remote (MB/evt) Net Transfer (MB/evt) CPU Cores/Evt Memory/Evt (MB)
    1       1            7.0395          55.9676             0.0179                  0.45                 0.00                  0.45        0.0013            1.29
    2       2            7.0302          55.6906             0.0180                  0.45                 0.06                  0.51        0.0013            1.29
    3       2            7.0233          54.2167             0.0184                  0.45                 0.38                  0.83        0.0013            1.26
    4       2            7.0554          47.9420             0.0209                  2.54                 2.09                  4.63        0.0011            1.18
    5       2            7.0295          43.3354             0.0231                  1.23                 0.78                  2.01        0.0010            0.85
    6       3            7.0234          53.5072             0.0187                  0.45                 0.44                  0.89        0.0012            1.26
    7       3            7.0532          47.9332             0.0209                  2.54                 2.16                  4.70        0.0011            1.18
    8       3            7.0256          43.3201             0.0231                  1.23                 0.85                  2.08        0.0010            0.84
    9       3            7.0541          47.9371             0.0209                  2.54                 2.47                  5.01        0.0011            1.14
   10       3            7.0246          43.3159             0.0231                  1.23                 1.16                  2.39        0.0010            0.81
   11       3            7.0641          43.4736             0.0230                  3.32                 2.88                  6.20        0.0010            0.83
   12       4            7.0542          47.2276             0.0212                  2.54                 2.53                  5.07        0.0011            1.15
   13       4            7.0246          42.6063             0.0235                  1.23                 1.22                  2.45        0.0010            0.81
   14       4            7.0619          43.4646             0.0230                  3.32                 2.94                  6.26        0.0010            0.82
   15       4            7.0629          43.4686             0.0230                  3.32                 3.26                  6.58        0.0010            0.79
   16       5            7.0630          42.7591             0.0234                  3.32                 3.32                  6.64        0.0010            0.79

Summary Statistics:
------------------------------------------------------------------------------------------------------------------------
            Comp     Groups  Wall Time/Evt (s)  CPU Time/Evt (s)  Throughput (evt/s)  Write Remote (MB/evt)  Read Remote (MB/evt)  Net Transfer (MB/evt)  CPU Cores/Evt  Memory/Evt (MB)
count  16.000000  16.000000          16.000000         16.000000           16.000000              16.000000             16.000000              16.000000      16.000000        16.000000
mean    8.500000   3.000000           7.043091         47.260360            0.021364               1.884766              1.659181               3.543947       0.001096         1.017950
std     4.760952   1.032796           0.016762          4.947804            0.002094               1.152134              1.171981               2.315815       0.000114         0.212541
min     1.000000   1.000000           7.023296         42.606340            0.017867               0.449219              0.000000               0.449219       0.000991         0.787600
25%     4.750000   2.000000           7.025386         43.331560            0.020316               1.035156              0.697434               1.732590       0.001007         0.817500
50%     8.500000   3.000000           7.046322         45.350635            0.022088               1.884766              1.658780               3.543546       0.001051         0.996300
75%    12.250000   4.000000           7.056996         49.333306            0.023078               2.734375              2.620874               5.355249       0.001144         1.200050
max    16.000000   5.000000           7.064149         55.967634            0.023471               3.320312              3.319258               6.639570       0.001294         1.294400
