Workflow Construction Summary Table
========================================================================================================================

 Comp  Groups Wall Time/Evt (s) CPU Time/Evt (s) Throughput (evt/s) Write Remote (MB/evt) Read Remote (MB/evt) Net Transfer (MB/evt) CPU Cores/Evt Memory/Evt (MB)
    1       1            7.2408          56.6772             0.0176                  0.45                 0.00                  0.45        0.0007            0.67
    2       2            7.2365          56.4049             0.0177                  0.45                 0.07                  0.52        0.0007            0.67
    3       2            7.2346          54.9378             0.0182                  0.45                 0.39                  0.84        0.0006            0.65
    4       2            7.2711          48.5848             0.0206                  2.54                 2.14                  4.68        0.0006            0.61
    5       2            7.2439          43.9390             0.0228                  1.23                 0.80                  2.03        0.0005            0.44
    6       3            7.2350          54.1950             0.0185                  0.45                 0.46                  0.91        0.0006            0.65
    7       3            7.2702          48.5815             0.0206                  2.54                 2.21                  4.75        0.0006            0.61
    8       3            7.2422          43.9325             0.0228                  1.23                 0.86                  2.09        0.0005            0.44
    9       3            7.2724          48.5900             0.0206                  2.54                 2.53                  5.07        0.0006            0.60
   10       3            7.2433          43.9368             0.0228                  1.23                 1.18                  2.41        0.0005            0.42
   11       3            7.2835          44.0943             0.0227                  3.32                 2.94                  6.26        0.0005            0.43
   12       4            7.2655          47.8398             0.0209                  2.54                 2.59                  5.13        0.0006            0.60
   13       4            7.2436          43.2287             0.0231                  1.23                 1.24                  2.47        0.0005            0.43
   14       4            7.2827          44.0912             0.0227                  3.32                 3.00                  6.32        0.0005            0.43
   15       4            7.2809          44.0918             0.0227                  3.32                 3.32                  6.64        0.0005            0.41
   16       5            7.2852          43.3567             0.0231                  3.32                 3.39                  6.71        0.0005            0.41

Summary Statistics:
------------------------------------------------------------------------------------------------------------------------
            Comp     Groups  Wall Time/Evt (s)  CPU Time/Evt (s)  Throughput (evt/s)  Write Remote (MB/evt)  Read Remote (MB/evt)  Net Transfer (MB/evt)  CPU Cores/Evt  Memory/Evt (MB)
count  16.000000  16.000000          16.000000         16.000000           16.000000              16.000000             16.000000              16.000000      16.000000        16.000000
mean    8.500000   3.000000           7.258214         47.905101            0.021075               1.884766              1.695555               3.580321       0.000566         0.527900
std     4.760952   1.032796           0.019684          4.986878            0.002054               1.152134              1.194664               2.338425       0.000059         0.108988
min     1.000000   1.000000           7.234606         43.228680            0.017644               0.449219              0.000000               0.449219       0.000512         0.408000
25%     4.750000   2.000000           7.241853         43.938452            0.020048               1.035156              0.713505               1.748662       0.000520         0.425500
50%     8.500000   3.000000           7.254711         45.967021            0.021791               1.884766              1.692357               3.577123       0.000543         0.517800
75%    12.250000   4.000000           7.274545         49.991209            0.022759               2.734375              2.676275               5.410650       0.000591         0.622000
max    16.000000   5.000000           7.285162         56.677154            0.023133               3.320312              3.386523               6.706835       0.000669         0.668800
