Workflow Construction Summary Table
========================================================================================================================

 Comp  Groups Wall Time/Evt (s) CPU Time/Evt (s) Throughput (evt/s) Write Remote (MB/evt) Read Remote (MB/evt) Net Transfer (MB/evt) CPU Cores/Evt Memory/Evt (MB)
    1       1            7.0483          56.3865             0.0177                  0.45                 0.00                  0.45        0.0038            3.84
    2       2            7.0195          55.9525             0.0179                  0.45                 0.06                  0.51        0.0038            3.82
    3       2            6.9877          43.2452             0.0231                  1.23                 0.78                  2.01        0.0030            2.52
    4       2            6.9929          54.3117             0.0184                  0.45                 0.38                  0.83        0.0037            3.72
    5       2            7.0122          47.8956             0.0209                  2.54                 2.09                  4.63        0.0033            3.49
    6       3            6.9919          53.5959             0.0187                  0.45                 0.44                  0.89        0.0037            3.72
    7       3            6.9750          43.1945             0.0232                  1.23                 0.84                  2.08        0.0030            2.50
    8       3            7.0074          43.3240             0.0231                  3.32                 2.87                  6.19        0.0030            2.44
    9       3            7.0043          47.8640             0.0209                  2.54                 2.15                  4.69        0.0033            3.48
   10       3            7.0009          47.8506             0.0209                  2.54                 2.47                  5.00        0.0033            3.38
   11       3            6.9656          43.1569             0.0232                  1.23                 1.16                  2.39        0.0030            2.40
   12       4            6.9999          47.1348             0.0212                  2.54                 2.53                  5.07        0.0032            3.38
   13       4            6.9645          42.4411             0.0236                  1.23                 1.22                  2.45        0.0029            2.40
   14       4            6.9995          43.2925             0.0231                  3.32                 2.93                  6.25        0.0030            2.43
   15       4            6.9961          43.2790             0.0231                  3.32                 3.25                  6.57        0.0030            2.33
   16       5            6.9951          42.5632             0.0235                  3.32                 3.31                  6.63        0.0029            2.33

Summary Statistics:
------------------------------------------------------------------------------------------------------------------------
            Comp     Groups  Wall Time/Evt (s)  CPU Time/Evt (s)  Throughput (evt/s)  Write Remote (MB/evt)  Read Remote (MB/evt)  Net Transfer (MB/evt)  CPU Cores/Evt  Memory/Evt (MB)
count  16.000000  16.000000          16.000000         16.000000           16.000000              16.000000             16.000000              16.000000      16.000000        16.000000
mean    8.500000   3.000000           6.997533         47.218001            0.021397               1.884766              1.655273               3.540039       0.003239         3.012300
std     4.760952   1.032796           0.020360          5.109944            0.002160               1.152134              1.168838               2.312666       0.000341         0.628762
min     1.000000   1.000000           6.964544         42.441068            0.017735               0.449219              0.000000               0.449219       0.002926         2.327600
25%     4.750000   2.000000           6.990804         43.232538            0.020324               1.035156              0.695801               1.730957       0.002974         2.420700
50%     8.500000   3.000000           6.997783         45.229423            0.022149               1.884766              1.655273               3.540039       0.003103         2.949400
75%    12.250000   4.000000           7.005034         49.320684            0.023131               2.734375              2.614746               5.349121       0.003379         3.552100
max    16.000000   5.000000           7.048312         56.386497            0.023562               3.320312              3.310547               6.630859       0.003835         3.835200
