Workflow Construction Summary Table
========================================================================================================================

 Comp  Groups Wall Time/Evt (s) CPU Time/Evt (s) Throughput (evt/s) Write Remote (MB/evt) Read Remote (MB/evt) Net Transfer (MB/evt) CPU Cores/Evt Memory/Evt (MB)
    1       1            7.4760          59.8084             0.0167                  0.45                 0.00                  0.45        0.0154           15.36
    2       2            7.3581          58.6613             0.0170                  0.45                 0.06                  0.51        0.0153           15.30
    3       2            7.2391          56.2592             0.0178                  0.45                 0.38                  0.83        0.0149           14.92
    4       2            7.1641          48.9115             0.0204                  2.54                 2.09                  4.63        0.0131           13.99
    5       2            7.1704          44.1355             0.0227                  1.23                 0.78                  2.01        0.0119           10.06
    6       3            7.2324          55.5205             0.0180                  0.45                 0.44                  0.89        0.0147           14.92
    7       3            7.1299          48.7747             0.0205                  2.54                 2.15                  4.69        0.0131           13.93
    8       3            7.1170          43.9219             0.0228                  1.23                 0.84                  2.08        0.0119           10.01
    9       3            7.1042          48.6719             0.0205                  2.54                 2.47                  5.00        0.0131           13.55
   10       3            7.0672          43.7224             0.0229                  1.23                 1.16                  2.39        0.0119            9.62
   11       3            7.0824          43.7834             0.0228                  3.32                 2.87                  6.19        0.0119            9.76
   12       4            7.0975          47.9332             0.0209                  2.54                 2.53                  5.07        0.0129           13.55
   13       4            7.0604          42.9837             0.0233                  1.23                 1.22                  2.45        0.0117            9.62
   14       4            7.0482          43.6467             0.0229                  3.32                 2.93                  6.25        0.0119            9.70
   15       4            7.0225          43.5438             0.0230                  3.32                 3.25                  6.57        0.0119            9.32
   16       5            7.0158          42.8051             0.0234                  3.32                 3.31                  6.63        0.0117            9.32

Summary Statistics:
------------------------------------------------------------------------------------------------------------------------
            Comp     Groups  Wall Time/Evt (s)  CPU Time/Evt (s)  Throughput (evt/s)  Write Remote (MB/evt)  Read Remote (MB/evt)  Net Transfer (MB/evt)  CPU Cores/Evt  Memory/Evt (MB)
count  16.000000  16.000000          16.000000         16.000000           16.000000              16.000000             16.000000              16.000000      16.000000        16.000000
mean    8.500000   3.000000           7.149092         48.317700            0.020972               1.884766              1.655273               3.540039       0.012963        12.058250
std     4.760952   1.032796           0.125264          5.981903            0.002381               1.152134              1.168838               2.312666       0.001371         2.521159
min     1.000000   1.000000           7.015803         42.805117            0.016720               0.449219              0.000000               0.449219       0.011704         9.318000
25%     4.750000   2.000000           7.065480         43.703454            0.019837               1.035156              0.695801               1.730957       0.011896         9.682500
50%     8.500000   3.000000           7.110624         46.034346            0.021760               1.884766              1.655273               3.540039       0.012418        11.806500
75%    12.250000   4.000000           7.185938         50.563740            0.022881               2.734375              2.614746               5.349121       0.013530        14.221750
max    16.000000   5.000000           7.476045         59.808359            0.023362               3.320312              3.310547               6.630859       0.015360        15.360000
