Workflow Construction Summary Table
========================================================================================================================

 Comp  Groups Wall Time/Evt (s) CPU Time/Evt (s) Throughput (evt/s) Write Remote (MB/evt) Read Remote (MB/evt) Net Transfer (MB/evt) CPU Cores/Evt Memory/Evt (MB)
    1       1            7.9560         478.3647             0.0021                  0.45                 0.00                  0.45        0.0116           11.65
    2       2            7.9951         476.0582             0.0021                  0.45                 0.06                  0.51        0.0117           11.69
    3       2            8.0237         451.4425             0.0022                  0.45                 0.42                  0.87        0.0111           11.15
    4       2            8.0875         225.4243             0.0044                  1.23                 0.83                  2.06        0.0054            5.51
    5       2            8.4008         198.0450             0.0050                  2.54                 2.23                  4.76        0.0044            5.47
    6       3            7.9870         451.3805             0.0022                  0.45                 0.47                  0.91        0.0111           11.15
    7       3            8.1331         223.4939             0.0045                  1.23                 0.90                  2.13        0.0054            5.54
    8       3            8.4537         196.4011             0.0051                  2.54                 2.32                  4.85        0.0044            5.50
    9       3            8.1586         198.9652             0.0050                  1.23                 1.25                  2.48        0.0048            5.00
   10       3            8.4881         173.6648             0.0058                  2.54                 2.66                  5.19        0.0039            5.03
   11       3            8.6005         170.4141             0.0059                  3.32                 3.07                  6.40        0.0038            4.15
   12       4            8.0900         198.8395             0.0050                  1.23                 1.28                  2.51        0.0048            5.00
   13       4            8.4945         173.6890             0.0058                  2.54                 2.72                  5.26        0.0039            5.05
   14       4            8.5598         168.8233             0.0059                  3.32                 3.14                  6.46        0.0038            4.15
   15       4            8.5223         142.8703             0.0070                  3.32                 3.44                  6.76        0.0033            3.67
   16       5            8.5571         142.5629             0.0070                  3.32                 3.52                  6.84        0.0031            3.56

Summary Statistics:
------------------------------------------------------------------------------------------------------------------------
            Comp     Groups  Wall Time/Evt (s)  CPU Time/Evt (s)  Throughput (evt/s)  Write Remote (MB/evt)  Read Remote (MB/evt)  Net Transfer (MB/evt)  CPU Cores/Evt  Memory/Evt (MB)
count  16.000000  16.000000          16.000000         16.000000           16.000000              16.000000             16.000000              16.000000      16.000000        16.000000
mean    8.500000   3.000000           8.281726        254.402447            0.004691               1.884766              1.769371               3.654137       0.006041         6.454750
std     4.760952   1.032796           0.244626        127.480726            0.001679               1.152134              1.247421               2.391032       0.003242         3.022397
min     1.000000   1.000000           7.955977        142.562899            0.002090               0.449219              0.000000               0.449219       0.003144         3.558000
25%     4.750000   2.000000           8.071525        172.852105            0.003881               1.035156              0.741434               1.776590       0.003882         4.785000
50%     8.500000   3.000000           8.279680        198.442234            0.005039               1.884766              1.754748               3.639513       0.004636         5.260000
75%    12.250000   4.000000           8.501417        281.913325            0.005786               2.734375              2.810041               5.544416       0.006837         6.945000
max    16.000000   5.000000           8.600454        478.364749            0.007014               3.320312              3.521116               6.841429       0.011668        11.688000
