Workflow Construction Summary Table
========================================================================================================================

 Comp  Groups Wall Time/Evt (s) CPU Time/Evt (s) Throughput (evt/s) Write Remote (MB/evt) Read Remote (MB/evt) Net Transfer (MB/evt) CPU Cores/Evt Memory/Evt (MB)
    1       1            7.9348          60.5081             0.0165                  0.45                 0.00                  0.45        0.0085            8.46
    2       2            7.8711          59.8011             0.0167                  0.45                 0.07                  0.52        0.0084            8.44
    3       2            7.8087          57.7528             0.0173                  0.45                 0.41                  0.86        0.0082            8.22
    4       2            7.8090          50.8729             0.0197                  2.54                 2.18                  4.72        0.0073            7.72
    5       2            7.7797          45.8427             0.0218                  1.23                 0.82                  2.05        0.0066            5.55
    6       3            7.8158          57.0761             0.0175                  0.45                 0.47                  0.92        0.0081            8.24
    7       3            7.7886          50.8135             0.0197                  2.54                 2.24                  4.78        0.0073            7.70
    8       3            7.7493          45.7300             0.0219                  1.23                 0.89                  2.12        0.0066            5.53
    9       3            7.7749          50.7522             0.0197                  2.54                 2.57                  5.11        0.0073            7.49
   10       3            7.7273          45.6278             0.0219                  1.23                 1.22                  2.45        0.0066            5.31
   11       3            7.7745          45.8131             0.0218                  3.32                 3.01                  6.33        0.0066            5.39
   12       4            7.7825          49.9739             0.0200                  2.54                 2.64                  5.18        0.0072            7.52
   13       4            7.7249          44.8585             0.0223                  1.23                 1.29                  2.52        0.0065            5.34
   14       4            7.7497          45.7309             0.0219                  3.32                 3.07                  6.39        0.0066            5.40
   15       4            7.7554          45.7080             0.0219                  3.32                 3.40                  6.72        0.0066            5.17
   16       5            7.7639          44.9604             0.0222                  3.32                 3.48                  6.80        0.0065            5.17

Summary Statistics:
------------------------------------------------------------------------------------------------------------------------
            Comp     Groups  Wall Time/Evt (s)  CPU Time/Evt (s)  Throughput (evt/s)  Write Remote (MB/evt)  Read Remote (MB/evt)  Net Transfer (MB/evt)  CPU Cores/Evt  Memory/Evt (MB)
count  16.000000  16.000000          16.000000         16.000000           16.000000              16.000000             16.000000              16.000000      16.000000        16.000000
mean    8.500000   3.000000           7.788135         50.113884            0.020177               1.884554              1.735857               3.620412       0.007169         6.665625
std     4.760952   1.032796           0.053431          5.651440            0.002114               1.151930              1.222265               2.365411       0.000747         1.383867
min     1.000000   1.000000           7.724907         44.858516            0.016527               0.449219              0.000000               0.449219       0.006482         5.165000
25%     4.750000   2.000000           7.753985         45.724525            0.019123               1.035156              0.732393               1.767549       0.006575         5.379750
50%     8.500000   3.000000           7.777286         47.908314            0.020912               1.883920              1.735298               3.620064       0.006890         6.518500
75%    12.250000   4.000000           7.808799         52.423711            0.021870               2.733952              2.732227               5.465333       0.007491         7.847750
max    16.000000   5.000000           7.934829         60.508086            0.022292               3.320312              3.484369               6.804682       0.008464         8.464000
