Workflow Construction Summary Table
========================================================================================================================

 Comp  Groups Wall Time/Evt (s) CPU Time/Evt (s) Throughput (evt/s) Write Remote (MB/evt) Read Remote (MB/evt) Net Transfer (MB/evt) CPU Cores/Evt Memory/Evt (MB)
    1       1            7.3072          57.2310             0.0175                  0.45                 0.00                  0.45        0.0027            2.67
    2       2            7.2877          56.8736             0.0176                  0.45                 0.06                  0.51        0.0027            2.68
    3       2            7.2700          55.2677             0.0181                  0.45                 0.39                  0.84        0.0026            2.59
    4       2            7.2968          48.8032             0.0205                  2.54                 2.13                  4.67        0.0023            2.44
    5       2            7.2702          44.1789             0.0226                  1.23                 0.79                  2.02        0.0021            1.75
    6       3            7.2696          54.5334             0.0183                  0.45                 0.45                  0.90        0.0026            2.60
    7       3            7.2724          48.7441             0.0205                  2.54                 2.19                  4.73        0.0023            2.43
    8       3            7.2618          44.1459             0.0227                  1.23                 0.86                  2.09        0.0021            1.75
    9       3            7.2901          48.7772             0.0205                  2.54                 2.52                  5.06        0.0023            2.36
   10       3            7.2564          44.1242             0.0227                  1.23                 1.18                  2.41        0.0021            1.67
   11       3            7.2979          44.2885             0.0226                  3.32                 2.91                  6.23        0.0021            1.71
   12       4            7.2899          48.0652             0.0208                  2.54                 2.59                  5.12        0.0023            2.38
   13       4            7.2558          43.3892             0.0230                  1.23                 1.24                  2.47        0.0021            1.67
   14       4            7.2729          44.2282             0.0226                  3.32                 2.97                  6.29        0.0021            1.70
   15       4            7.2911          44.2621             0.0226                  3.32                 3.30                  6.62        0.0021            1.63
   16       5            7.2909          43.5501             0.0230                  3.32                 3.37                  6.69        0.0021            1.65

Summary Statistics:
------------------------------------------------------------------------------------------------------------------------
            Comp     Groups  Wall Time/Evt (s)  CPU Time/Evt (s)  Throughput (evt/s)  Write Remote (MB/evt)  Read Remote (MB/evt)  Net Transfer (MB/evt)  CPU Cores/Evt  Memory/Evt (MB)
count  16.000000  16.000000          16.000000         16.000000           16.000000              16.000000             16.000000              16.000000      16.000000        16.000000
mean    8.500000   3.000000           7.280041         48.153902            0.020971               1.884766              1.684112               3.568878       0.002268         2.105187
std     4.760952   1.032796           0.015778          5.088513            0.002070               1.152134              1.188190               2.331688       0.000231         0.438027
min     1.000000   1.000000           7.255788         43.389162            0.017473               0.449219              0.000000               0.449219       0.002052         1.626000
25%     4.750000   2.000000           7.269866         44.170685            0.019952               1.035156              0.706866               1.742022       0.002088         1.692000
50%     8.500000   3.000000           7.280272         46.176839            0.021692               1.884766              1.688331               3.573097       0.002182         2.058500
75%    12.250000   4.000000           7.290935         50.235765            0.022639               2.734375              2.667447               5.401822       0.002357         2.480250
max    16.000000   5.000000           7.307247         57.230957            0.023047               3.320312              3.366973               6.687285       0.002676         2.676000
