Workflow Construction Summary Table
========================================================================================================================

 Comp  Groups Wall Time/Evt (s) CPU Time/Evt (s) Throughput (evt/s) Write Remote (MB/evt) Read Remote (MB/evt) Net Transfer (MB/evt) CPU Cores/Evt Memory/Evt (MB)
    1       1            7.2024          56.4094             0.0177                  0.45                 0.00                  0.45        0.0027            2.67
    2       2            7.2024          56.2095             0.0178                  0.45                 0.06                  0.51        0.0027            2.68
    3       2            7.2024          54.7664             0.0183                  0.45                 0.39                  0.84        0.0026            2.59
    4       2            7.2024          48.2368             0.0207                  2.54                 2.13                  4.67        0.0023            2.44
    5       2            7.2024          43.8367             0.0228                  1.23                 0.79                  2.02        0.0021            1.75
    6       3            7.2024          54.0448             0.0185                  0.45                 0.45                  0.90        0.0026            2.60
    7       3            7.1837          48.1994             0.0207                  2.54                 2.19                  4.73        0.0023            2.43
    8       3            7.2024          43.8367             0.0228                  1.23                 0.86                  2.09        0.0021            1.75
    9       3            7.2024          48.2368             0.0207                  2.54                 2.52                  5.06        0.0023            2.36
   10       3            7.2024          43.8800             0.0228                  1.23                 1.17                  2.40        0.0021            1.67
   11       3            7.2024          43.8368             0.0228                  3.32                 2.92                  6.24        0.0021            1.71
   12       4            7.2024          47.5368             0.0210                  2.54                 2.59                  5.12        0.0023            2.38
   13       4            7.2024          43.1584             0.0232                  1.23                 1.24                  2.47        0.0021            1.69
   14       4            7.1831          43.7982             0.0228                  3.32                 2.97                  6.29        0.0021            1.70
   15       4            7.2024          43.8368             0.0228                  3.32                 3.30                  6.62        0.0021            1.63
   16       5            7.2024          43.1368             0.0232                  3.32                 3.37                  6.69        0.0021            1.65

Summary Statistics:
------------------------------------------------------------------------------------------------------------------------
            Comp     Groups  Wall Time/Evt (s)  CPU Time/Evt (s)  Throughput (evt/s)  Write Remote (MB/evt)  Read Remote (MB/evt)  Net Transfer (MB/evt)  CPU Cores/Evt  Memory/Evt (MB)
count  16.000000  16.000000          16.000000         16.000000           16.000000              16.000000             16.000000              16.000000      16.000000        16.000000
mean    8.500000   3.000000           7.200013         47.685004            0.021172               1.884766              1.683948               3.568713       0.002270         2.105875
std     4.760952   1.032796           0.006485          4.968363            0.002060               1.152134              1.188607               2.332166       0.000230         0.437318
min     1.000000   1.000000           7.183083         43.136768            0.017728               0.449219              0.000000               0.449219       0.002068         1.626000
25%     4.750000   2.000000           7.202378         43.836748            0.020174               1.035156              0.706866               1.742022       0.002088         1.694750
50%     8.500000   3.000000           7.202389         45.708361            0.021913               1.884766              1.686769               3.571535       0.002182         2.058500
75%    12.250000   4.000000           7.202392         49.688769            0.022812               2.734375              2.668351               5.402726       0.002357         2.480250
max    16.000000   5.000000           7.202394         56.409432            0.023182               3.320312              3.366973               6.687285       0.002676         2.676000
