Workflow Construction Summary Table
========================================================================================================================

 Comp  Groups Wall Time/Evt (s) CPU Time/Evt (s) Throughput (evt/s) Write Remote (MB/evt) Read Remote (MB/evt) Net Transfer (MB/evt) CPU Cores/Evt Memory/Evt (MB)
    1       2           51.6403         356.4422             0.0028                  0.89                 0.62                  1.50        0.0093            9.48
    2       2           51.6403         356.4422             0.0028                  0.89                 0.62                  1.50        0.0093            9.24
    3       3           51.6521         356.4741             0.0028                  0.89                 0.78                  1.67        0.0093            9.48
    4       3           51.6521         356.4741             0.0028                  0.89                 0.78                  1.67        0.0093            9.24
    5       3           51.5473         354.4521             0.0028                  0.89                 0.78                  1.67        0.0093            9.42
    6       3           51.5473         354.4521             0.0028                  0.89                 0.78                  1.67        0.0093            9.23
    7       3           51.7296         182.1431             0.0055                  1.50                 1.32                  2.83        0.0047            9.47
    8       3           51.7296         182.1431             0.0055                  1.50                 1.32                  2.83        0.0047            9.24
    9       3           51.5704         349.5860             0.0029                  0.89                 1.24                  2.13        0.0092            9.25
   10       3           51.7399         322.1758             0.0031                  2.06                 1.99                  4.05        0.0084            9.48
   11       3           51.7399         322.1758             0.0031                  2.06                 1.99                  4.05        0.0084            9.23
   12       4           51.6112         354.6580             0.0028                  0.89                 0.96                  1.85        0.0093            9.43
   13       4           51.6112         354.6580             0.0028                  0.89                 0.96                  1.85        0.0093            9.24
   14       4           51.7436         182.1968             0.0055                  1.50                 1.49                  2.99        0.0047            9.48
   15       4           51.7436         182.1968             0.0055                  1.50                 1.49                  2.99        0.0047            9.24
   16       4           51.5954         349.6966             0.0029                  0.89                 1.40                  2.29        0.0092            9.25
   17       4           51.5954         349.6966             0.0029                  0.89                 1.40                  2.29        0.0092            9.25
   18       4           51.6479         181.9479             0.0055                  1.50                 1.50                  3.00        0.0047            9.41
   19       4           51.6479         181.9479             0.0055                  1.50                 1.50                  3.00        0.0047            9.23
   20       4           51.7218         322.1481             0.0031                  2.06                 2.14                  4.21        0.0084            9.48
   21       4           51.7992         182.5688             0.0055                  2.68                 2.70                  5.37        0.0047            9.46
   22       4           51.7218         322.1481             0.0031                  2.06                 2.14                  4.21        0.0084            9.23
   23       4           51.7992         182.5688             0.0055                  2.68                 2.70                  5.37        0.0047            9.21
   24       4           51.6660         322.1234             0.0031                  2.06                 2.13                  4.19        0.0084            9.41
   25       4           51.6660         322.1234             0.0031                  2.06                 2.13                  4.19        0.0084            9.23
   26       4           51.6686         322.0344             0.0031                  2.06                 2.60                  4.66        0.0084            9.22
   27       4           51.5623         181.7088             0.0055                  1.50                 1.95                  3.45        0.0047            9.21
   28       5           51.6090         349.7321             0.0029                  0.89                 1.57                  2.46        0.0092            9.25
   29       5           51.6530         182.0277             0.0055                  1.50                 1.66                  3.17        0.0048            9.42
   30       5           51.6530         182.0277             0.0055                  1.50                 1.66                  3.17        0.0048            9.24
   31       5           51.8564         182.7090             0.0055                  2.68                 2.86                  5.54        0.0047            9.48
   32       5           51.8564         182.7090             0.0055                  2.68                 2.86                  5.54        0.0047            9.23
   33       5           51.7261         322.2171             0.0031                  2.06                 2.31                  4.37        0.0084            9.42
   34       5           51.7261         322.2171             0.0031                  2.06                 2.31                  4.37        0.0084            9.23
   35       5           51.7062         322.1873             0.0031                  2.06                 2.77                  4.83        0.0084            9.23
   36       5           51.7062         322.1873             0.0031                  2.06                 2.77                  4.83        0.0084            9.22
   37       5           51.5603         181.7304             0.0055                  1.50                 2.11                  3.61        0.0047            9.21
   38       5           51.5603         181.7304             0.0055                  1.50                 2.11                  3.61        0.0047            9.22
   39       5           51.7672         182.5569             0.0055                  2.68                 2.86                  5.54        0.0047            9.39
   40       5           51.7672         182.5569             0.0055                  2.68                 2.86                  5.54        0.0047            9.21
   41       5           51.7595         182.5161             0.0055                  2.68                 3.32                  6.00        0.0047            9.20
   42       6           51.7053         322.2462             0.0031                  2.06                 2.92                  4.98        0.0084            9.23
   43       6           51.5727         181.7811             0.0055                  1.50                 2.26                  3.77        0.0047            9.22
   44       6           51.7816         182.5675             0.0055                  2.68                 3.01                  5.69        0.0047            9.41
   45       6           51.7816         182.5675             0.0055                  2.68                 3.01                  5.69        0.0047            9.23
   46       6           51.6809         182.3845             0.0055                  2.68                 3.47                  6.15        0.0047            9.21
   47       6           51.6809         182.3845             0.0055                  2.68                 3.47                  6.15        0.0047            9.20
   48       7           51.7515         182.5514             0.0055                  2.68                 3.64                  6.32        0.0047            9.21

Summary Statistics:
------------------------------------------------------------------------------------------------------------------------
        Comp     Groups  Wall Time/Evt (s)  CPU Time/Evt (s)  Throughput (evt/s)  Write Remote (MB/evt)  Read Remote (MB/evt)  Net Transfer (MB/evt)  CPU Cores/Evt  Memory/Evt (MB)
count  48.00  48.000000          48.000000         48.000000           48.000000              48.000000             48.000000              48.000000      48.000000        48.000000
mean   24.50   4.333333          51.684401        260.061894            0.004226               1.782451              2.025922               3.808374       0.006789         9.300333
std    14.00   1.117241           0.080663         79.435708            0.001277               0.668887              0.838615               1.479675       0.002090         0.105810
min     1.00   2.000000          51.547273        181.708782            0.002805               0.888672              0.615462               1.504134       0.004731         9.198200
25%    12.75   4.000000          51.632995        182.337609            0.003043               1.350435              1.404174               2.736410       0.004742         9.225400
50%    24.50   4.000000          51.680942        252.371679            0.004289               1.782451              2.109886               3.905548       0.006579         9.237400
75%    36.25   5.000000          51.740790        329.081132            0.005484               2.214468              2.766343               5.081210       0.008604         9.415950
max    48.00   7.000000          51.856427        356.474069            0.005503               2.676230              3.642828               6.319058       0.009322         9.483200
