Workflow Construction Summary Table
========================================================================================================================

 Comp  Groups Wall Time/Evt (s) CPU Time/Evt (s) Throughput (evt/s) Write Remote (MB/evt) Read Remote (MB/evt) Net Transfer (MB/evt) CPU Cores/Evt Memory/Evt (MB)
    1       1            9.4771         523.1522             0.0019                  0.45                 0.00                  0.45        0.0093            9.34
    2       2            9.4429         519.7236             0.0019                  0.45                 0.09                  0.54        0.0092            9.25
    3       2            9.4814         496.3015             0.0020                  0.45                 0.44                  0.89        0.0089            8.93
    4       2            9.4733         233.7922             0.0043                  1.23                 0.90                  2.13        0.0043            4.39
    5       2            9.4965         193.7168             0.0052                  2.51                 2.35                  4.87        0.0034            4.27
    6       3            9.4641         496.2675             0.0020                  0.45                 0.51                  0.96        0.0089            8.96
    7       3            9.4874         228.5437             0.0044                  1.22                 0.96                  2.18        0.0041            4.23
    8       3            9.6119         194.5707             0.0051                  2.54                 2.49                  5.03        0.0035            4.38
    9       3            9.4801         207.4845             0.0048                  1.23                 1.34                  2.57        0.0037            3.87
   10       3            9.4470         164.3763             0.0061                  2.51                 2.74                  5.26        0.0029            3.85
   11       3            9.6465         164.4358             0.0061                  3.32                 3.33                  6.65        0.0029            3.21
   12       4            9.5611         211.2506             0.0047                  1.23                 1.41                  2.64        0.0038            4.00
   13       4            9.5257         167.1993             0.0060                  2.51                 2.87                  5.38        0.0031            4.05
   14       4            9.5843         159.1962             0.0063                  3.32                 3.37                  6.69        0.0028            3.12
   15       4            9.6709         132.3620             0.0076                  3.32                 3.75                  7.07        0.0024            2.79
   16       5            9.5702         133.8704             0.0075                  3.32                 3.81                  7.13        0.0025            2.86

Summary Statistics:
------------------------------------------------------------------------------------------------------------------------
            Comp     Groups  Wall Time/Evt (s)  CPU Time/Evt (s)  Throughput (evt/s)  Write Remote (MB/evt)  Read Remote (MB/evt)  Net Transfer (MB/evt)  CPU Cores/Evt  Memory/Evt (MB)
count  16.000000  16.000000          16.000000         16.000000           16.000000              16.000000             16.000000              16.000000      16.000000        16.000000
mean    8.500000   3.000000           9.526270        264.140206            0.004739               1.878737              1.898626               3.777363       0.004743         5.093750
std     4.760952   1.032796           0.072141        148.957935            0.001904               1.149749              1.338438               2.479420       0.002644         2.455897
min     1.000000   1.000000           9.442900        132.361955            0.001911               0.445000              0.000000               0.445000       0.002404         2.788000
25%     4.750000   2.000000           9.476125        164.420912            0.003712               1.028154              0.799320               1.834477       0.002934         3.689500
50%     8.500000   3.000000           9.491990        201.027603            0.004980               1.870948              1.883583               3.754531       0.003608         4.140000
75%    12.250000   4.000000           9.573694        299.410993            0.006082               2.734375              2.984423               5.698071       0.005449         5.527000
max    16.000000   5.000000           9.670917        523.152245            0.007555               3.320312              3.813491               7.133803       0.009344         9.344000
