Workflow Construction Summary Table
========================================================================================================================

 Comp  Groups Wall Time/Evt (s) CPU Time/Evt (s) Throughput (evt/s) Write Remote (MB/evt) Read Remote (MB/evt) Net Transfer (MB/evt) CPU Cores/Evt Memory/Evt (MB)
    1       1            9.4271         520.3942             0.0019                  0.45                 0.00                  0.45        0.0093            9.34
    2       2            9.4008         517.4670             0.0019                  0.45                 0.09                  0.54        0.0092            9.25
    3       2            9.4441         494.6145             0.0020                  0.45                 0.44                  0.89        0.0089            8.93
    4       2            9.4254         231.9850             0.0043                  1.23                 0.90                  2.13        0.0043            4.39
    5       2            9.4152         191.1836             0.0052                  2.51                 2.35                  4.87        0.0034            4.27
    6       3            9.4265         494.5794             0.0020                  0.45                 0.51                  0.96        0.0089            8.96
    7       3            9.4271         226.9332             0.0044                  1.21                 0.95                  2.16        0.0041            4.23
    8       3            9.5303         192.1240             0.0052                  2.54                 2.49                  5.03        0.0035            4.38
    9       3            9.4443         204.2839             0.0049                  1.23                 1.37                  2.60        0.0037            3.82
   10       3            9.3660         162.2052             0.0062                  2.51                 2.74                  5.26        0.0029            3.85
   11       3            9.5180         164.2747             0.0061                  3.32                 3.34                  6.66        0.0031            3.37
   12       4            9.5261         208.0283             0.0048                  1.23                 1.44                  2.67        0.0038            3.97
   13       4            9.4426         164.9770             0.0061                  2.51                 2.87                  5.38        0.0031            4.05
   14       4            9.4884         156.7886             0.0064                  3.32                 3.37                  6.69        0.0028            3.12
   15       4            9.5098         133.7752             0.0075                  3.32                 3.75                  7.07        0.0025            2.85
   16       5            9.4729         131.6654             0.0076                  3.32                 3.81                  7.13        0.0025            2.86

Summary Statistics:
------------------------------------------------------------------------------------------------------------------------
            Comp     Groups  Wall Time/Evt (s)  CPU Time/Evt (s)  Throughput (evt/s)  Write Remote (MB/evt)  Read Remote (MB/evt)  Net Transfer (MB/evt)  CPU Cores/Evt  Memory/Evt (MB)
count  16.000000  16.000000          16.000000         16.000000           16.000000              16.000000             16.000000              16.000000      16.000000        16.000000
mean    8.500000   3.000000           9.454034        262.204958            0.004782               1.877904              1.902116               3.780020       0.004754         5.102625
std     4.760952   1.032796           0.048428        148.756194            0.001919               1.150262              1.338192               2.479388       0.002634         2.446684
min     1.000000   1.000000           9.365959        131.665435            0.001922               0.445000              0.000000               0.445000       0.002476         2.854000
25%     4.750000   2.000000           9.426238        163.757301            0.003738               1.018163              0.799320               1.834477       0.003054         3.704000
50%     8.500000   3.000000           9.443352        198.203965            0.005050               1.870948              1.899316               3.770263       0.003577         4.140000
75%    12.250000   4.000000           9.493728        297.633591            0.006107               2.734375              2.985538               5.699186       0.005449         5.527000
max    16.000000   5.000000           9.530261        520.394246            0.007595               3.320312              3.813491               7.133803       0.009344         9.344000
