Workflow Construction Summary Table
========================================================================================================================

 Comp  Groups Wall Time/Evt (s) CPU Time/Evt (s) Throughput (evt/s) Write Remote (MB/evt) Read Remote (MB/evt) Net Transfer (MB/evt) CPU Cores/Evt Memory/Evt (MB)
    1       1            8.4273          65.9437             0.0152                  0.45                 0.00                  0.45        0.0322           32.18
    2       2            8.1812          64.0167             0.0156                  0.45                 0.06                  0.51        0.0322           32.18
    3       2            7.9338          62.0847             0.0161                  0.45                 0.38                  0.83        0.0322           32.18
    4       2            7.8168          61.1623             0.0163                  2.54                 2.14                  4.68        0.0321           32.12
    5       2            7.8035          61.0592             0.0164                  1.23                 0.80                  2.03        0.0321           32.14
    6       3            7.9199          61.9788             0.0161                  0.45                 0.45                  0.90        0.0322           32.22
    7       3            7.7459          60.6074             0.0165                  2.54                 2.20                  4.74        0.0321           32.14
    8       3            7.6914          60.1855             0.0166                  1.23                 0.86                  2.09        0.0322           32.15
    9       3            7.6947          60.2082             0.0166                  2.54                 2.53                  5.07        0.0321           32.12
   10       3            7.5908          59.3948             0.0168                  1.23                 1.19                  2.42        0.0321           32.14
   11       3            7.6617          59.9499             0.0167                  3.32                 2.94                  6.26        0.0321           32.13
   12       4            7.6809          60.1028             0.0166                  2.54                 2.59                  5.13        0.0322           32.15
   13       4            7.5776          59.2922             0.0169                  1.23                 1.25                  2.48        0.0322           32.17
   14       4            7.5903          59.3941             0.0168                  3.32                 3.00                  6.32        0.0322           32.15
   15       4            7.5392          58.9957             0.0170                  3.32                 3.32                  6.64        0.0322           32.15
   16       5            7.5270          58.8960             0.0170                  3.32                 3.39                  6.71        0.0322           32.16

Summary Statistics:
------------------------------------------------------------------------------------------------------------------------
            Comp     Groups  Wall Time/Evt (s)  CPU Time/Evt (s)  Throughput (evt/s)  Write Remote (MB/evt)  Read Remote (MB/evt)  Net Transfer (MB/evt)  CPU Cores/Evt  Memory/Evt (MB)
count  16.000000  16.000000          16.000000         16.000000           16.000000              16.000000             16.000000              16.000000      16.000000        16.000000
mean    8.500000   3.000000           7.773885         60.829503            0.016454               1.884766              1.694698               3.579463       0.032155        32.155000
std     4.760952   1.032796           0.244857          1.916748            0.000498               1.152134              1.197157               2.340838       0.000027         0.026753
min     1.000000   1.000000           7.527049         58.895992            0.015164               0.449219              0.000000               0.449219       0.032120        32.120000
25%     4.750000   2.000000           7.590678         59.394631            0.016296               1.035156              0.711384               1.746540       0.032136        32.136000
50%     8.500000   3.000000           7.693063         60.196852            0.016612               1.884766              1.694016               3.578782       0.032152        32.152000
75%    12.250000   4.000000           7.842551         61.366458            0.016837               2.734375              2.680568               5.414943       0.032172        32.172000
max    16.000000   5.000000           8.427342         65.943736            0.016979               3.320312              3.389089               6.709401       0.032216        32.216000
