Workflow Construction Summary Table
========================================================================================================================

 Comp  Groups Wall Time/Evt (s) CPU Time/Evt (s) Throughput (evt/s) Write Remote (MB/evt) Read Remote (MB/evt) Net Transfer (MB/evt) CPU Cores/Evt Memory/Evt (MB)
    1       1            7.2612          57.7954             0.0173                  0.45                 0.00                  0.45        0.0077            7.75
    2       2            7.2033          57.1238             0.0175                  0.45                 0.06                  0.51        0.0077            7.72
    3       2            7.1446          55.2172             0.0181                  0.45                 0.38                  0.83        0.0075            7.53
    4       2            7.1070          48.3115             0.0207                  2.54                 2.10                  4.64        0.0066            7.06
    5       2            7.1102          43.6993             0.0229                  1.23                 0.79                  2.02        0.0060            5.09
    6       3            7.1412          54.4936             0.0184                  0.45                 0.44                  0.89        0.0074            7.53
    7       3            7.0898          48.2429             0.0207                  2.54                 2.17                  4.70        0.0066            7.04
    8       3            7.0832          43.5919             0.0229                  1.23                 0.85                  2.08        0.0060            5.06
    9       3            7.0768          48.1881             0.0208                  2.54                 2.48                  5.02        0.0066            6.84
   10       3            7.0580          43.4917             0.0230                  1.23                 1.16                  2.39        0.0060            4.86
   11       3            7.0660          43.5234             0.0230                  3.32                 2.89                  6.21        0.0060            4.93
   12       4            7.0734          47.4629             0.0211                  2.54                 2.54                  5.08        0.0065            6.84
   13       4            7.0546          42.7680             0.0234                  1.23                 1.23                  2.46        0.0059            4.86
   14       4            7.0487          43.4547             0.0230                  3.32                 2.95                  6.27        0.0060            4.91
   15       4            7.0357          43.4029             0.0230                  3.32                 3.26                  6.58        0.0060            4.71
   16       5            7.0323          42.6792             0.0234                  3.32                 3.33                  6.65        0.0059            4.71

Summary Statistics:
------------------------------------------------------------------------------------------------------------------------
            Comp     Groups  Wall Time/Evt (s)  CPU Time/Evt (s)  Throughput (evt/s)  Write Remote (MB/evt)  Read Remote (MB/evt)  Net Transfer (MB/evt)  CPU Cores/Evt  Memory/Evt (MB)
count  16.000000  16.000000          16.000000         16.000000           16.000000              16.000000             16.000000              16.000000      16.000000        16.000000
mean    8.500000   3.000000           7.099116         47.715398            0.021198               1.884766              1.664433               3.549198       0.006547         6.090425
std     4.760952   1.032796           0.062410          5.467493            0.002248               1.152134              1.174968               2.318760       0.000688         1.269321
min     1.000000   1.000000           7.032318         42.679176            0.017302               0.449219              0.000000               0.449219       0.005915         4.710000
25%     4.750000   2.000000           7.057153         43.482427            0.020112               1.035156              0.699739               1.734895       0.006013         4.896100
50%     8.500000   3.000000           7.079973         45.581110            0.021976               1.884766              1.664159               3.548925       0.006272         5.962900
75%    12.250000   4.000000           7.117943         49.857003            0.022998               2.734375              2.629374               5.363749       0.006831         7.180200
max    16.000000   5.000000           7.261153         57.795352            0.023431               3.320312              3.328243               6.648555       0.007749         7.748800
