Workflow Construction Summary Table
========================================================================================================================

 Comp  Groups Wall Time/Evt (s) CPU Time/Evt (s) Throughput (evt/s) Write Remote (MB/evt) Read Remote (MB/evt) Net Transfer (MB/evt) CPU Cores/Evt Memory/Evt (MB)
    1       1            7.9644          59.5537             0.0168                  0.45                 0.00                  0.45        0.0007            0.74
    2       2            7.9604          59.3160             0.0169                  0.45                 0.06                  0.51        0.0008            0.75
    3       2            7.9643          57.8906             0.0173                  0.45                 0.38                  0.83        0.0007            0.74
    4       2            7.9501          50.9090             0.0196                  2.54                 2.23                  4.76        0.0006            0.68
    5       2            7.8939          46.2051             0.0216                  1.23                 0.82                  2.05        0.0006            0.48
    6       3            7.9586          57.1776             0.0175                  0.45                 0.44                  0.89        0.0007            0.74
    7       3            7.9530          50.9121             0.0196                  2.54                 2.30                  4.83        0.0006            0.69
    8       3            7.9401          46.2934             0.0216                  1.23                 0.89                  2.12        0.0006            0.49
    9       3            7.9473          50.8983             0.0196                  2.54                 2.60                  5.14        0.0006            0.65
   10       3            7.9078          46.2246             0.0216                  1.23                 1.26                  2.49        0.0006            0.46
   11       3            7.8958          46.2025             0.0216                  3.32                 3.02                  6.34        0.0006            0.47
   12       4            7.9524          50.2074             0.0199                  2.54                 2.70                  5.24        0.0006            0.67
   13       4            7.9160          45.5398             0.0220                  1.23                 1.27                  2.50        0.0006            0.48
   14       4            7.8987          46.2056             0.0216                  3.32                 3.09                  6.41        0.0006            0.48
   15       4            7.8931          46.1924             0.0216                  3.32                 3.40                  6.72        0.0006            0.45
   16       5            7.8457          45.3961             0.0220                  3.32                 3.46                  6.78        0.0006            0.46

Summary Statistics:
------------------------------------------------------------------------------------------------------------------------
            Comp     Groups  Wall Time/Evt (s)  CPU Time/Evt (s)  Throughput (evt/s)  Write Remote (MB/evt)  Read Remote (MB/evt)  Net Transfer (MB/evt)  CPU Cores/Evt  Memory/Evt (MB)
count  16.000000  16.000000          16.000000         16.000000           16.000000              16.000000             16.000000              16.000000      16.000000        16.000000
mean    8.500000   3.000000           7.927600         50.320270            0.020066               1.884766              1.744779               3.629545       0.000637         0.588250
std     4.760952   1.032796           0.035075          5.288395            0.001970               1.152134              1.232113               2.375945       0.000065         0.125339
min     1.000000   1.000000           7.845654         45.396116            0.016792               0.449219              0.000000               0.449219       0.000576         0.446000
25%     4.750000   2.000000           7.897999         46.204430            0.019104               1.035156              0.724035               1.759191       0.000584         0.474500
50%     8.500000   3.000000           7.943704         48.250434            0.020759               1.884766              1.747943               3.632708       0.000614         0.571000
75%    12.250000   4.000000           7.954403         52.478464            0.021643               2.734375              2.781241               5.515616       0.000668         0.698500
max    16.000000   5.000000           7.964390         59.553742            0.022028               3.320312              3.461086               6.781398       0.000752         0.752000
