Workflow Construction Summary Table
========================================================================================================================

 Comp  Groups Wall Time/Evt (s) CPU Time/Evt (s) Throughput (evt/s) Write Remote (MB/evt) Read Remote (MB/evt) Net Transfer (MB/evt) CPU Cores/Evt Memory/Evt (MB)
    1       1            7.3526          57.5866             0.0174                  0.45                 0.00                  0.45        0.0040            4.01
    2       2            7.3369          57.2045             0.0175                  0.45                 0.06                  0.51        0.0040            4.02
    3       2            7.3069          55.5511             0.0180                  0.45                 0.38                  0.83        0.0039            3.92
    4       2            7.2781          48.6897             0.0205                  2.54                 2.14                  4.68        0.0034            3.68
    5       2            7.2882          44.0944             0.0227                  1.23                 0.80                  2.03        0.0031            2.65
    6       3            7.3042          54.7807             0.0183                  0.45                 0.44                  0.89        0.0039            3.93
    7       3            7.2704          48.6571             0.0206                  2.54                 2.20                  4.74        0.0034            3.66
    8       3            7.2884          44.0680             0.0227                  1.23                 0.89                  2.12        0.0031            2.64
    9       3            7.2707          48.6157             0.0206                  2.54                 2.53                  5.07        0.0034            3.55
   10       3            7.2756          44.0178             0.0227                  1.23                 1.20                  2.43        0.0031            2.54
   11       3            7.2801          44.0349             0.0227                  3.32                 2.95                  6.27        0.0031            2.59
   12       4            7.2749          47.9032             0.0209                  2.54                 2.61                  5.15        0.0034            3.56
   13       4            7.2629          43.2857             0.0231                  1.23                 1.25                  2.48        0.0031            2.56
   14       4            7.2364          43.9306             0.0228                  3.32                 3.00                  6.32        0.0031            2.58
   15       4            7.2644          43.9736             0.0227                  3.32                 3.33                  6.65        0.0031            2.47
   16       5            7.2525          43.2242             0.0231                  3.32                 3.40                  6.72        0.0031            2.48

Summary Statistics:
------------------------------------------------------------------------------------------------------------------------
            Comp     Groups  Wall Time/Evt (s)  CPU Time/Evt (s)  Throughput (evt/s)  Write Remote (MB/evt)  Read Remote (MB/evt)  Net Transfer (MB/evt)  CPU Cores/Evt  Memory/Evt (MB)
count  16.000000  16.000000          16.000000         16.000000           16.000000              16.000000             16.000000              16.000000      16.000000         16.00000
mean    8.500000   3.000000           7.283949         48.101111            0.021011               1.884714              1.698491               3.583205       0.003403          3.17700
std     4.760952   1.032796           0.029587          5.296887            0.002151               1.152203              1.199596               2.343371       0.000356          0.64958
min     1.000000   1.000000           7.236391         43.224177            0.017365               0.448386              0.000000               0.449219       0.003080          2.47100
25%     4.750000   2.000000           7.268908         44.006739            0.019967               1.035156              0.710770               1.745718       0.003124          2.57600
50%     8.500000   3.000000           7.276855         45.998786            0.021777               1.884766              1.691885               3.576651       0.003265          3.09900
75%    12.250000   4.000000           7.292344         50.212438            0.022724               2.734375              2.692697               5.427072       0.003554          3.73700
max    16.000000   5.000000           7.352608         57.586613            0.023135               3.320312              3.397301               6.717613       0.004016          4.01600
