Workflow Construction Summary Table
========================================================================================================================

 Comp  Groups Wall Time/Evt (s) CPU Time/Evt (s) Throughput (evt/s) Write Remote (MB/evt) Read Remote (MB/evt) Net Transfer (MB/evt) CPU Cores/Evt Memory/Evt (MB)
    1       1           14.7063         117.6504             0.0085                  0.47                 0.00                  0.47        0.0027            2.71
    2       2           14.6863         117.4901             0.0085                  0.47                 0.07                  0.55        0.0027            2.71
    3       2           14.6681         117.3448             0.0085                  0.47                 0.40                  0.87        0.0027            2.71
    4       2           14.6953         117.5621             0.0085                  2.61                 2.13                  4.74        0.0027            2.72
    5       2           14.6745         117.3961             0.0085                  1.26                 0.78                  2.04        0.0027            2.71
    6       3           14.6673         117.3382             0.0085                  0.47                 0.47                  0.95        0.0027            2.71
    7       3           14.6887         117.5098             0.0085                  2.61                 2.21                  4.82        0.0027            2.72
    8       3           14.6637         117.3094             0.0085                  1.26                 0.86                  2.11        0.0027            2.71
    9       3           14.6866         117.4925             0.0085                  2.61                 2.53                  5.14        0.0027            2.72
   10       3           14.6561         117.2484             0.0085                  1.26                 1.18                  2.44        0.0027            2.72
   11       3           14.6977         117.5812             0.0085                  3.39                 2.92                  6.31        0.0027            2.72
   12       4           14.6857         117.4860             0.0085                  2.61                 2.61                  5.21        0.0027            2.72
   13       4           14.6552         117.2419             0.0085                  1.26                 1.25                  2.51        0.0027            2.72
   14       4           14.6911         117.5290             0.0085                  3.39                 2.99                  6.38        0.0027            2.72
   15       4           14.6890         117.5117             0.0085                  3.39                 3.31                  6.70        0.0027            2.72
   16       5           14.6881         117.5051             0.0085                  3.39                 3.39                  6.78        0.0027            2.72

Summary Statistics:
------------------------------------------------------------------------------------------------------------------------
            Comp     Groups  Wall Time/Evt (s)  CPU Time/Evt (s)  Throughput (evt/s)  Write Remote (MB/evt)  Read Remote (MB/evt)  Net Transfer (MB/evt)  CPU Cores/Evt  Memory/Evt (MB)
count  16.000000  16.000000          16.000000         16.000000           16.000000              16.000000             16.000000              16.000000      16.000000        16.000000
mean    8.500000   3.000000          14.681223        117.449785            0.008514               1.931787              1.694092               3.625879       0.002713         2.712554
std     4.760952   1.032796           0.015190          0.121523            0.000009               1.173591              1.192063               2.356472       0.000003         0.003463
min     1.000000   1.000000          14.655234        117.241871            0.008500               0.473779              0.000000               0.473779       0.002708         2.708225
25%     4.750000   2.000000          14.667890        117.343119            0.008509               1.060449              0.704712               1.765161       0.002708         2.708225
50%     8.500000   3.000000          14.686411        117.491284            0.008511               1.931787              1.694092               3.625879       0.002715         2.715152
75%    12.250000   4.000000          14.689501        117.516008            0.008522               2.803125              2.683472               5.486597       0.002715         2.715152
max    16.000000   5.000000          14.706296        117.650370            0.008529               3.389795              3.388184               6.777979       0.002715         2.715152
