Workflow Construction Summary Table
========================================================================================================================

 Comp  Groups Wall Time/Evt (s) CPU Time/Evt (s) Throughput (evt/s) Write Remote (MB/evt) Read Remote (MB/evt) Net Transfer (MB/evt) CPU Cores/Evt Memory/Evt (MB)
    1       1           18.9700         151.7600             0.0066                  0.47                 0.00                  0.47        0.0035            3.52
    2       2           18.9700         151.7600             0.0066                  0.47                 0.07                  0.54        0.0035            3.52
    3       2           18.9700         151.7600             0.0066                  0.47                 0.39                  0.86        0.0035            3.52
    4       2           18.9700         151.7600             0.0066                  1.25                 0.78                  2.03        0.0035            3.52
    5       2           18.9700         151.7600             0.0066                  2.60                 2.13                  4.73        0.0035            3.52
    6       3           18.9700         151.7600             0.0066                  0.47                 0.46                  0.93        0.0035            3.53
    7       3           18.9700         151.7600             0.0066                  1.25                 0.86                  2.10        0.0035            3.52
    8       3           18.9700         151.7600             0.0066                  2.60                 2.21                  4.81        0.0035            3.53
    9       3           18.9700         151.7600             0.0066                  1.25                 1.17                  2.42        0.0035            3.52
   10       3           18.9700         151.7600             0.0066                  2.60                 2.52                  5.13        0.0035            3.53
   11       3           18.9700         151.7600             0.0066                  3.38                 2.92                  6.30        0.0035            3.52
   12       4           18.9700         151.7600             0.0066                  1.25                 1.25                  2.50        0.0035            3.53
   13       4           18.9700         151.7600             0.0066                  2.60                 2.60                  5.20        0.0035            3.54
   14       4           18.9700         151.7600             0.0066                  3.38                 2.99                  6.37        0.0035            3.53
   15       4           18.9700         151.7600             0.0066                  3.38                 3.31                  6.69        0.0035            3.53
   16       5           18.9700         151.7600             0.0066                  3.38                 3.38                  6.76        0.0035            3.54

Summary Statistics:
------------------------------------------------------------------------------------------------------------------------
            Comp     Groups  Wall Time/Evt (s)  CPU Time/Evt (s)  Throughput (evt/s)  Write Remote (MB/evt)  Read Remote (MB/evt)  Net Transfer (MB/evt)  CPU Cores/Evt  Memory/Evt (MB)
count  16.000000  16.000000       1.600000e+01             16.00           16.000000              16.000000             16.000000              16.000000      16.000000         16.00000
mean    8.500000   3.000000       1.897000e+01            151.76            0.006589               1.924463              1.690430               3.614893       0.003525          3.52500
std     4.760952   1.032796       1.297268e-15              0.00            0.000000               1.173591              1.191452               2.356163       0.000006          0.00575
min     1.000000   1.000000       1.897000e+01            151.76            0.006589               0.466455              0.000000               0.466455       0.003520          3.52000
25%     4.750000   2.000000       1.897000e+01            151.76            0.006589               1.053125              0.702881               1.756006       0.003520          3.52000
50%     8.500000   3.000000       1.897000e+01            151.76            0.006589               1.924463              1.690430               3.614893       0.003524          3.52400
75%    12.250000   4.000000       1.897000e+01            151.76            0.006589               2.795801              2.677979               5.473779       0.003528          3.52800
max    16.000000   5.000000       1.897000e+01            151.76            0.006589               3.382471              3.380859               6.763330       0.003536          3.53600
