Workflow Construction Summary Table
========================================================================================================================

 Comp  Groups Wall Time/Evt (s) CPU Time/Evt (s) Throughput (evt/s) Write Remote (MB/evt) Read Remote (MB/evt) Net Transfer (MB/evt) CPU Cores/Evt Memory/Evt (MB)
    1       1            7.7275          58.8159             0.0170                  0.45                 0.00                  0.45        0.0021            2.12
    2       2            7.7109          58.4802             0.0171                  0.45                 0.07                  0.52        0.0021            2.12
    3       2            7.6911          45.3742             0.0220                  1.23                 0.82                  2.05        0.0016            1.39
    4       2            7.6764          56.8232             0.0176                  0.45                 0.39                  0.84        0.0021            2.06
    5       2            7.6856          50.0475             0.0200                  2.54                 2.21                  4.75        0.0018            1.93
    6       3            7.6755          56.0640             0.0178                  0.45                 0.46                  0.91        0.0020            2.06
    7       3            7.6902          45.3721             0.0220                  1.23                 0.89                  2.12        0.0017            1.39
    8       3            7.7130          45.4796             0.0220                  3.32                 3.02                  6.34        0.0016            1.35
    9       3            7.6904          50.0615             0.0200                  2.54                 2.28                  4.82        0.0018            1.93
   10       3            7.6937          50.0679             0.0200                  2.54                 2.61                  5.15        0.0018            1.87
   11       3            7.6794          45.3326             0.0221                  1.23                 1.22                  2.45        0.0016            1.33
   12       4            7.6744          49.2890             0.0203                  2.54                 2.67                  5.20        0.0018            1.87
   13       4            7.6729          44.5811             0.0224                  1.23                 1.28                  2.51        0.0016            1.33
   14       4            7.7090          45.4643             0.0220                  3.32                 3.09                  6.41        0.0016            1.34
   15       4            7.6853          45.4166             0.0220                  3.32                 3.41                  6.73        0.0016            1.28
   16       5            7.6850          44.6704             0.0224                  3.32                 3.47                  6.79        0.0016            1.29

Summary Statistics:
------------------------------------------------------------------------------------------------------------------------
            Comp     Groups  Wall Time/Evt (s)  CPU Time/Evt (s)  Throughput (evt/s)  Write Remote (MB/evt)  Read Remote (MB/evt)  Net Transfer (MB/evt)  CPU Cores/Evt  Memory/Evt (MB)
count  16.000000  16.000000          16.000000         16.000000           16.000000              16.000000             16.000000              16.000000      16.000000        16.000000
mean    8.500000   3.000000           7.691268         49.458759            0.020419               1.884766              1.741636               3.626402       0.001791         1.666825
std     4.760952   1.032796           0.015990          5.248327            0.002021               1.152134              1.230181               2.373973       0.000188         0.347691
min     1.000000   1.000000           7.672858         44.581142            0.017002               0.449219              0.000000               0.449219       0.001618         1.284000
25%     4.750000   2.000000           7.678685         45.373676            0.019439               1.035156              0.730924               1.766080       0.001646         1.341600
50%     8.500000   3.000000           7.687931         47.384320            0.021138               1.884766              1.743794               3.628560       0.001716         1.631100
75%    12.250000   4.000000           7.697511         51.566959            0.022039               2.734375              2.753704               5.488079       0.001865         1.960250
max    16.000000   5.000000           7.727533         58.815862            0.022431               3.320312              3.473923               6.794236       0.002125         2.124800
