Workflow Construction Summary Table
========================================================================================================================

 Comp  Groups Wall Time/Evt (s) CPU Time/Evt (s) Throughput (evt/s) Write Remote (MB/evt) Read Remote (MB/evt) Net Transfer (MB/evt) CPU Cores/Evt Memory/Evt (MB)
    1       1            6.9724          55.7791             0.0179                  0.45                 0.00                  0.45        0.0019            1.92
    2       2            6.9577          55.4612             0.0180                  0.45                 0.06                  0.51        0.0019            1.91
    3       2            6.9358          42.9780             0.0233                  1.23                 0.78                  2.01        0.0015            1.26
    4       2            6.9431          53.9367             0.0185                  0.45                 0.38                  0.83        0.0019            1.86
    5       2            6.9376          47.4404             0.0211                  2.54                 2.09                  4.63        0.0016            1.75
    6       3            6.9424          53.2312             0.0188                  0.45                 0.44                  0.89        0.0018            1.86
    7       3            6.9292          42.9515             0.0233                  1.23                 0.84                  2.08        0.0015            1.25
    8       3            6.9289          42.9505             0.0233                  3.32                 2.87                  6.19        0.0015            1.22
    9       3            6.9334          47.4235             0.0211                  2.54                 2.15                  4.69        0.0016            1.74
   10       3            6.9304          47.4118             0.0211                  2.54                 2.47                  5.00        0.0016            1.69
   11       3            6.9232          42.9278             0.0233                  1.23                 1.16                  2.39        0.0015            1.20
   12       4            6.9297          46.7064             0.0214                  2.54                 2.53                  5.07        0.0016            1.69
   13       4            6.9225          42.2223             0.0237                  1.23                 1.22                  2.45        0.0015            1.20
   14       4            6.9247          42.9336             0.0233                  3.32                 2.93                  6.25        0.0015            1.21
   15       4            6.9218          42.9220             0.0233                  3.32                 3.25                  6.57        0.0015            1.16
   16       5            6.9210          42.2165             0.0237                  3.32                 3.31                  6.63        0.0015            1.16

Summary Statistics:
------------------------------------------------------------------------------------------------------------------------
            Comp     Groups  Wall Time/Evt (s)  CPU Time/Evt (s)  Throughput (evt/s)  Write Remote (MB/evt)  Read Remote (MB/evt)  Net Transfer (MB/evt)  CPU Cores/Evt  Memory/Evt (MB)
count  16.000000  16.000000          16.000000         16.000000           16.000000              16.000000             16.000000              16.000000      16.000000        16.000000
mean    8.500000   3.000000           6.934616         46.843293            0.021565               1.884766              1.655273               3.540039       0.001620         1.506500
std     4.760952   1.032796           0.013986          5.034992            0.002161               1.152134              1.168838               2.312666       0.000171         0.314461
min     1.000000   1.000000           6.921019         42.216538            0.017928               0.449219              0.000000               0.449219       0.001463         1.164200
25%     4.750000   2.000000           6.924344         42.932181            0.020506               1.035156              0.695801               1.730957       0.001487         1.210350
50%     8.500000   3.000000           6.930057         44.842203            0.022339               1.884766              1.655273               3.540039       0.001551         1.475300
75%    12.250000   4.000000           6.938779         48.888091            0.023293               2.734375              2.614746               5.349121       0.001690         1.776750
max    16.000000   5.000000           6.972389         55.779114            0.023687               3.320312              3.310547               6.630859       0.001918         1.918400
