Workflow Construction Summary Table
========================================================================================================================

 Comp  Groups Wall Time/Evt (s) CPU Time/Evt (s) Throughput (evt/s) Write Remote (MB/evt) Read Remote (MB/evt) Net Transfer (MB/evt) CPU Cores/Evt Memory/Evt (MB)
    1       1            8.2438          62.8810             0.0159                  0.45                 0.00                  0.45        0.0169           16.94
    2       2            8.1142          61.6726             0.0162                  0.45                 0.07                  0.52        0.0169           16.88
    3       2            7.9832          59.1773             0.0169                  0.45                 0.39                  0.84        0.0165           16.47
    4       2            7.8986          51.4745             0.0194                  2.54                 2.18                  4.72        0.0145           15.41
    5       2            7.9084          46.4527             0.0215                  1.23                 0.82                  2.05        0.0131           11.08
    6       3            7.9699          58.4131             0.0171                  0.45                 0.45                  0.90        0.0163           16.48
    7       3            7.8654          51.3553             0.0195                  2.54                 2.25                  4.79        0.0145           15.37
    8       3            7.8438          46.2246             0.0216                  1.23                 0.88                  2.11        0.0132           11.03
    9       3            7.8388          51.1841             0.0195                  2.54                 2.60                  5.14        0.0145           14.96
   10       3            7.7955          46.0064             0.0217                  1.23                 1.21                  2.44        0.0131           10.61
   11       3            7.8156          46.0990             0.0217                  3.32                 3.01                  6.33        0.0132           10.75
   12       4            7.8318          50.3854             0.0198                  2.54                 2.67                  5.21        0.0143           14.96
   13       4            7.7840          45.2229             0.0221                  1.23                 1.28                  2.51        0.0129           10.62
   14       4            7.7788          45.9572             0.0218                  3.32                 3.07                  6.39        0.0132           10.71
   15       4            7.7491          45.8465             0.0218                  3.32                 3.40                  6.72        0.0132           10.27
   16       5            7.7464          45.0711             0.0222                  3.32                 3.47                  6.79        0.0130           10.28

Summary Statistics:
------------------------------------------------------------------------------------------------------------------------
            Comp     Groups  Wall Time/Evt (s)  CPU Time/Evt (s)  Throughput (evt/s)  Write Remote (MB/evt)  Read Remote (MB/evt)  Net Transfer (MB/evt)  CPU Cores/Evt  Memory/Evt (MB)
count  16.000000  16.000000          16.000000         16.000000           16.000000              16.000000             16.000000              16.000000      16.000000        16.000000
mean    8.500000   3.000000           7.885462         50.838981            0.019930               1.884670              1.734609               3.619279       0.014321        13.301437
std     4.760952   1.032796           0.136098          6.272612            0.002255               1.152076              1.226759               2.370138       0.001502         2.785912
min     1.000000   1.000000           7.746412         45.071130            0.015903               0.449219              0.000000               0.449219       0.012942        10.274000
25%     4.750000   2.000000           7.792651         45.994105            0.018850               1.035156              0.726560               1.761716       0.013150        10.690000
50%     8.500000   3.000000           7.841288         48.419071            0.020687               1.883999              1.730316               3.614315       0.013715        13.019500
75%    12.250000   4.000000           7.923795         53.209165            0.021742               2.734375              2.752361               5.486736       0.014958        15.674500
max    16.000000   5.000000           8.243791         62.880959            0.022187               3.320312              3.470943               6.791255       0.016936        16.936000
