Workflow Construction Summary Table
========================================================================================================================

 Comp  Groups Wall Time/Evt (s) CPU Time/Evt (s) Throughput (evt/s) Write Remote (MB/evt) Read Remote (MB/evt) Net Transfer (MB/evt) CPU Cores/Evt Memory/Evt (MB)
    1       2           51.4624         355.5228             0.0028                  0.89                 0.61                  1.50        0.0093            9.48
    2       2           51.4624         355.5228             0.0028                  0.89                 0.61                  1.50        0.0093            9.24
    3       3           51.4302         355.3851             0.0028                  0.89                 0.78                  1.67        0.0093            9.48
    4       3           51.4302         355.3851             0.0028                  0.89                 0.78                  1.67        0.0093            9.24
    5       3           51.3486         353.4234             0.0028                  0.89                 0.79                  1.68        0.0093            9.41
    6       3           51.3486         353.4234             0.0028                  0.89                 0.79                  1.68        0.0093            9.24
    7       3           51.3029         180.5037             0.0055                  1.50                 1.34                  2.84        0.0047            9.45
    8       3           51.3029         180.5037             0.0055                  1.50                 1.34                  2.84        0.0047            9.21
    9       3           51.2926         348.2676             0.0029                  0.89                 1.25                  2.13        0.0092            9.25
   10       3           51.2432         319.8858             0.0031                  2.06                 1.98                  4.04        0.0084            9.48
   11       3           51.2432         319.8858             0.0031                  2.06                 1.98                  4.04        0.0084            9.24
   12       4           51.3564         353.5049             0.0028                  0.89                 0.95                  1.84        0.0093            9.42
   13       4           51.3564         353.5049             0.0028                  0.89                 0.95                  1.84        0.0093            9.25
   14       4           51.3137         180.5218             0.0055                  1.50                 1.49                  3.00        0.0047            9.47
   15       4           51.3137         180.5218             0.0055                  1.50                 1.49                  3.00        0.0047            9.23
   16       4           51.2839         348.4028             0.0029                  0.89                 1.40                  2.28        0.0092            9.25
   17       4           51.2839         348.4028             0.0029                  0.89                 1.40                  2.28        0.0092            9.24
   18       4           51.1959         180.1845             0.0055                  1.50                 1.50                  3.01        0.0047            9.40
   19       4           51.1959         180.1845             0.0055                  1.50                 1.50                  3.01        0.0047            9.21
   20       4           51.2084         319.7780             0.0031                  2.06                 2.15                  4.21        0.0084            9.48
   21       4           51.0195         179.6671             0.0056                  2.68                 2.69                  5.36        0.0047            9.44
   22       4           51.2084         319.7780             0.0031                  2.06                 2.15                  4.21        0.0084            9.23
   23       4           51.0195         179.6671             0.0056                  2.68                 2.69                  5.36        0.0047            9.20
   24       4           51.2204         319.8712             0.0031                  2.06                 2.15                  4.21        0.0084            9.42
   25       4           51.2204         319.8712             0.0031                  2.06                 2.15                  4.21        0.0084            9.25
   26       4           51.0812         319.6464             0.0031                  2.06                 2.59                  4.65        0.0084            9.20
   27       4           51.1514         179.9760             0.0056                  1.50                 1.95                  3.45        0.0047            9.21
   28       5           51.2866         348.3526             0.0029                  0.89                 1.57                  2.46        0.0092            9.25
   29       5           51.1640         180.1345             0.0056                  1.50                 1.65                  3.16        0.0047            9.40
   30       5           51.1640         180.1345             0.0056                  1.50                 1.65                  3.16        0.0047            9.22
   31       5           51.0180         179.6605             0.0056                  2.68                 2.86                  5.54        0.0047            9.45
   32       5           51.0180         179.6605             0.0056                  2.68                 2.86                  5.54        0.0047            9.19
   33       5           51.1933         319.7614             0.0031                  2.06                 2.32                  4.38        0.0084            9.42
   34       5           51.1933         319.7614             0.0031                  2.06                 2.32                  4.38        0.0084            9.24
   35       5           51.0797         319.6227             0.0031                  2.06                 2.76                  4.82        0.0084            9.22
   36       5           51.0797         319.6227             0.0031                  2.06                 2.76                  4.82        0.0084            9.22
   37       5           51.2173         180.1045             0.0056                  1.50                 2.12                  3.62        0.0047            9.25
   38       5           51.2173         180.1045             0.0056                  1.50                 2.12                  3.62        0.0047            9.23
   39       5           51.0761         179.7768             0.0056                  2.68                 2.85                  5.52        0.0047            9.41
   40       5           51.0761         179.7768             0.0056                  2.68                 2.85                  5.52        0.0047            9.23
   41       5           51.0226         179.6366             0.0056                  2.68                 3.32                  6.00        0.0047            9.20
   42       6           51.0804         319.6896             0.0031                  2.06                 2.92                  4.98        0.0084            9.22
   43       6           51.2228         180.1118             0.0056                  1.50                 2.29                  3.80        0.0047            9.23
   44       6           51.0271         179.6750             0.0056                  2.68                 3.02                  5.69        0.0047            9.40
   45       6           51.0271         179.6750             0.0056                  2.68                 3.02                  5.69        0.0047            9.21
   46       6           50.9143         179.4163             0.0056                  2.68                 3.46                  6.14        0.0047            9.20
   47       6           50.9143         179.4163             0.0056                  2.68                 3.46                  6.14        0.0047            9.20
   48       7           50.9799         179.5440             0.0056                  2.68                 3.64                  6.32        0.0047            9.21

Summary Statistics:
------------------------------------------------------------------------------------------------------------------------
        Comp     Groups  Wall Time/Evt (s)  CPU Time/Evt (s)  Throughput (evt/s)  Write Remote (MB/evt)  Read Remote (MB/evt)  Net Transfer (MB/evt)  CPU Cores/Evt  Memory/Evt (MB)
count  48.00  48.000000          48.000000         48.000000           48.000000              48.000000             48.000000              48.000000      48.000000        48.000000
mean   24.50   4.333333          51.193091        258.017302            0.004270               1.782451              2.025783               3.808235       0.006787         9.296625
std    14.00   1.117241           0.141790         79.776577            0.001305               0.668887              0.837788               1.478807       0.002093         0.103813
min     1.00   2.000000          50.914298        179.416337            0.002813               0.888672              0.611831               1.500503       0.004730         9.193800
25%    12.75   4.000000          51.078827        179.926207            0.003062               1.350435              1.395575               2.745658       0.004738         9.219300
50%    24.50   4.000000          51.208351        250.072214            0.004334               1.782451              2.119994               3.917833       0.006579         9.242200
75%    36.25   5.000000          51.295152        326.981268            0.005558               2.214468              2.757230               5.075228       0.008606         9.406700
max    48.00   7.000000          51.462446        355.522840            0.005574               2.676230              3.642828               6.319058       0.009323         9.483200
