Workflow Construction Summary Table
========================================================================================================================

 Comp  Groups Wall Time/Evt (s) CPU Time/Evt (s) Throughput (evt/s) Write Remote (MB/evt) Read Remote (MB/evt) Net Transfer (MB/evt) CPU Cores/Evt Memory/Evt (MB)
    1       1            7.4805         478.7515             0.0021                  0.45                 0.00                  0.45        0.1229          122.88
    2       2            7.3632         468.1483             0.0021                  0.45                 0.06                  0.51        0.1220          122.03
    3       2            7.2473         438.7520             0.0023                  0.45                 0.38                  0.83        0.1162          116.90
    4       2            7.1904         216.2990             0.0046                  1.23                 0.78                  2.01        0.0562           57.28
    5       2            7.2099         176.7058             0.0057                  2.54                 2.09                  4.63        0.0465           57.39
    6       3            7.2412         438.7277             0.0023                  0.45                 0.44                  0.89        0.1162          116.87
    7       3            7.1376         209.8277             0.0048                  1.23                 0.84                  2.08        0.0554           56.50
    8       3            7.1764         171.4633             0.0058                  2.54                 2.15                  4.69        0.0456           56.61
    9       3            7.0908         184.8512             0.0054                  1.23                 1.16                  2.39        0.0496           51.30
   10       3            7.1537         148.0343             0.0068                  2.54                 2.47                  5.00        0.0398           51.41
   11       3            7.1437         149.0779             0.0067                  3.32                 2.87                  6.19        0.0391           42.59
   12       4            7.0847         184.8269             0.0054                  1.23                 1.22                  2.45        0.0496           51.27
   13       4            7.1477         148.0100             0.0068                  2.54                 2.53                  5.07        0.0398           51.38
   14       4            7.1101         143.8353             0.0070                  3.32                 2.93                  6.25        0.0382           41.81
   15       4            7.0875         120.4064             0.0083                  3.32                 3.25                  6.57        0.0324           36.61
   16       5            7.0814         120.3821             0.0083                  3.32                 3.31                  6.63        0.0324           36.58

Summary Statistics:
------------------------------------------------------------------------------------------------------------------------
            Comp     Groups  Wall Time/Evt (s)  CPU Time/Evt (s)  Throughput (evt/s)  Write Remote (MB/evt)  Read Remote (MB/evt)  Net Transfer (MB/evt)  CPU Cores/Evt  Memory/Evt (MB)
count  16.000000  16.000000          16.000000         16.000000           16.000000              16.000000             16.000000              16.000000      16.000000        16.000000
mean    8.500000   3.000000           7.184138        237.381207            0.005267               1.884766              1.655273               3.540039       0.062628        66.837000
std     4.760952   1.032796           0.108902        133.478014            0.002110               1.152134              1.168838               2.312666       0.034537        32.241652
min     1.000000   1.000000           7.081449        120.382053            0.002089               0.449219              0.000000               0.449219       0.032432        36.580000
25%     4.750000   2.000000           7.105311        148.028236            0.004037               1.035156              0.695801               1.730957       0.039646        49.099000
50%     8.500000   3.000000           7.150706        180.766326            0.005535               1.884766              1.655273               3.540039       0.048028        53.952000
75%    12.250000   4.000000           7.217753        271.906168            0.006755               2.734375              2.614746               5.349121       0.071224        72.261000
max    16.000000   5.000000           7.480492        478.751500            0.008307               3.320312              3.310547               6.630859       0.122880       122.880000
