Workflow Construction Summary Table
========================================================================================================================

 Comp  Groups Wall Time/Evt (s) CPU Time/Evt (s) Throughput (evt/s) Write Remote (MB/evt) Read Remote (MB/evt) Net Transfer (MB/evt) CPU Cores/Evt Memory/Evt (MB)
    1       1            9.5101         533.5138             0.0019                  0.45                 0.00                  0.45        0.0812           81.15
    2       2            9.4281         525.2415             0.0019                  0.45                 0.07                  0.52        0.0806           80.61
    3       2            9.3670         496.8160             0.0020                  0.45                 0.44                  0.89        0.0769           77.32
    4       2            9.2660         236.8244             0.0042                  1.22                 0.88                  2.10        0.0357           36.44
    5       2            9.3657         200.8698             0.0050                  2.53                 2.43                  4.96        0.0310           38.18
    6       3            9.3695         497.7009             0.0020                  0.45                 0.50                  0.95        0.0771           77.52
    7       3            9.2515         232.0077             0.0043                  1.22                 0.97                  2.19        0.0355           36.25
    8       3            9.3588         196.8200             0.0051                  2.53                 2.52                  5.05        0.0305           37.78
    9       3            9.2583         208.4255             0.0048                  1.23                 1.31                  2.54        0.0322           33.37
   10       3            9.2952         168.8013             0.0059                  2.52                 2.83                  5.35        0.0263           33.93
   11       3            9.3032         169.0172             0.0059                  3.31                 3.30                  6.61        0.0261           28.33
   12       4            9.2286         207.2171             0.0048                  1.22                 1.38                  2.60        0.0319           33.07
   13       4            9.3070         168.6420             0.0059                  2.53                 2.91                  5.44        0.0261           33.77
   14       4            9.3018         161.0096             0.0062                  3.32                 3.37                  6.68        0.0245           26.94
   15       4            9.2841         137.1860             0.0073                  3.30                 3.72                  7.02        0.0213           24.02
   16       5            9.2793         136.1101             0.0073                  3.32                 3.80                  7.11        0.0210           23.77

Summary Statistics:
------------------------------------------------------------------------------------------------------------------------
            Comp     Groups  Wall Time/Evt (s)  CPU Time/Evt (s)  Throughput (evt/s)  Write Remote (MB/evt)  Read Remote (MB/evt)  Net Transfer (MB/evt)  CPU Cores/Evt  Memory/Evt (MB)
count  16.000000  16.000000          16.000000         16.000000           16.000000              16.000000             16.000000              16.000000      16.000000        16.000000
mean    8.500000   3.000000           9.323384        267.262683            0.004665               1.877463              1.902622               3.780085       0.041112        43.902625
std     4.760952   1.032796           0.073025        149.739703            0.001850               1.149504              1.345376               2.486414       0.022972        21.491534
min     1.000000   1.000000           9.228601        136.110071            0.001874               0.446909              0.000000               0.447345       0.020996        23.768000
25%     4.750000   2.000000           9.275970        168.761459            0.003670               1.025839              0.786197               1.812035       0.026099        31.881500
50%     8.500000   3.000000           9.302503        204.043452            0.004902               1.874213              1.906577               3.782542       0.031459        35.092000
75%    12.250000   4.000000           9.365998        301.822296            0.005926               2.724858              3.010068               5.735042       0.046006        47.963000
max    16.000000   5.000000           9.510120        533.513821            0.007347               3.315873              3.797241               7.112903       0.081152        81.152000
