Workflow Construction Summary Table
========================================================================================================================

 Comp  Groups Wall Time/Evt (s) CPU Time/Evt (s) Throughput (evt/s) Write Remote (MB/evt) Read Remote (MB/evt) Net Transfer (MB/evt) CPU Cores/Evt Memory/Evt (MB)
    1       1            9.5191         534.7582             0.0019                  0.45                 0.00                  0.45        0.0812           81.22
    2       2            9.4415         526.8999             0.0019                  0.45                 0.07                  0.52        0.0807           80.69
    3       2            9.3682         497.8298             0.0020                  0.45                 0.43                  0.88        0.0769           77.33
    4       2            9.3177         243.9750             0.0041                  1.23                 0.91                  2.14        0.0373           38.02
    5       2            9.3598         200.5984             0.0050                  2.54                 2.42                  4.96        0.0307           37.93
    6       3            9.3567         497.4912             0.0020                  0.45                 0.51                  0.96        0.0768           77.22
    7       3            9.2809         238.5953             0.0042                  1.23                 0.98                  2.21        0.0368           37.56
    8       3            9.3405         195.8356             0.0051                  2.54                 2.50                  5.04        0.0302           37.45
    9       3            9.2402         210.9686             0.0047                  1.23                 1.34                  2.57        0.0327           33.86
   10       3            9.3270         170.4395             0.0059                  2.54                 2.87                  5.40        0.0264           34.08
   11       3            9.3254         169.7414             0.0059                  3.32                 3.34                  6.66        0.0260           28.31
   12       4            9.2422         210.9437             0.0047                  1.23                 1.42                  2.65        0.0327           33.84
   13       4            9.3165         170.3813             0.0059                  2.54                 2.94                  5.48        0.0264           34.04
   14       4            9.2873         164.7859             0.0061                  3.32                 3.41                  6.73        0.0254           27.77
   15       4            9.2691         138.4642             0.0072                  3.32                 3.77                  7.09        0.0214           24.17
   16       5            9.2672         138.4660             0.0072                  3.32                 3.84                  7.16        0.0214           24.18

Summary Statistics:
------------------------------------------------------------------------------------------------------------------------
            Comp     Groups  Wall Time/Evt (s)  CPU Time/Evt (s)  Throughput (evt/s)  Write Remote (MB/evt)  Read Remote (MB/evt)  Net Transfer (MB/evt)  CPU Cores/Evt  Memory/Evt (MB)
count  16.000000  16.000000          16.000000         16.000000           16.000000              16.000000             16.000000              16.000000      16.000000        16.000000
mean    8.500000   3.000000           9.328696        269.385880            0.004612               1.884766              1.921114               3.805880       0.041449        44.229350
std     4.760952   1.032796           0.072724        149.278425            0.001823               1.152134              1.357551               2.500851       0.022812        21.293929
min     1.000000   1.000000           9.240202        138.464210            0.001870               0.449219              0.000000               0.449219       0.021405        24.167600
25%     4.750000   2.000000           9.277947        170.221340            0.003577               1.035156              0.808944               1.844100       0.026316        32.459300
50%     8.500000   3.000000           9.321514        205.771057            0.004863               1.884766              1.920221               3.804987       0.031718        35.765200
75%    12.250000   4.000000           9.357442        307.354060            0.005875               2.734375              3.038445               5.772820       0.047196        47.821900
max    16.000000   5.000000           9.519062        534.758212            0.007222               3.320312              3.840808               7.161121       0.081216        81.216000
