Workflow Construction Summary Table
========================================================================================================================

 Comp  Groups Wall Time/Evt (s) CPU Time/Evt (s) Throughput (evt/s) Write Remote (MB/evt) Read Remote (MB/evt) Net Transfer (MB/evt) CPU Cores/Evt Memory/Evt (MB)
    1       1            7.0354          55.9356             0.0179                  0.45                 0.00                  0.45        0.0013            1.30
    2       2            7.0257          55.8583             0.0179                  0.45                 0.06                  0.51        0.0013            1.31
    3       2            7.0161          55.7817             0.0179                  0.45                 0.38                  0.83        0.0013            1.31
    4       2            7.0135          55.7612             0.0179                  2.54                 2.11                  4.65        0.0013            1.30
    5       2            7.0113          55.7435             0.0179                  1.23                 0.79                  2.02        0.0013            1.30
    6       3            7.0156          55.7774             0.0179                  0.45                 0.44                  0.89        0.0013            1.32
    7       3            7.0108          55.7394             0.0179                  2.54                 2.18                  4.72        0.0013            1.32
    8       3            7.0070          55.7092             0.0180                  1.23                 0.85                  2.08        0.0013            1.31
    9       3            7.0088          55.7240             0.0179                  2.54                 2.49                  5.03        0.0013            1.31
   10       3            7.0032          55.6788             0.0180                  1.23                 1.16                  2.39        0.0013            1.31
   11       3            7.0083          55.7192             0.0179                  3.32                 2.89                  6.21        0.0013            1.31
   12       4            7.0084          55.7206             0.0179                  2.54                 2.56                  5.10        0.0013            1.33
   13       4            7.0026          55.6745             0.0180                  1.23                 1.23                  2.46        0.0013            1.32
   14       4            7.0055          55.6974             0.0180                  3.32                 2.96                  6.28        0.0013            1.33
   15       4            7.0035          55.6820             0.0180                  3.32                 3.28                  6.60        0.0013            1.32
   16       5            7.0031          55.6786             0.0180                  3.32                 3.34                  6.66        0.0013            1.34

Summary Statistics:
------------------------------------------------------------------------------------------------------------------------
            Comp     Groups  Wall Time/Evt (s)  CPU Time/Evt (s)  Throughput (evt/s)  Write Remote (MB/evt)  Read Remote (MB/evt)  Net Transfer (MB/evt)  CPU Cores/Evt  Memory/Evt (MB)
count  16.000000  16.000000          16.000000         16.000000           16.000000              16.000000             16.000000              16.000000      16.000000        16.000000
mean    8.500000   3.000000           7.011177         55.742583            0.017940               1.884766              1.669509               3.554274       0.001315         1.315000
std     4.760952   1.032796           0.008877          0.070587            0.000023               1.152134              1.180391               2.324215       0.000011         0.010881
min     1.000000   1.000000           7.002614         55.674502            0.017878               0.449219              0.000000               0.449219       0.001296         1.296000
25%     4.750000   2.000000           7.005008         55.693543            0.017932               1.035156              0.699883               1.735040       0.001312         1.312000
50%     8.500000   3.000000           7.008620         55.722307            0.017946               1.884766              1.669683               3.554449       0.001312         1.312000
75%    12.250000   4.000000           7.014043         55.765269            0.017955               2.734375              2.641548               5.375923       0.001320         1.320000
max    16.000000   5.000000           7.035443         55.935568            0.017962               3.320312              3.338760               6.659072       0.001336         1.336000
