Workflow Construction Summary Table
========================================================================================================================

 Comp  Groups Wall Time/Evt (s) CPU Time/Evt (s) Throughput (evt/s) Write Remote (MB/evt) Read Remote (MB/evt) Net Transfer (MB/evt) CPU Cores/Evt Memory/Evt (MB)
    1       2           44.6570         333.9860             0.0030                  0.89                 0.56                  1.45        0.0471           47.86
    2       2           44.6570         333.9860             0.0030                  0.89                 0.56                  1.45        0.0471           46.67
    3       3           44.6405         333.9317             0.0030                  0.89                 0.72                  1.60        0.0471           47.86
    4       3           44.6405         333.9317             0.0030                  0.89                 0.72                  1.60        0.0471           46.67
    5       3           44.2926         329.9769             0.0030                  0.89                 0.72                  1.60        0.0468           47.48
    6       3           44.2926         329.9769             0.0030                  0.89                 0.72                  1.60        0.0468           46.57
    7       3           44.2901         168.5724             0.0059                  1.50                 1.22                  2.72        0.0239           47.63
    8       3           44.2901         168.5724             0.0059                  1.50                 1.22                  2.72        0.0239           46.43
    9       3           43.9378         323.0378             0.0031                  0.89                 1.12                  2.01        0.0462           46.65
   10       3           43.6548         294.8816             0.0034                  2.06                 1.80                  3.86        0.0424           47.75
   11       3           43.6548         294.8816             0.0034                  2.06                 1.80                  3.86        0.0424           46.55
   12       4           44.2819         329.9372             0.0030                  0.89                 0.87                  1.76        0.0468           47.49
   13       4           44.2819         329.9372             0.0030                  0.89                 0.87                  1.76        0.0468           46.57
   14       4           44.2808         168.5355             0.0059                  1.50                 1.37                  2.87        0.0239           47.64
   15       4           44.2808         168.5355             0.0059                  1.50                 1.37                  2.87        0.0239           46.43
   16       4           43.9266         322.9941             0.0031                  0.89                 1.28                  2.17        0.0463           46.66
   17       4           43.9266         322.9941             0.0031                  0.89                 1.28                  2.17        0.0463           46.64
   18       4           43.9341         167.2373             0.0060                  1.50                 1.37                  2.88        0.0239           47.48
   19       4           43.9341         167.2373             0.0060                  1.50                 1.37                  2.88        0.0239           46.55
   20       4           43.6387         294.8396             0.0034                  2.06                 1.95                  4.01        0.0424           47.75
   21       4           43.3686         165.1092             0.0061                  2.68                 2.45                  5.13        0.0238           47.60
   22       4           43.6387         294.8396             0.0034                  2.06                 1.95                  4.01        0.0424           46.55
   23       4           43.3686         165.1092             0.0061                  2.68                 2.45                  5.13        0.0238           46.40
   24       4           43.5772         294.6030             0.0034                  2.06                 1.95                  4.01        0.0424           47.47
   25       4           43.5772         294.6030             0.0034                  2.06                 1.95                  4.01        0.0424           46.55
   26       4           43.5101         294.3246             0.0034                  2.06                 2.37                  4.43        0.0424           46.53
   27       4           43.6009         165.9515             0.0060                  1.50                 1.78                  3.29        0.0239           46.43
   28       5           43.9201         322.9451             0.0031                  0.89                 1.43                  2.32        0.0463           46.65
   29       5           43.9302         167.2052             0.0060                  1.50                 1.52                  3.03        0.0239           47.50
   30       5           43.9302         167.2052             0.0060                  1.50                 1.52                  3.03        0.0239           46.57
   31       5           43.3513         165.0534             0.0061                  2.68                 2.60                  5.28        0.0238           47.61
   32       5           43.3513         165.0534             0.0061                  2.68                 2.60                  5.28        0.0238           46.40
   33       5           43.5671         294.5733             0.0034                  2.06                 2.11                  4.17        0.0425           47.48
   34       5           43.5671         294.5733             0.0034                  2.06                 2.11                  4.17        0.0425           46.56
   35       5           43.4995         294.2676             0.0034                  2.06                 2.52                  4.58        0.0424           46.53
   36       5           43.4995         294.2676             0.0034                  2.06                 2.52                  4.58        0.0424           46.53
   37       5           43.5731         165.8745             0.0060                  1.50                 1.94                  3.44        0.0238           46.41
   38       5           43.5731         165.8745             0.0060                  1.50                 1.94                  3.44        0.0238           46.41
   39       5           43.2994         164.8445             0.0061                  2.68                 2.60                  5.28        0.0238           47.33
   40       5           43.2994         164.8445             0.0061                  2.68                 2.60                  5.28        0.0238           46.42
   41       5           43.2506         164.6528             0.0061                  2.68                 3.02                  5.69        0.0238           46.41
   42       6           43.4837         294.2057             0.0034                  2.06                 2.68                  4.74        0.0424           46.52
   43       6           43.5611         165.8320             0.0060                  1.50                 2.09                  3.59        0.0239           46.41
   44       6           43.2881         164.8005             0.0061                  2.68                 2.76                  5.44        0.0238           47.34
   45       6           43.2881         164.8005             0.0061                  2.68                 2.76                  5.44        0.0238           46.40
   46       6           43.2362         164.6025             0.0061                  2.68                 3.17                  5.85        0.0238           46.41
   47       6           43.2362         164.6025             0.0061                  2.68                 3.17                  5.85        0.0238           46.42
   48       7           43.2295         164.5676             0.0061                  2.68                 3.33                  6.00        0.0239           46.42

Summary Statistics:
------------------------------------------------------------------------------------------------------------------------
        Comp     Groups  Wall Time/Evt (s)  CPU Time/Evt (s)  Throughput (evt/s)  Write Remote (MB/evt)  Read Remote (MB/evt)  Net Transfer (MB/evt)  CPU Cores/Evt  Memory/Evt (MB)
count  48.00  48.000000          48.000000         48.000000           48.000000              48.000000             48.000000              48.000000      48.000000        48.000000
mean   24.50   4.333333          43.772280        238.899357            0.004621               1.782451              1.849462               3.631913       0.034217        46.866163
std    14.00   1.117241           0.432761         74.703067            0.001424               0.668887              0.764245               1.405969       0.010575         0.523421
min     1.00   2.000000          43.229497        164.567635            0.002994               0.888672              0.562988               1.451660       0.023842        46.397400
25%    12.75   4.000000          43.454890        165.651343            0.003318               1.350435              1.278052               2.620791       0.023850        46.426100
50%    24.50   4.000000          43.619790        231.389038            0.004666               1.782451              1.936522               3.727143       0.033175        46.569000
75%    36.25   5.000000          44.023583        301.897457            0.006037               2.214468              2.522778               4.835498       0.043405        47.477650
max    48.00   7.000000          44.656970        333.985959            0.006077               2.676230              3.325614               6.001844       0.047070        47.864000
