Workflow Construction Summary Table
========================================================================================================================

 Comp  Groups Wall Time/Evt (s) CPU Time/Evt (s) Throughput (evt/s) Write Remote (MB/evt) Read Remote (MB/evt) Net Transfer (MB/evt) CPU Cores/Evt Memory/Evt (MB)
    1       2           50.9648         179.4755             0.0056                  0.89                 0.63                  1.52        0.0024            4.71
    2       2           50.9648         179.4755             0.0056                  0.89                 0.63                  1.52        0.0024            4.71
    3       3           50.9927         179.5300             0.0056                  0.89                 0.80                  1.69        0.0024            4.72
    4       3           50.9927         179.5300             0.0056                  0.89                 0.80                  1.69        0.0024            4.72
    5       3           50.9419         179.3771             0.0056                  0.89                 0.80                  1.69        0.0024            4.72
    6       3           50.9419         179.3771             0.0056                  0.89                 0.80                  1.69        0.0024            4.72
    7       3           50.8861         179.2686             0.0056                  1.50                 1.33                  2.83        0.0024            4.71
    8       3           50.8861         179.2686             0.0056                  1.50                 1.33                  2.83        0.0024            4.71
    9       3           50.8833         179.2082             0.0056                  0.89                 1.25                  2.14        0.0024            4.71
   10       3           50.8571         179.1195             0.0056                  2.06                 1.99                  4.05        0.0024            4.71
   11       3           50.8571         179.1195             0.0056                  2.06                 1.99                  4.05        0.0024            4.71
   12       4           50.9028         179.2974             0.0056                  0.89                 0.96                  1.85        0.0024            4.72
   13       4           50.9028         179.2974             0.0056                  0.89                 0.96                  1.85        0.0024            4.72
   14       4           50.9269         179.3489             0.0056                  1.50                 1.48                  2.99        0.0024            4.72
   15       4           50.9269         179.3489             0.0056                  1.50                 1.48                  2.99        0.0024            4.72
   16       4           50.8333         179.1068             0.0056                  0.89                 1.40                  2.29        0.0024            4.72
   17       4           50.8333         179.1068             0.0056                  0.89                 1.40                  2.29        0.0024            4.72
   18       4           51.0312         179.5067             0.0056                  1.50                 1.48                  2.98        0.0024            4.74
   19       4           51.0312         179.5067             0.0056                  1.50                 1.48                  2.98        0.0024            4.74
   20       4           50.8364         179.0767             0.0056                  2.06                 2.15                  4.21        0.0024            4.72
   21       4           50.7232         178.8126             0.0056                  2.68                 2.68                  5.35        0.0024            4.71
   22       4           50.8364         179.0767             0.0056                  2.06                 2.15                  4.21        0.0024            4.72
   23       4           50.7232         178.8126             0.0056                  2.68                 2.68                  5.35        0.0024            4.71
   24       4           50.8898         179.1748             0.0056                  2.06                 2.15                  4.21        0.0024            4.73
   25       4           50.8898         179.1748             0.0056                  2.06                 2.15                  4.21        0.0024            4.73
   26       4           50.7056         178.7992             0.0056                  2.06                 2.60                  4.66        0.0024            4.71
   27       4           50.8862         179.1665             0.0056                  1.50                 1.96                  3.47        0.0024            4.72
   28       5           50.8877         179.2140             0.0056                  0.89                 1.59                  2.48        0.0024            4.73
   29       5           50.9655         179.3738             0.0056                  1.50                 1.64                  3.15        0.0024            4.75
   30       5           50.9655         179.3738             0.0056                  1.50                 1.64                  3.15        0.0024            4.75
   31       5           50.6254         178.6156             0.0056                  2.68                 2.82                  5.50        0.0024            4.71
   32       5           50.6254         178.6156             0.0056                  2.68                 2.82                  5.50        0.0024            4.71
   33       5           50.8800         179.1537             0.0056                  2.06                 2.33                  4.39        0.0024            4.73
   34       5           50.8800         179.1537             0.0056                  2.06                 2.33                  4.39        0.0024            4.73
   35       5           50.7177         178.8219             0.0056                  2.06                 2.78                  4.84        0.0024            4.71
   36       5           50.7177         178.8219             0.0056                  2.06                 2.78                  4.84        0.0024            4.71
   37       5           50.8241         179.0407             0.0056                  1.50                 2.14                  3.64        0.0024            4.72
   38       5           50.8241         179.0407             0.0056                  1.50                 2.14                  3.64        0.0024            4.72
   39       5           50.7068         178.7695             0.0056                  2.68                 2.85                  5.53        0.0024            4.72
   40       5           50.7068         178.7695             0.0056                  2.68                 2.85                  5.53        0.0024            4.72
   41       5           50.7089         178.7669             0.0056                  2.68                 3.31                  5.99        0.0024            4.72
   42       6           50.6635         178.7119             0.0056                  2.06                 2.94                  5.00        0.0024            4.72
   43       6           50.9293         179.2497             0.0056                  1.50                 2.29                  3.79        0.0024            4.74
   44       6           50.6993         178.7531             0.0056                  2.68                 3.02                  5.70        0.0024            4.72
   45       6           50.6993         178.7531             0.0056                  2.68                 3.02                  5.70        0.0024            4.72
   46       6           50.7196         178.7865             0.0056                  2.68                 3.51                  6.19        0.0024            4.72
   47       6           50.7196         178.7865             0.0056                  2.68                 3.51                  6.19        0.0024            4.72
   48       7           50.6771         178.6999             0.0056                  2.68                 3.66                  6.34        0.0024            4.72

Summary Statistics:
------------------------------------------------------------------------------------------------------------------------
        Comp     Groups  Wall Time/Evt (s)  CPU Time/Evt (s)  Throughput (evt/s)  Write Remote (MB/evt)  Read Remote (MB/evt)  Net Transfer (MB/evt)  CPU Cores/Evt  Memory/Evt (MB)
count  48.00  48.000000          48.000000         48.000000           48.000000              48.000000             48.000000              48.000000      48.000000        48.000000
mean   24.50   4.333333          50.837311        179.096567            0.005584               1.782451              2.030736               3.813188       0.002360         4.720467
std    14.00   1.117241           0.112982          0.275935            0.000009               0.668887              0.838780               1.478226       0.000005         0.009791
min     1.00   2.000000          50.625404        178.615623            0.005570               0.888672              0.631273               1.519945       0.002353         4.705600
25%    12.75   4.000000          50.719143        178.809280            0.005577               1.350435              1.401670               2.742778       0.002357         4.713600
50%    24.50   4.000000          50.868547        179.136611            0.005582               1.782451              2.137101               3.917601       0.002360         4.720000
75%    36.25   5.000000          50.926937        179.310294            0.005593               2.214468              2.777979               5.087665       0.002362         4.723600
max    48.00   7.000000          51.031193        179.529992            0.005599               2.676230              3.662977               6.339208       0.002374         4.747200
