Workflow Construction Summary Table
========================================================================================================================

 Comp  Groups Wall Time/Evt (s) CPU Time/Evt (s) Throughput (evt/s) Write Remote (MB/evt) Read Remote (MB/evt) Net Transfer (MB/evt) CPU Cores/Evt Memory/Evt (MB)
    1       1            7.2630         455.5209             0.0022                  0.45                 0.00                  0.45        0.0160           16.00
    2       2            7.2477         451.5513             0.0022                  0.45                 0.06                  0.51        0.0159           15.90
    3       2            7.2323         429.4854             0.0023                  0.45                 0.38                  0.83        0.0152           15.25
    4       2            7.2229         204.0344             0.0049                  1.23                 0.78                  2.01        0.0071            7.26
    5       2            7.2229         169.3567             0.0059                  2.54                 2.09                  4.63        0.0060            7.44
    6       3            7.2315         429.4820             0.0023                  0.45                 0.44                  0.89        0.0152           15.26
    7       3            7.2161         200.5935             0.0050                  1.23                 0.84                  2.08        0.0070            7.16
    8       3            7.2185         166.0617             0.0060                  2.54                 2.15                  4.69        0.0058            7.27
    9       3            7.2099         179.0967             0.0056                  1.23                 1.16                  2.39        0.0063            6.51
   10       3            7.2154         144.7646             0.0069                  2.54                 2.47                  5.00        0.0052            6.69
   11       3            7.2122         141.6075             0.0071                  3.32                 2.87                  6.19        0.0050            5.45
   12       4            7.2091         179.0933             0.0056                  1.23                 1.22                  2.45        0.0063            6.52
   13       4            7.2146         144.7613             0.0069                  2.54                 2.53                  5.07        0.0052            6.70
   14       4            7.2079         138.3202             0.0072                  3.32                 2.93                  6.25        0.0049            5.35
   15       4            7.2047         117.0153             0.0085                  3.32                 3.25                  6.57        0.0042            4.71
   16       5            7.2039         117.0120             0.0085                  3.32                 3.31                  6.63        0.0042            4.71

Summary Statistics:
------------------------------------------------------------------------------------------------------------------------
            Comp     Groups  Wall Time/Evt (s)  CPU Time/Evt (s)  Throughput (evt/s)  Write Remote (MB/evt)  Read Remote (MB/evt)  Net Transfer (MB/evt)  CPU Cores/Evt  Memory/Evt (MB)
count  16.000000  16.000000          16.000000         16.000000           16.000000              16.000000             16.000000              16.000000      16.000000        16.000000
mean    8.500000   3.000000           7.220795        229.234801            0.005453               1.884766              1.655273               3.540039       0.008077         8.636000
std     4.760952   1.032796           0.016113        129.174566            0.002173               1.152134              1.168838               2.312666       0.004543         4.244862
min     1.000000   1.000000           7.203873        117.012006            0.002195               0.449219              0.000000               0.449219       0.004162         4.706000
25%     4.750000   2.000000           7.209720        143.972827            0.004258               1.035156              0.695801               1.730957       0.005116         6.248500
50%     8.500000   3.000000           7.215782        174.225039            0.005744               1.884766              1.655273               3.540039       0.006137         6.927000
75%    12.250000   4.000000           7.225081        260.396305            0.006946               2.734375              2.614746               5.349121       0.009130         9.393500
max    16.000000   5.000000           7.262984        455.520919            0.008546               3.320312              3.310547               6.630859       0.016000        16.000000
