Workflow Construction Summary Table
========================================================================================================================

 Comp  Groups Wall Time/Evt (s) CPU Time/Evt (s) Throughput (evt/s) Write Remote (MB/evt) Read Remote (MB/evt) Net Transfer (MB/evt) CPU Cores/Evt Memory/Evt (MB)
    1       1            7.2326          57.8610             0.0173                  0.45                 0.00                  0.45        0.0077            7.67
    2       2            7.1802          57.4414             0.0174                  0.45                 0.06                  0.51        0.0077            7.67
    3       2            7.1520          57.2157             0.0175                  0.45                 0.38                  0.83        0.0077            7.68
    4       2            7.4947          59.9572             0.0167                  2.54                 2.09                  4.63        0.0077            7.67
    5       2            7.2363          57.8903             0.0173                  1.23                 0.78                  2.01        0.0077            7.67
    6       3            7.1549          57.2396             0.0175                  0.45                 0.44                  0.89        0.0077            7.68
    7       3            7.4839          59.8712             0.0167                  2.54                 2.15                  4.69        0.0077            7.67
    8       3            7.2159          57.7275             0.0173                  1.23                 0.84                  2.08        0.0077            7.67
    9       3            7.5023          60.0185             0.0167                  2.54                 2.47                  5.00        0.0077            7.68
   10       3            7.2223          57.7783             0.0173                  1.23                 1.16                  2.39        0.0077            7.68
   11       3            7.6100          60.8803             0.0164                  3.32                 2.87                  6.19        0.0077            7.67
   12       4            7.5053          60.0424             0.0167                  2.54                 2.53                  5.07        0.0077            7.68
   13       4            7.2253          57.8022             0.0173                  1.23                 1.22                  2.45        0.0077            7.68
   14       4            7.5993          60.7943             0.0164                  3.32                 2.93                  6.25        0.0077            7.67
   15       4            7.6177          60.9416             0.0164                  3.32                 3.25                  6.57        0.0077            7.68
   16       5            7.6207          60.9655             0.0164                  3.32                 3.31                  6.63        0.0077            7.68

Summary Statistics:
------------------------------------------------------------------------------------------------------------------------
            Comp     Groups  Wall Time/Evt (s)  CPU Time/Evt (s)  Throughput (evt/s)  Write Remote (MB/evt)  Read Remote (MB/evt)  Net Transfer (MB/evt)  CPU Cores/Evt  Memory/Evt (MB)
count  16.000000  16.000000          16.000000         16.000000           16.000000              16.000000             16.000000              16.000000      16.000000        16.000000
mean    8.500000   3.000000           7.378335         59.026681            0.016952               1.884766              1.655273               3.540039       0.007676         7.676000
std     4.760952   1.032796           0.188091          1.504728            0.000431               1.152134              1.168838               2.312666       0.000004         0.004131
min     1.000000   1.000000           7.151960         57.215676            0.016403               0.449219              0.000000               0.449219       0.007672         7.672000
25%     4.750000   2.000000           7.220702         57.765616            0.016603               1.035156              0.695801               1.730957       0.007672         7.672000
50%     8.500000   3.000000           7.360095         58.880761            0.016988               1.884766              1.655273               3.540039       0.007676         7.676000
75%    12.250000   4.000000           7.528794         60.230352            0.017311               2.734375              2.614746               5.349121       0.007680         7.680000
max    16.000000   5.000000           7.620686         60.965488            0.017478               3.320312              3.310547               6.630859       0.007680         7.680000
