Workflow Construction Summary Table
========================================================================================================================

 Comp  Groups Wall Time/Evt (s) CPU Time/Evt (s) Throughput (evt/s) Write Remote (MB/evt) Read Remote (MB/evt) Net Transfer (MB/evt) CPU Cores/Evt Memory/Evt (MB)
    1       2           53.7599         188.2535             0.0053                  0.89                 0.62                  1.51        0.0287           57.42
    2       2           53.7599         188.2535             0.0053                  0.89                 0.62                  1.51        0.0287           57.42
    3       3           53.7717         188.2848             0.0053                  0.89                 0.79                  1.68        0.0287           57.44
    4       3           53.7717         188.2848             0.0053                  0.89                 0.79                  1.68        0.0287           57.44
    5       3           53.3613         186.8398             0.0054                  0.89                 0.79                  1.68        0.0287           57.32
    6       3           53.3613         186.8398             0.0054                  0.89                 0.79                  1.68        0.0287           57.32
    7       3           53.4908         187.3243             0.0053                  1.50                 1.34                  2.84        0.0286           57.19
    8       3           53.4908         187.3243             0.0053                  1.50                 1.34                  2.84        0.0286           57.19
    9       3           52.9509         185.4706             0.0054                  0.89                 1.25                  2.14        0.0287           57.37
   10       3           52.8977         185.2423             0.0054                  2.06                 1.99                  4.05        0.0287           57.32
   11       3           52.8977         185.2423             0.0054                  2.06                 1.99                  4.05        0.0287           57.32
   12       4           53.3582         186.8415             0.0054                  0.89                 0.96                  1.85        0.0287           57.32
   13       4           53.3582         186.8415             0.0054                  0.89                 0.96                  1.85        0.0287           57.32
   14       4           53.4979         187.3462             0.0053                  1.50                 1.50                  3.01        0.0286           57.20
   15       4           53.4979         187.3462             0.0053                  1.50                 1.50                  3.01        0.0286           57.20
   16       4           52.9635         185.5032             0.0054                  0.89                 1.42                  2.31        0.0287           57.38
   17       4           52.9635         185.5032             0.0054                  0.89                 1.42                  2.31        0.0287           57.38
   18       4           53.0938         185.9335             0.0054                  1.50                 1.51                  3.01        0.0287           57.36
   19       4           53.0938         185.9335             0.0054                  1.50                 1.51                  3.01        0.0287           57.36
   20       4           52.9020         185.2586             0.0054                  2.06                 2.16                  4.22        0.0287           57.32
   21       4           52.5490         184.2878             0.0054                  2.68                 2.70                  5.38        0.0285           57.01
   22       4           52.9020         185.2586             0.0054                  2.06                 2.16                  4.22        0.0287           57.32
   23       4           52.5490         184.2878             0.0054                  2.68                 2.70                  5.38        0.0285           57.01
   24       4           52.8302         185.0100             0.0054                  2.06                 2.16                  4.22        0.0287           57.32
   25       4           52.8302         185.0100             0.0054                  2.06                 2.16                  4.22        0.0287           57.32
   26       4           52.8126         184.9579             0.0054                  2.06                 2.61                  4.67        0.0287           57.31
   27       4           52.7519         184.7103             0.0054                  1.50                 1.97                  3.47        0.0286           57.20
   28       5           52.9520         185.4877             0.0054                  0.89                 1.59                  2.48        0.0287           57.36
   29       5           53.0927         185.9390             0.0054                  1.50                 1.68                  3.19        0.0287           57.36
   30       5           53.0927         185.9390             0.0054                  1.50                 1.68                  3.19        0.0287           57.36
   31       5           52.5447         184.2867             0.0054                  2.68                 2.87                  5.54        0.0285           57.01
   32       5           52.5447         184.2867             0.0054                  2.68                 2.87                  5.54        0.0285           57.01
   33       5           52.8310         185.0193             0.0054                  2.06                 2.33                  4.39        0.0287           57.33
   34       5           52.8310         185.0193             0.0054                  2.06                 2.33                  4.39        0.0287           57.33
   35       5           52.8065         184.9533             0.0054                  2.06                 2.78                  4.84        0.0287           57.31
   36       5           52.8065         184.9533             0.0054                  2.06                 2.78                  4.84        0.0287           57.31
   37       5           52.6897         184.5936             0.0054                  1.50                 2.13                  3.63        0.0286           57.15
   38       5           52.6897         184.5936             0.0054                  1.50                 2.13                  3.63        0.0286           57.15
   39       5           52.4751         184.0425             0.0054                  2.68                 2.86                  5.54        0.0285           57.00
   40       5           52.4751         184.0425             0.0054                  2.68                 2.86                  5.54        0.0285           57.00
   41       5           52.4410         183.9574             0.0054                  2.68                 3.31                  5.99        0.0285           56.98
   42       6           52.8206         184.9890             0.0054                  2.06                 2.95                  5.01        0.0287           57.32
   43       6           52.7313         184.6844             0.0054                  1.50                 2.30                  3.81        0.0286           57.19
   44       6           52.4889         184.0777             0.0054                  2.68                 3.03                  5.71        0.0285           57.02
   45       6           52.4889         184.0777             0.0054                  2.68                 3.03                  5.71        0.0285           57.02
   46       6           52.3910         183.8649             0.0054                  2.68                 3.48                  6.15        0.0285           56.92
   47       6           52.3910         183.8649             0.0054                  2.68                 3.48                  6.15        0.0285           56.92
   48       7           52.4666         184.0239             0.0054                  2.68                 3.66                  6.34        0.0285           57.01

Summary Statistics:
------------------------------------------------------------------------------------------------------------------------
        Comp     Groups  Wall Time/Evt (s)  CPU Time/Evt (s)  Throughput (evt/s)  Write Remote (MB/evt)  Read Remote (MB/evt)  Net Transfer (MB/evt)  CPU Cores/Evt  Memory/Evt (MB)
count  48.00  48.000000          48.000000         48.000000           48.000000              48.000000             48.000000              48.000000      48.000000        48.000000
mean   24.50   4.333333          52.948299        185.501796            0.005391               1.782451              2.038480               3.820931       0.028616        57.232067
std    14.00   1.117241           0.402446          1.316487            0.000038               0.668887              0.838903               1.479235       0.000078         0.155508
min     1.00   2.000000          52.391009        183.864940            0.005311               0.888672              0.623965               1.512637       0.028462        56.924800
25%    12.75   4.000000          52.654556        184.517156            0.005372               1.350435              1.422592               2.749948       0.028557        57.114800
50%    24.50   4.000000          52.864362        185.130816            0.005402               1.782451              2.125111               3.927775       0.028658        57.316800
75%    36.25   5.000000          53.159906        186.164213            0.005420               2.214468              2.780469               5.105080       0.028667        57.334800
max    48.00   7.000000          53.771748        188.284828            0.005439               2.676230              3.662070               6.338300       0.028718        57.436800
