Workflow Construction Summary Table
========================================================================================================================

 Comp  Groups Wall Time/Evt (s) CPU Time/Evt (s) Throughput (evt/s) Write Remote (MB/evt) Read Remote (MB/evt) Net Transfer (MB/evt) CPU Cores/Evt Memory/Evt (MB)
    1       1            9.6178          66.1851             0.0151                  0.45                 0.00                  0.45        0.0009            0.89
    2       2            9.6121          65.7999             0.0152                  0.44                 0.06                  0.51        0.0009            0.92
    3       2            9.6092          65.7819             0.0152                  0.44                 0.42                  0.86        0.0009            0.92
    4       2            9.6927          66.6020             0.0150                  2.54                 2.42                  4.96        0.0009            0.92
    5       2            9.5260          65.8304             0.0152                  1.23                 0.88                  2.11        0.0009            0.90
    6       3            9.6096          65.7844             0.0152                  0.44                 0.49                  0.93        0.0009            0.94
    7       3            9.7434          66.8015             0.0150                  2.54                 2.52                  5.06        0.0009            0.94
    8       3            9.6245          66.2192             0.0151                  1.23                 0.95                  2.18        0.0009            0.94
    9       3            9.5029          65.4992             0.0153                  2.50                 2.76                  5.26        0.0009            0.90
   10       3            9.4722          65.2667             0.0153                  1.21                 1.27                  2.49        0.0009            0.90
   11       3            9.5329          66.0108             0.0151                  3.32                 3.22                  6.54        0.0009            0.90
   12       4            9.5932          66.2094             0.0151                  2.54                 2.88                  5.42        0.0009            0.94
   13       4            9.6346          66.2653             0.0151                  1.23                 1.36                  2.59        0.0010            0.97
   14       4            9.6040          66.2930             0.0151                  3.32                 3.33                  6.65        0.0010            0.95
   15       4            9.5177          65.9554             0.0152                  3.32                 3.67                  6.99        0.0009            0.94
   16       5            9.4274          65.5950             0.0152                  3.32                 3.69                  7.01        0.0009            0.93

Summary Statistics:
------------------------------------------------------------------------------------------------------------------------
            Comp     Groups  Wall Time/Evt (s)  CPU Time/Evt (s)  Throughput (evt/s)  Write Remote (MB/evt)  Read Remote (MB/evt)  Net Transfer (MB/evt)  CPU Cores/Evt  Memory/Evt (MB)
count  16.000000  16.000000          16.000000         16.000000           16.000000              16.000000             16.000000              16.000000      16.000000        16.000000
mean    8.500000   3.000000           9.582493         66.006196            0.015151               1.880381              1.869409               3.749790       0.000924         0.924500
std     4.760952   1.032796           0.081265          0.400346            0.000092               1.152744              1.323347               2.468064       0.000023         0.022622
min     1.000000   1.000000           9.427390         65.266659            0.014970               0.443676              0.000000               0.449219       0.000888         0.888000
25%     4.750000   2.000000           9.523892         65.783754            0.015099               1.021834              0.780130               1.814037       0.000904         0.904000
50%     8.500000   3.000000           9.606606         65.983085            0.015155               1.866342              1.892644               3.777410       0.000924         0.924000
75%    12.250000   4.000000           9.619447         66.230751            0.015201               2.734375              2.962282               5.696657       0.000938         0.938000
max    16.000000   5.000000           9.743365         66.801475            0.015322               3.320312              3.690642               7.010954       0.000968         0.968000
