Workflow Construction Summary Table
========================================================================================================================

 Comp  Groups Wall Time/Evt (s) CPU Time/Evt (s) Throughput (evt/s) Write Remote (MB/evt) Read Remote (MB/evt) Net Transfer (MB/evt) CPU Cores/Evt Memory/Evt (MB)
    1       1           10.7091          74.9415             0.0133                  0.45                 0.00                  0.45        0.0409           40.91
    2       2           10.3942          72.4987             0.0138                  0.45                 0.07                  0.52        0.0407           40.75
    3       2           10.0768          68.5428             0.0146                  0.45                 0.43                  0.88        0.0397           39.73
    4       2            9.8668          58.7695             0.0170                  2.53                 2.44                  4.97        0.0348           37.16
    5       2            9.8907          52.8197             0.0189                  1.23                 0.91                  2.14        0.0316           26.82
    6       3           10.0579          67.6328             0.0148                  0.45                 0.51                  0.96        0.0392           39.73
    7       3            9.7763          58.4578             0.0171                  2.53                 2.51                  5.04        0.0348           37.02
    8       3            9.7516          52.3350             0.0191                  1.23                 0.99                  2.21        0.0316           26.68
    9       3            9.7045          58.2321             0.0172                  2.53                 2.87                  5.39        0.0348           35.97
   10       3            9.6121          51.8474             0.0193                  1.23                 1.35                  2.58        0.0316           25.61
   11       3            9.6568          52.0091             0.0192                  3.31                 3.35                  6.66        0.0316           25.99
   12       4            9.6975          57.3848             0.0174                  2.53                 2.95                  5.48        0.0344           36.01
   13       4            9.5926          50.9374             0.0196                  1.22                 1.42                  2.64        0.0311           25.64
   14       4            9.5618          51.6709             0.0194                  3.31                 3.42                  6.73        0.0316           25.83
   15       4            9.4959          51.4495             0.0194                  3.31                 3.78                  7.09        0.0316           24.79
   16       5            9.4765          50.5333             0.0198                  3.30                 3.86                  7.16        0.0311           24.80

Summary Statistics:
------------------------------------------------------------------------------------------------------------------------
            Comp     Groups  Wall Time/Evt (s)  CPU Time/Evt (s)  Throughput (evt/s)  Write Remote (MB/evt)  Read Remote (MB/evt)  Net Transfer (MB/evt)  CPU Cores/Evt  Memory/Evt (MB)
count  16.000000  16.000000          16.000000         16.000000           16.000000              16.000000             16.000000              16.000000      16.000000        16.000000
mean    8.500000   3.000000           9.832568         58.128896            0.017500               1.876911              1.929013               3.805924       0.034450        32.090587
std     4.760952   1.032796           0.336020          8.259978            0.002238               1.147163              1.362954               2.501314       0.003688         6.699635
min     1.000000   1.000000           9.476532         50.533263            0.013344               0.447581              0.000000               0.447677       0.031076        24.791000
25%     4.750000   2.000000           9.607245         51.803310            0.016458               1.030685              0.810553               1.841717       0.031597        25.781900
50%     8.500000   3.000000           9.728028         55.102231            0.018179               1.876344              1.927911               3.804091       0.032981        31.395200
75%    12.250000   4.000000           9.932487         60.985337            0.019304               2.722894              3.049820               5.773888       0.035941        37.801400
max    16.000000   5.000000          10.709112         74.941503            0.019789               3.308695              3.858101               7.160525       0.040914        40.913600
