Workflow Construction Summary Table
========================================================================================================================

 Comp  Groups Wall Time/Evt (s) CPU Time/Evt (s) Throughput (evt/s) Write Remote (MB/evt) Read Remote (MB/evt) Net Transfer (MB/evt) CPU Cores/Evt Memory/Evt (MB)
    1       2           43.8221        2581.2026             0.0004                  0.89                 0.57                  1.45        0.1845          185.10
    2       2           43.8221        2581.2026             0.0004                  0.89                 0.57                  1.45        0.1845          185.10
    3       3           43.8196        2580.1176             0.0004                  0.89                 0.72                  1.61        0.1844          184.89
    4       3           43.8196        2580.1176             0.0004                  0.89                 0.72                  1.61        0.1844          184.89
    5       3           43.6456        2550.1491             0.0004                  0.89                 0.72                  1.61        0.1831          183.70
    6       3           43.6456        2550.1491             0.0004                  0.89                 0.72                  1.61        0.1831          183.70
    7       3           43.7988        2573.4549             0.0004                  1.50                 1.21                  2.72        0.1841          184.72
    8       3           43.7988        2573.4549             0.0004                  1.50                 1.21                  2.72        0.1841          184.72
    9       3           43.5087        2474.8620             0.0004                  0.89                 1.14                  2.02        0.1783          179.48
   10       3           43.6085         772.2172             0.0013                  2.06                 1.80                  3.86        0.0547           73.85
   11       3           43.6085         772.2172             0.0013                  2.06                 1.80                  3.86        0.0547           73.85
   12       4           43.6585        2549.2645             0.0004                  0.89                 0.87                  1.76        0.1830          183.52
   13       4           43.6585        2549.2645             0.0004                  0.89                 0.87                  1.76        0.1830          183.52
   14       4           43.8127        2572.4058             0.0004                  1.50                 1.37                  2.87        0.1841          184.53
   15       4           43.8127        2572.4058             0.0004                  1.50                 1.37                  2.87        0.1841          184.53
   16       4           43.4962        2473.4894             0.0004                  0.89                 1.29                  2.18        0.1781          179.24
   17       4           43.4962        2473.4894             0.0004                  0.89                 1.29                  2.18        0.1781          179.24
   18       4           43.6412        2542.7644             0.0004                  1.50                 1.37                  2.87        0.1827          183.34
   19       4           43.6412        2542.7644             0.0004                  1.50                 1.37                  2.87        0.1827          183.34
   20       4           43.5982         771.2074             0.0013                  2.06                 1.95                  4.01        0.0546           73.64
   21       4           43.5805         643.9326             0.0016                  2.68                 2.44                  5.12        0.0454           73.71
   22       4           43.5982         771.2074             0.0013                  2.06                 1.95                  4.01        0.0546           73.64
   23       4           43.5805         643.9326             0.0016                  2.68                 2.44                  5.12        0.0454           73.71
   24       4           43.5740         749.7357             0.0013                  2.06                 1.95                  4.01        0.0533           72.41
   25       4           43.5740         749.7357             0.0013                  2.06                 1.95                  4.01        0.0533           72.41
   26       4           43.5920         684.2089             0.0015                  2.06                 2.36                  4.42        0.0486           68.36
   27       4           43.4899        2467.2205             0.0004                  1.50                 1.78                  3.29        0.1779          179.07
   28       5           43.5096        2472.8111             0.0004                  0.89                 1.44                  2.33        0.1781          179.10
   29       5           43.6361        2540.9676             0.0004                  1.50                 1.52                  3.03        0.1826          183.05
   30       5           43.6361        2540.9676             0.0004                  1.50                 1.52                  3.03        0.1826          183.05
   31       5           43.5941         642.8303             0.0016                  2.68                 2.60                  5.27        0.0453           73.52
   32       5           43.5941         642.8303             0.0016                  2.68                 2.60                  5.27        0.0453           73.52
   33       5           43.5779         748.6519             0.0013                  2.06                 2.10                  4.16        0.0532           72.21
   34       5           43.5779         748.6519             0.0013                  2.06                 2.10                  4.16        0.0532           72.21
   35       5           43.5927         683.2140             0.0015                  2.06                 2.52                  4.58        0.0486           68.18
   36       5           43.5927         683.2140             0.0015                  2.06                 2.52                  4.58        0.0486           68.18
   37       5           43.4976        2466.4220             0.0004                  1.50                 1.94                  3.44        0.1778          178.91
   38       5           43.4976        2466.4220             0.0004                  1.50                 1.94                  3.44        0.1778          178.91
   39       5           43.5567         621.6117             0.0016                  2.68                 2.60                  5.27        0.0439           72.27
   40       5           43.5567         621.6117             0.0016                  2.68                 2.60                  5.27        0.0439           72.27
   41       5           43.5726         555.5971             0.0018                  2.68                 3.01                  5.69        0.0393           68.20
   42       6           43.6040         682.0865             0.0015                  2.06                 2.67                  4.73        0.0485           67.98
   43       6           43.5103        2466.0154             0.0004                  1.50                 2.09                  3.59        0.1778          178.80
   44       6           43.5769         620.6890             0.0016                  2.68                 2.75                  5.43        0.0439           72.11
   45       6           43.5769         620.6890             0.0016                  2.68                 2.75                  5.43        0.0439           72.11
   46       6           43.5688         555.0706             0.0018                  2.68                 3.16                  5.84        0.0393           68.09
   47       6           43.5688         555.0706             0.0018                  2.68                 3.16                  5.84        0.0393           68.09
   48       7           43.5927         554.0571             0.0018                  2.68                 3.32                  5.99        0.0392           67.89

Summary Statistics:
------------------------------------------------------------------------------------------------------------------------
        Comp     Groups  Wall Time/Evt (s)  CPU Time/Evt (s)  Throughput (evt/s)  Write Remote (MB/evt)  Read Remote (MB/evt)  Net Transfer (MB/evt)  CPU Cores/Evt  Memory/Evt (MB)
count  48.00  48.000000          48.000000         48.000000           48.000000              48.000000             48.000000              48.000000      48.000000        48.000000
mean   24.50   4.333333          43.618607       1600.742823            0.000953               1.782451              1.848106               3.630557       0.114604       126.892542
std    14.00   1.117241           0.098421        942.038099            0.000576               0.668887              0.760556               1.402004       0.067946        56.182230
min     1.00   2.000000          43.489857        554.057140            0.000387               0.888672              0.566260               1.454931       0.039207        67.891200
25%    12.75   4.000000          43.571625        672.548061            0.000393               1.350435              1.287776               2.621116       0.047709        72.255200
50%    24.50   4.000000          43.592691       1619.116324            0.000850               1.782451              1.937467               3.726352       0.116275       126.324200
75%    36.25   5.000000          43.642294       2544.389455            0.001488               2.214468              2.515181               4.829369       0.182804       183.388000
max    48.00   7.000000          43.822069       2581.202579            0.001805               2.676230              3.317889               5.994119       0.184492       185.095600
