Workflow Construction Summary Table
========================================================================================================================

 Comp  Groups Wall Time/Evt (s) CPU Time/Evt (s) Throughput (evt/s) Write Remote (MB/evt) Read Remote (MB/evt) Net Transfer (MB/evt) CPU Cores/Evt Memory/Evt (MB)
    1       2           39.0360         307.0635             0.0033                  0.89                 0.54                  1.43        0.0106           10.74
    2       2           39.0360         307.0635             0.0033                  0.89                 0.54                  1.43        0.0106           10.47
    3       3           39.0335         307.0533             0.0033                  0.89                 0.68                  1.57        0.0106           10.74
    4       3           39.0335         307.0533             0.0033                  0.89                 0.68                  1.57        0.0106           10.47
    5       3           38.9566         305.2247             0.0033                  0.89                 0.68                  1.57        0.0105           10.68
    6       3           38.9566         305.2247             0.0033                  0.89                 0.68                  1.57        0.0105           10.47
    7       3           38.9591         155.9990             0.0064                  1.50                 1.15                  2.66        0.0054           10.73
    8       3           38.9591         155.9990             0.0064                  1.50                 1.15                  2.66        0.0054           10.46
    9       3           38.8781         300.5757             0.0033                  0.89                 1.07                  1.96        0.0104           10.46
   10       3           38.8201         275.9463             0.0036                  2.06                 1.71                  3.77        0.0095           10.74
   11       3           38.8201         275.9463             0.0036                  2.06                 1.71                  3.77        0.0095           10.47
   12       4           38.9540         305.2145             0.0033                  0.89                 0.83                  1.72        0.0105           10.68
   13       4           38.9540         305.2145             0.0033                  0.89                 0.83                  1.72        0.0105           10.47
   14       4           38.9565         155.9888             0.0064                  1.50                 1.30                  2.80        0.0054           10.73
   15       4           38.9565         155.9888             0.0064                  1.50                 1.30                  2.80        0.0054           10.46
   16       4           38.8755         300.5655             0.0033                  0.89                 1.22                  2.11        0.0104           10.47
   17       4           38.8755         300.5655             0.0033                  0.89                 1.22                  2.11        0.0104           10.47
   18       4           38.8803         155.6841             0.0064                  1.50                 1.30                  2.80        0.0054           10.67
   19       4           38.8803         155.6841             0.0064                  1.50                 1.30                  2.80        0.0054           10.46
   20       4           38.8176         275.9361             0.0036                  2.06                 1.86                  3.92        0.0095           10.74
   21       4           38.7587         155.1975             0.0064                  2.68                 2.32                  5.00        0.0054           10.73
   22       4           38.8176         275.9361             0.0036                  2.06                 1.86                  3.92        0.0095           10.47
   23       4           38.7587         155.1975             0.0064                  2.68                 2.32                  5.00        0.0054           10.46
   24       4           38.8044         275.8836             0.0036                  2.06                 1.86                  3.92        0.0095           10.68
   25       4           38.8044         275.8836             0.0036                  2.06                 1.86                  3.92        0.0095           10.47
   26       4           38.7929         275.8376             0.0036                  2.06                 2.25                  4.31        0.0095           10.47
   27       4           38.8041         155.3793             0.0064                  1.50                 1.69                  3.19        0.0054           10.46
   28       5           38.8730         300.5553             0.0033                  0.89                 1.37                  2.26        0.0104           10.47
   29       5           38.8778         155.6739             0.0064                  1.50                 1.45                  2.95        0.0054           10.67
   30       5           38.8778         155.6739             0.0064                  1.50                 1.45                  2.95        0.0054           10.46
   31       5           38.7561         155.1872             0.0064                  2.68                 2.47                  5.15        0.0054           10.73
   32       5           38.7561         155.1872             0.0064                  2.68                 2.47                  5.15        0.0054           10.46
   33       5           38.8019         275.8734             0.0036                  2.06                 2.00                  4.06        0.0095           10.68
   34       5           38.8019         275.8734             0.0036                  2.06                 2.00                  4.06        0.0095           10.47
   35       5           38.7904         275.8273             0.0036                  2.06                 2.39                  4.45        0.0095           10.47
   36       5           38.7904         275.8273             0.0036                  2.06                 2.39                  4.45        0.0095           10.47
   37       5           38.8016         155.3691             0.0064                  1.50                 1.84                  3.34        0.0054           10.46
   38       5           38.8016         155.3691             0.0064                  1.50                 1.84                  3.34        0.0054           10.46
   39       5           38.7430         155.1347             0.0064                  2.68                 2.47                  5.15        0.0054           10.67
   40       5           38.7430         155.1347             0.0064                  2.68                 2.47                  5.15        0.0054           10.46
   41       5           38.7315         155.0887             0.0064                  2.68                 2.86                  5.54        0.0054           10.46
   42       6           38.7878         275.8171             0.0036                  2.06                 2.54                  4.60        0.0095           10.47
   43       6           38.7990         155.3589             0.0064                  1.50                 1.98                  3.49        0.0054           10.46
   44       6           38.7404         155.1245             0.0064                  2.68                 2.62                  5.29        0.0054           10.67
   45       6           38.7404         155.1245             0.0064                  2.68                 2.62                  5.29        0.0054           10.46
   46       6           38.7289         155.0785             0.0064                  2.68                 3.01                  5.68        0.0054           10.46
   47       6           38.7289         155.0785             0.0064                  2.68                 3.01                  5.68        0.0054           10.46
   48       7           38.7264         155.0683             0.0064                  2.68                 3.15                  5.83        0.0054           10.46

Summary Statistics:
------------------------------------------------------------------------------------------------------------------------
        Comp     Groups  Wall Time/Evt (s)  CPU Time/Evt (s)  Throughput (evt/s)  Write Remote (MB/evt)  Read Remote (MB/evt)  Net Transfer (MB/evt)  CPU Cores/Evt  Memory/Evt (MB)
count  48.00  48.000000          48.000000         48.000000           48.000000              48.000000             48.000000              48.000000      48.000000        48.000000
mean   24.50   4.333333          38.845365        222.744414            0.004945               1.782451              1.756410               3.538861       0.007696        10.544833
std    14.00   1.117241           0.093225         68.816497            0.001510               0.668887              0.723768               1.366042       0.002370         0.116322
min     1.00   2.000000          38.726375        155.068299            0.003257               0.888672              0.537109               1.425781       0.005373        10.456200
25%    12.75   4.000000          38.780540        155.318521            0.003550               1.350435              1.220703               2.556826       0.005374        10.459700
50%    24.50   4.000000          38.811004        215.908089            0.005018               1.782451              1.836387               3.628379       0.007462        10.471400
75%    36.25   5.000000          38.898741        282.098537            0.006438               2.214468              2.392578               4.699932       0.009755        10.673950
max    48.00   7.000000          39.036010        307.063531            0.006449               2.676230              3.154746               5.830977       0.010559        10.744000
