Workflow Construction Summary Table
========================================================================================================================

 Comp  Groups Wall Time/Evt (s) CPU Time/Evt (s) Throughput (evt/s) Write Remote (MB/evt) Read Remote (MB/evt) Net Transfer (MB/evt) CPU Cores/Evt Memory/Evt (MB)
    1       1            7.1159          56.6570             0.0177                  0.45                 0.00                  0.45        0.0039            3.87
    2       2            7.0869          56.4259             0.0177                  0.45                 0.06                  0.51        0.0039            3.87
    3       2            7.0600          56.2116             0.0178                  0.45                 0.38                  0.83        0.0039            3.87
    4       2            7.0795          56.3665             0.0177                  2.54                 2.10                  4.64        0.0039            3.87
    5       2            7.0547          56.1695             0.0178                  1.23                 0.78                  2.01        0.0039            3.87
    6       3            7.0590          56.2034             0.0178                  0.45                 0.44                  0.89        0.0039            3.88
    7       3            7.0715          56.3031             0.0178                  2.54                 2.16                  4.70        0.0039            3.88
    8       3            7.0419          56.0675             0.0178                  1.23                 0.85                  2.08        0.0039            3.88
    9       3            7.0681          56.2763             0.0178                  2.54                 2.48                  5.02        0.0039            3.88
   10       3            7.0295          55.9806             0.0179                  1.23                 1.16                  2.39        0.0039            3.87
   11       3            7.0745          56.3276             0.0178                  3.32                 2.88                  6.20        0.0039            3.88
   12       4            7.0671          56.2680             0.0178                  2.54                 2.54                  5.08        0.0039            3.88
   13       4            7.0285          55.9723             0.0179                  1.23                 1.23                  2.46        0.0039            3.88
   14       4            7.0665          56.2641             0.0178                  3.32                 2.95                  6.27        0.0039            3.88
   15       4            7.0573          56.2139             0.0178                  3.32                 3.26                  6.58        0.0039            3.88
   16       5            7.0565          56.2067             0.0178                  3.32                 3.32                  6.64        0.0039            3.88

Summary Statistics:
------------------------------------------------------------------------------------------------------------------------
            Comp     Groups  Wall Time/Evt (s)  CPU Time/Evt (s)  Throughput (evt/s)  Write Remote (MB/evt)  Read Remote (MB/evt)  Net Transfer (MB/evt)  CPU Cores/Evt  Memory/Evt (MB)
count  16.000000  16.000000          16.000000         16.000000           16.000000              16.000000             16.000000              16.000000      16.000000        16.000000
mean    8.500000   3.000000           7.063593         56.244634            0.017780               1.884766              1.661853               3.546619       0.003875         3.875300
std     4.760952   1.032796           0.021336          0.166556            0.000053               1.152134              1.173536               2.317389       0.000002         0.002222
min     1.000000   1.000000           7.028492         55.972335            0.017650               0.449219              0.000000               0.449219       0.003872         3.872000
25%     4.750000   2.000000           7.056060         56.194937            0.017759               1.035156              0.697978               1.733134       0.003874         3.873600
50%     8.500000   3.000000           7.063261         56.239007            0.017781               1.884766              1.663128               3.547894       0.003875         3.875200
75%    12.250000   4.000000           7.072257         56.309250            0.017795               2.734375              2.627259               5.361634       0.003877         3.876800
max    16.000000   5.000000           7.115945         56.657028            0.017866               3.320312              3.320448               6.640761       0.003880         3.880000
