Workflow Construction Summary Table
========================================================================================================================

 Comp  Groups Wall Time/Evt (s) CPU Time/Evt (s) Throughput (evt/s) Write Remote (MB/evt) Read Remote (MB/evt) Net Transfer (MB/evt) CPU Cores/Evt Memory/Evt (MB)
    1       1            7.2056          56.4223             0.0177                  0.45                 0.00                  0.45        0.0160           16.04
    2       2            7.2057          56.2155             0.0178                  0.45                 0.07                  0.51        0.0160           15.98
    3       2            7.2056          54.7719             0.0183                  0.45                 0.39                  0.84        0.0156           15.58
    4       2            7.2058          48.2504             0.0207                  2.54                 2.13                  4.67        0.0137           14.62
    5       2            7.2059          43.7429             0.0229                  1.23                 0.80                  2.03        0.0124           10.51
    6       3            7.2056          54.0575             0.0185                  0.45                 0.45                  0.90        0.0154           15.60
    7       3            7.2032          48.2452             0.0207                  2.54                 2.20                  4.74        0.0137           14.56
    8       3            7.2059          43.7429             0.0229                  1.23                 0.86                  2.09        0.0124           10.46
    9       3            7.2058          48.2504             0.0207                  2.54                 2.52                  5.06        0.0137           14.16
   10       3            7.2059          43.7429             0.0229                  1.23                 1.19                  2.42        0.0124           10.05
   11       3            7.2059          43.7429             0.0229                  3.32                 2.93                  6.26        0.0124           10.21
   12       4            7.2058          47.5288             0.0210                  2.54                 2.58                  5.12        0.0135           14.16
   13       4            7.2059          43.0177             0.0232                  1.23                 1.25                  2.48        0.0122           10.06
   14       4            7.2059          43.7429             0.0229                  3.32                 3.00                  6.32        0.0124           10.16
   15       4            7.2056          43.7423             0.0229                  3.32                 3.32                  6.64        0.0124            9.76
   16       5            7.2059          43.0285             0.0232                  3.32                 3.38                  6.70        0.0122            9.76

Summary Statistics:
------------------------------------------------------------------------------------------------------------------------
            Comp     Groups  Wall Time/Evt (s)  CPU Time/Evt (s)  Throughput (evt/s)  Write Remote (MB/evt)  Read Remote (MB/evt)  Net Transfer (MB/evt)  CPU Cores/Evt  Memory/Evt (MB)
count  16.000000  16.000000          16.000000         16.000000           16.000000              16.000000             16.000000              16.000000      16.000000        16.000000
mean    8.500000   3.000000           7.205620         47.640295            0.021196               1.884766              1.692616               3.577382       0.013543        12.603437
std     4.760952   1.032796           0.000664          5.017308            0.002086               1.152134              1.194076               2.337747       0.001430         2.627865
min     1.000000   1.000000           7.203188         43.017683            0.017723               0.449219              0.000000               0.449219       0.012224         9.756000
25%     4.750000   2.000000           7.205588         43.742871            0.020169               1.035156              0.711966               1.747123       0.012427        10.137500
50%     8.500000   3.000000           7.205793         45.635843            0.021950               1.884766              1.692942               3.577708       0.012978        12.335000
75%    12.250000   4.000000           7.205905         49.702143            0.022861               2.734375              2.671114               5.405489       0.014136        14.856000
max    16.000000   5.000000           7.205923         56.422266            0.023246               3.320312              3.384408               6.704721       0.016040        16.040000
