Workflow Construction Summary Table
========================================================================================================================

 Comp  Groups Wall Time/Evt (s) CPU Time/Evt (s) Throughput (evt/s) Write Remote (MB/evt) Read Remote (MB/evt) Net Transfer (MB/evt) CPU Cores/Evt Memory/Evt (MB)
    1       1            8.1796         520.9095             0.0019                  0.45                 0.00                  0.45        0.2486          248.61
    2       2            7.9472         502.5637             0.0020                  0.45                 0.06                  0.51        0.2468          246.93
    3       2            7.7174         237.9075             0.0042                  1.23                 0.79                  2.02        0.1136          115.70
    4       2            7.7355         464.2639             0.0022                  0.45                 0.38                  0.83        0.2350          236.37
    5       2            7.9685         201.5480             0.0050                  2.54                 2.10                  4.64        0.0939          115.88
    6       3            7.7281         464.2350             0.0022                  0.45                 0.44                  0.89        0.2350          236.32
    7       3            7.6154         227.8546             0.0044                  1.23                 0.85                  2.08        0.1118          114.02
    8       3            7.9602         173.2967             0.0058                  3.32                 2.88                  6.21        0.0789           85.98
    9       3            7.9059         193.9985             0.0052                  2.54                 2.16                  4.70        0.0922          114.33
   10       3            7.8827         167.7283             0.0060                  2.54                 2.48                  5.02        0.0803          103.68
   11       3            7.5445         198.5168             0.0050                  1.23                 1.16                  2.39        0.1000          103.49
   12       4            7.8757         167.7001             0.0060                  2.54                 2.54                  5.08        0.0803          103.63
   13       4            7.5374         198.4887             0.0050                  1.23                 1.23                  2.46        0.1000          103.44
   14       4            7.8975         165.7556             0.0060                  3.32                 2.95                  6.27        0.0772           84.41
   15       4            7.8752         139.5166             0.0072                  3.32                 3.26                  6.58        0.0654           73.82
   16       5            7.8681         139.5014             0.0072                  3.32                 3.33                  6.65        0.0654           73.78

Summary Statistics:
------------------------------------------------------------------------------------------------------------------------
            Comp     Groups  Wall Time/Evt (s)  CPU Time/Evt (s)  Throughput (evt/s)  Write Remote (MB/evt)  Read Remote (MB/evt)  Net Transfer (MB/evt)  CPU Cores/Evt  Memory/Evt (MB)
count  16.000000  16.000000          16.000000         16.000000           16.000000              16.000000             16.000000              16.000000      16.000000         16.00000
mean    8.500000   3.000000           7.827439        260.236557            0.004692               1.884766              1.663047               3.547812       0.126530        135.02445
std     4.760952   1.032796           0.170456        138.965870            0.001773               1.152134              1.174280               2.318111       0.069951         65.31605
min     1.000000   1.000000           7.537437        139.501392            0.001920               0.449219              0.000000               0.449219       0.065403         73.78000
25%     4.750000   2.000000           7.725403        167.721253            0.003691               1.035156              0.699105               1.734261       0.079967         99.07360
50%     8.500000   3.000000           7.875427        198.502725            0.005038               1.884766              1.663364               3.548129       0.096934        108.85080
75%    12.250000   4.000000           7.916251        294.489396            0.005962               2.734375              2.626667               5.361042       0.143926        145.98650
max    16.000000   5.000000           8.179640        520.909499            0.007168               3.320312              3.325678               6.645990       0.248614        248.61440
