Workflow Construction Summary Table
========================================================================================================================

 Comp  Groups Wall Time/Evt (s) CPU Time/Evt (s) Throughput (evt/s) Write Remote (MB/evt) Read Remote (MB/evt) Net Transfer (MB/evt) CPU Cores/Evt Memory/Evt (MB)
    1       1            6.9484          55.5871             0.0180                  0.45                 0.00                  0.45        0.0013            1.28
    2       2            6.9386          55.3086             0.0181                  0.45                 0.06                  0.51        0.0013            1.27
    3       2            6.9245          42.9223             0.0233                  1.23                 0.78                  2.01        0.0010            0.84
    4       2            6.9291          53.8262             0.0186                  0.45                 0.38                  0.83        0.0012            1.24
    5       2            6.9266          47.3693             0.0211                  2.54                 2.09                  4.63        0.0011            1.17
    6       3            6.9286          53.1223             0.0188                  0.45                 0.44                  0.89        0.0012            1.24
    7       3            6.9202          42.9049             0.0233                  1.23                 0.84                  2.08        0.0010            0.84
    8       3            6.9214          42.9097             0.0233                  3.32                 2.87                  6.19        0.0010            0.81
    9       3            6.9238          47.3582             0.0211                  2.54                 2.15                  4.69        0.0011            1.16
   10       3            6.9220          47.3509             0.0211                  2.54                 2.47                  5.00        0.0011            1.13
   11       3            6.9163          42.8895             0.0233                  1.23                 1.16                  2.39        0.0010            0.80
   12       4            6.9215          46.6470             0.0214                  2.54                 2.53                  5.07        0.0011            1.13
   13       4            6.9158          42.1856             0.0237                  1.23                 1.22                  2.45        0.0010            0.80
   14       4            6.9186          42.8985             0.0233                  3.32                 2.93                  6.25        0.0010            0.81
   15       4            6.9167          42.8912             0.0233                  3.32                 3.25                  6.57        0.0010            0.78
   16       5            6.9162          42.1874             0.0237                  3.32                 3.31                  6.63        0.0010            0.78

Summary Statistics:
------------------------------------------------------------------------------------------------------------------------
            Comp     Groups  Wall Time/Evt (s)  CPU Time/Evt (s)  Throughput (evt/s)  Write Remote (MB/evt)  Read Remote (MB/evt)  Net Transfer (MB/evt)  CPU Cores/Evt  Memory/Evt (MB)
count  16.000000  16.000000          16.000000         16.000000           16.000000              16.000000             16.000000              16.000000      16.000000        16.000000
mean    8.500000   3.000000           6.924269         46.772421            0.021595               1.884766              1.655273               3.540039       0.001080         1.005300
std     4.760952   1.032796           0.008803          4.990678            0.002150               1.152134              1.168838               2.312666       0.000114         0.209367
min     1.000000   1.000000           6.915807         42.185611            0.017990               0.449219              0.000000               0.449219       0.000976         0.778400
25%     4.750000   2.000000           6.918111         42.896689            0.020539               1.035156              0.695801               1.730957       0.000992         0.807800
50%     8.500000   3.000000           6.921747         44.784675            0.022368               1.884766              1.655273               3.540039       0.001036         0.984400
75%    12.250000   4.000000           6.927100         48.807583            0.023312               2.734375              2.614746               5.349121       0.001128         1.185400
max    16.000000   5.000000           6.948389         55.587114            0.023705               3.320312              3.310547               6.630859       0.001278         1.278400
