Workflow Construction Summary Table
========================================================================================================================

 Comp  Groups Wall Time/Evt (s) CPU Time/Evt (s) Throughput (evt/s) Write Remote (MB/evt) Read Remote (MB/evt) Net Transfer (MB/evt) CPU Cores/Evt Memory/Evt (MB)
    1       1            6.9524          55.6195             0.0180                  0.45                 0.00                  0.45        0.0013            1.28
    2       2            6.9433          55.3429             0.0181                  0.45                 0.06                  0.51        0.0013            1.27
    3       2            6.9426          43.0229             0.0232                  1.23                 0.78                  2.01        0.0010            0.84
    4       2            6.9365          53.8694             0.0186                  0.45                 0.38                  0.83        0.0012            1.24
    5       2            6.9683          47.6112             0.0210                  2.54                 2.09                  4.63        0.0011            1.17
    6       3            6.9366          53.1599             0.0188                  0.45                 0.44                  0.89        0.0012            1.24
    7       3            6.9388          43.0078             0.0233                  1.23                 0.84                  2.08        0.0010            0.84
    8       3            6.9771          43.1607             0.0232                  3.32                 2.87                  6.19        0.0010            0.81
    9       3            6.9661          47.6023             0.0210                  2.54                 2.15                  4.69        0.0011            1.16
   10       3            6.9670          47.6063             0.0210                  2.54                 2.47                  5.00        0.0011            1.13
   11       3            6.9378          43.0036             0.0233                  1.23                 1.16                  2.39        0.0010            0.80
   12       4            6.9671          46.8968             0.0213                  2.54                 2.53                  5.07        0.0011            1.13
   13       4            6.9379          42.2941             0.0236                  1.23                 1.22                  2.45        0.0010            0.80
   14       4            6.9749          43.1518             0.0232                  3.32                 2.93                  6.25        0.0010            0.81
   15       4            6.9758          43.1558             0.0232                  3.32                 3.25                  6.57        0.0010            0.78
   16       5            6.9759          42.4463             0.0236                  3.32                 3.31                  6.63        0.0010            0.78

Summary Statistics:
------------------------------------------------------------------------------------------------------------------------
            Comp     Groups  Wall Time/Evt (s)  CPU Time/Evt (s)  Throughput (evt/s)  Write Remote (MB/evt)  Read Remote (MB/evt)  Net Transfer (MB/evt)  CPU Cores/Evt  Memory/Evt (MB)
count  16.000000  16.000000          16.000000         16.000000           16.000000              16.000000             16.000000              16.000000      16.000000        16.000000
mean    8.500000   3.000000           6.956130         46.934447            0.021514               1.884766              1.655273               3.540039       0.001080         1.005300
std     4.760952   1.032796           0.016642          4.932980            0.002116               1.152134              1.168838               2.312666       0.000114         0.209367
min     1.000000   1.000000           6.936488         42.294068            0.017979               0.449219              0.000000               0.449219       0.000976         0.778400
25%     4.750000   2.000000           6.938603         43.019106            0.020455               1.035156              0.695801               1.730957       0.000992         0.807800
50%     8.500000   3.000000           6.959242         45.028747            0.022246               1.884766              1.655273               3.540039       0.001036         0.984400
75%    12.250000   4.000000           6.969920         48.998394            0.023245               2.734375              2.614746               5.349121       0.001128         1.185400
max    16.000000   5.000000           6.977082         55.619458            0.023644               3.320312              3.310547               6.630859       0.001278         1.278400
