Workflow Construction Summary Table
========================================================================================================================

 Comp  Groups Wall Time/Evt (s) CPU Time/Evt (s) Throughput (evt/s) Write Remote (MB/evt) Read Remote (MB/evt) Net Transfer (MB/evt) CPU Cores/Evt Memory/Evt (MB)
    1       1            6.9244          55.3956             0.0181                  0.45                 0.00                  0.45        0.0006            0.64
    2       2            6.9198          55.1576             0.0181                  0.45                 0.06                  0.51        0.0006            0.64
    3       2            6.9151          53.7166             0.0186                  0.45                 0.38                  0.83        0.0006            0.63
    4       2            6.9158          47.2989             0.0211                  2.54                 2.09                  4.63        0.0006            0.59
    5       2            6.9133          42.8669             0.0233                  1.23                 0.78                  2.01        0.0005            0.42
    6       3            6.9149          53.0145             0.0189                  0.45                 0.44                  0.89        0.0006            0.63
    7       3            6.9144          47.2931             0.0211                  2.54                 2.15                  4.69        0.0006            0.59
    8       3            6.9113          42.8587             0.0233                  1.23                 0.84                  2.08        0.0005            0.42
    9       3            6.9136          47.2901             0.0211                  2.54                 2.47                  5.00        0.0006            0.57
   10       3            6.9095          42.8516             0.0233                  1.23                 1.16                  2.39        0.0005            0.41
   11       3            6.9139          42.8694             0.0233                  3.32                 2.87                  6.19        0.0005            0.41
   12       4            6.9134          46.5879             0.0215                  2.54                 2.53                  5.07        0.0005            0.57
   13       4            6.9093          42.1494             0.0237                  1.23                 1.22                  2.45        0.0005            0.41
   14       4            6.9125          42.8637             0.0233                  3.32                 2.93                  6.25        0.0005            0.41
   15       4            6.9117          42.8606             0.0233                  3.32                 3.25                  6.57        0.0005            0.40
   16       5            6.9116          42.1584             0.0237                  3.32                 3.31                  6.63        0.0005            0.40

Summary Statistics:
------------------------------------------------------------------------------------------------------------------------
            Comp     Groups  Wall Time/Evt (s)  CPU Time/Evt (s)  Throughput (evt/s)  Write Remote (MB/evt)  Read Remote (MB/evt)  Net Transfer (MB/evt)  CPU Cores/Evt  Memory/Evt (MB)
count  16.000000  16.000000          16.000000         16.000000           16.000000              16.000000             16.000000              16.000000      16.000000        16.000000
mean    8.500000   3.000000           6.914025         46.702053            0.021624               1.884766              1.655273               3.540039       0.000545         0.509500
std     4.760952   1.032796           0.003765          4.946698            0.002139               1.152134              1.168838               2.312666       0.000057         0.104554
min     1.000000   1.000000           6.909291         42.149371            0.018052               0.449219              0.000000               0.449219       0.000494         0.395000
25%     4.750000   2.000000           6.911683         42.860122            0.020572               1.035156              0.695801               1.730957       0.000500         0.411750
50%     8.500000   3.000000           6.913497         44.728642            0.022396               1.884766              1.655273               3.540039       0.000523         0.497500
75%    12.250000   4.000000           6.914973         48.727771            0.023332               2.734375              2.614746               5.349121       0.000570         0.600250
max    16.000000   5.000000           6.924449         55.395594            0.023725               3.320312              3.310547               6.630859       0.000644         0.644000
