Workflow Construction Summary Table
========================================================================================================================

 Comp  Groups Wall Time/Evt (s) CPU Time/Evt (s) Throughput (evt/s) Write Remote (MB/evt) Read Remote (MB/evt) Net Transfer (MB/evt) CPU Cores/Evt Memory/Evt (MB)
    1       1            7.6575         467.5175             0.0021                  0.45                 0.00                  0.45        0.0113           11.26
    2       2            7.6431         463.5828             0.0022                  0.45                 0.07                  0.52        0.0112           11.19
    3       2            7.6401         440.7974             0.0023                  0.45                 0.40                  0.85        0.0107           10.72
    4       2            7.6467         213.7998             0.0047                  1.23                 0.82                  2.05        0.0051            5.24
    5       2            7.6748         177.3838             0.0056                  2.54                 2.18                  4.72        0.0042            5.25
    6       3            7.6398         440.7971             0.0023                  0.45                 0.46                  0.91        0.0107           10.72
    7       3            7.6426         210.4938             0.0048                  1.23                 0.88                  2.11        0.0051            5.18
    8       3            7.6737         173.9258             0.0057                  2.54                 2.25                  4.79        0.0042            5.18
    9       3            7.6491         187.5798             0.0053                  1.23                 1.22                  2.45        0.0045            4.69
   10       3            7.6822         152.1919             0.0066                  2.54                 2.58                  5.12        0.0036            4.72
   11       3            7.6833         149.5816             0.0067                  3.32                 3.01                  6.33        0.0036            3.90
   12       4            7.6503         188.1044             0.0053                  1.23                 1.28                  2.51        0.0046            4.72
   13       4            7.6823         151.9287             0.0066                  2.54                 2.64                  5.18        0.0036            4.70
   14       4            7.6827         146.3874             0.0068                  3.32                 3.07                  6.39        0.0035            3.83
   15       4            7.6911         124.6902             0.0080                  3.32                 3.40                  6.72        0.0030            3.39
   16       5            7.6911         124.4269             0.0080                  3.32                 3.47                  6.79        0.0030            3.38

Summary Statistics:
------------------------------------------------------------------------------------------------------------------------
            Comp     Groups  Wall Time/Evt (s)  CPU Time/Evt (s)  Throughput (evt/s)  Write Remote (MB/evt)  Read Remote (MB/evt)  Net Transfer (MB/evt)  CPU Cores/Evt  Memory/Evt (MB)
count  16.000000  16.000000          16.000000         16.000000           16.000000              16.000000             16.000000              16.000000      16.000000        16.000000
mean    8.500000   3.000000           7.664392        238.324305            0.005189               1.884766              1.732934               3.617700       0.005739         6.129050
std     4.760952   1.032796           0.019779        130.815766            0.002024               1.152134              1.222812               2.366270       0.003166         2.952987
min     1.000000   1.000000           7.639830        124.426850            0.002139               0.449219              0.000000               0.449219       0.002994         3.382400
25%     4.750000   2.000000           7.645781        151.341901            0.004075               1.035156              0.729523               1.764679       0.003620         4.494200
50%     8.500000   3.000000           7.665593        182.481826            0.005484               1.884766              1.730764               3.615530       0.004388         4.948400
75%    12.250000   4.000000           7.682384        270.549107            0.006608               2.734375              2.734694               5.469069       0.006519         6.617700
max    16.000000   5.000000           7.691114        467.517528            0.008037               3.320312              3.467012               6.787324       0.011264        11.264000
