Workflow Construction Summary Table
========================================================================================================================

 Comp  Groups Wall Time/Evt (s) CPU Time/Evt (s) Throughput (evt/s) Write Remote (MB/evt) Read Remote (MB/evt) Net Transfer (MB/evt) CPU Cores/Evt Memory/Evt (MB)
    1       2           40.6216         161.6919             0.0062                  0.89                 0.54                  1.43        0.0218           43.54
    2       2           40.6216         161.6919             0.0062                  0.89                 0.54                  1.43        0.0218           43.54
    3       3           40.6108         161.6486             0.0062                  0.89                 0.69                  1.57        0.0218           43.54
    4       3           40.6108         161.6486             0.0062                  0.89                 0.69                  1.57        0.0218           43.54
    5       3           40.2965         160.3961             0.0062                  0.89                 0.69                  1.57        0.0217           43.45
    6       3           40.2965         160.3961             0.0062                  0.89                 0.69                  1.57        0.0217           43.45
    7       3           40.3014         160.4146             0.0062                  1.50                 1.16                  2.66        0.0217           43.37
    8       3           40.3014         160.4146             0.0062                  1.50                 1.16                  2.66        0.0217           43.37
    9       3           39.9792         159.1346             0.0063                  0.89                 1.08                  1.97        0.0218           43.52
   10       3           39.7374         158.1685             0.0063                  2.06                 1.72                  3.78        0.0217           43.46
   11       3           39.7374         158.1685             0.0063                  2.06                 1.72                  3.78        0.0217           43.46
   12       4           40.2855         160.3526             0.0062                  0.89                 0.83                  1.72        0.0217           43.45
   13       4           40.2855         160.3526             0.0062                  0.89                 0.83                  1.72        0.0217           43.45
   14       4           40.2905         160.3712             0.0062                  1.50                 1.31                  2.81        0.0217           43.37
   15       4           40.2905         160.3712             0.0062                  1.50                 1.31                  2.81        0.0217           43.37
   16       4           39.9683         159.0913             0.0063                  0.89                 1.23                  2.11        0.0218           43.52
   17       4           39.9683         159.0913             0.0063                  0.89                 1.23                  2.11        0.0218           43.52
   18       4           39.9840         159.1535             0.0063                  1.50                 1.31                  2.81        0.0217           43.49
   19       4           39.9840         159.1535             0.0063                  1.50                 1.31                  2.81        0.0217           43.49
   20       4           39.7266         158.1251             0.0063                  2.06                 1.86                  3.92        0.0217           43.47
   21       4           39.4826         157.1556             0.0064                  2.68                 2.33                  5.01        0.0217           43.37
   22       4           39.7266         158.1251             0.0063                  2.06                 1.86                  3.92        0.0217           43.47
   23       4           39.4826         157.1556             0.0064                  2.68                 2.33                  5.01        0.0217           43.37
   24       4           39.6720         157.9109             0.0063                  2.06                 1.86                  3.92        0.0217           43.47
   25       4           39.6720         157.9109             0.0063                  2.06                 1.86                  3.92        0.0217           43.47
   26       4           39.6240         157.7199             0.0063                  2.06                 2.26                  4.32        0.0217           43.46
   27       4           39.6735         157.9150             0.0063                  1.50                 1.70                  3.20        0.0217           43.36
   28       5           39.9573         159.0476             0.0063                  0.89                 1.37                  2.26        0.0218           43.52
   29       5           39.9732         159.1101             0.0063                  1.50                 1.45                  2.96        0.0217           43.50
   30       5           39.9732         159.1101             0.0063                  1.50                 1.45                  2.96        0.0217           43.50
   31       5           39.4718         157.1123             0.0064                  2.68                 2.48                  5.16        0.0217           43.37
   32       5           39.4718         157.1123             0.0064                  2.68                 2.48                  5.16        0.0217           43.37
   33       5           39.6612         157.8677             0.0063                  2.06                 2.01                  4.07        0.0217           43.47
   34       5           39.6612         157.8677             0.0063                  2.06                 2.01                  4.07        0.0217           43.47
   35       5           39.6131         157.6765             0.0063                  2.06                 2.40                  4.46        0.0217           43.46
   36       5           39.6131         157.6765             0.0063                  2.06                 2.40                  4.46        0.0217           43.46
   37       5           39.6626         157.8716             0.0063                  1.50                 1.85                  3.35        0.0217           43.37
   38       5           39.6626         157.8716             0.0063                  1.50                 1.85                  3.35        0.0217           43.37
   39       5           39.4187         156.9010             0.0064                  2.68                 2.48                  5.16        0.0217           43.37
   40       5           39.4187         156.9010             0.0064                  2.68                 2.48                  5.16        0.0217           43.37
   41       5           39.3707         156.7100             0.0064                  2.68                 2.87                  5.55        0.0217           43.37
   42       6           39.6022         157.6331             0.0063                  2.06                 2.55                  4.61        0.0217           43.47
   43       6           39.6517         157.8282             0.0063                  1.50                 1.99                  3.50        0.0217           43.37
   44       6           39.4078         156.8577             0.0064                  2.68                 2.63                  5.31        0.0217           43.37
   45       6           39.4078         156.8577             0.0064                  2.68                 2.63                  5.31        0.0217           43.37
   46       6           39.3598         156.6666             0.0064                  2.68                 3.02                  5.70        0.0217           43.37
   47       6           39.3598         156.6666             0.0064                  2.68                 3.02                  5.70        0.0217           43.37
   48       7           39.3489         156.6233             0.0064                  2.68                 3.17                  5.84        0.0217           43.37

Summary Statistics:
------------------------------------------------------------------------------------------------------------------------
        Comp     Groups  Wall Time/Evt (s)  CPU Time/Evt (s)  Throughput (evt/s)  Write Remote (MB/evt)  Read Remote (MB/evt)  Net Transfer (MB/evt)  CPU Cores/Evt  Memory/Evt (MB)
count  48.00  48.000000          48.000000         48.000000           48.000000              48.000000             48.000000              48.000000      48.000000        48.000000
mean   24.50   4.333333          39.839542        158.577041            0.006307               1.782451              1.763615               3.546066       0.021719        43.438167
std    14.00   1.117241           0.382480          1.523050            0.000060               0.668887              0.727032               1.369251       0.000032         0.063073
min     1.00   2.000000          39.348938        156.623274            0.006185               0.888672              0.538597               1.427269       0.021682        43.363200
25%    12.75   4.000000          39.572339        157.513748            0.006271               1.350435              1.225106               2.562246       0.021686        43.371200
50%    24.50   4.000000          39.700016        158.020075            0.006328               1.782451              1.845176               3.636120       0.021728        43.456000
75%    36.25   5.000000          40.059412        159.453232            0.006349               2.214468              2.401957               4.709908       0.021738        43.476800
max    48.00   7.000000          40.621576        161.691868            0.006385               2.676230              3.168130               5.844360       0.021772        43.544000
