Workflow Construction Summary Table
========================================================================================================================

 Comp  Groups Wall Time/Evt (s) CPU Time/Evt (s) Throughput (evt/s) Write Remote (MB/evt) Read Remote (MB/evt) Net Transfer (MB/evt) CPU Cores/Evt Memory/Evt (MB)
    1       1            8.9442         544.0679             0.0018                  0.45                 0.00                  0.45        0.2732          273.22
    2       2            8.6828         524.8144             0.0019                  0.45                 0.07                  0.52        0.2712          271.35
    3       2            8.4210         485.0713             0.0021                  0.45                 0.39                  0.84        0.2585          259.96
    4       2            8.2814         242.4291             0.0041                  1.23                 0.82                  2.06        0.1251          127.41
    5       2            8.2947         194.7459             0.0051                  2.54                 2.21                  4.75        0.1034          127.55
    6       3            8.4070         484.9714             0.0021                  0.45                 0.46                  0.91        0.2584          259.85
    7       3            8.1628         231.8306             0.0043                  1.23                 0.89                  2.12        0.1231          125.52
    8       3            8.2188         186.8517             0.0054                  2.54                 2.27                  4.81        0.1016          125.85
    9       3            8.0568         201.4146             0.0050                  1.23                 1.22                  2.45        0.1102          114.08
   10       3            8.1664         159.8697             0.0063                  2.54                 2.61                  5.15        0.0888          114.46
   11       3            8.1332         164.6513             0.0061                  3.32                 3.03                  6.35        0.0871           94.89
   12       4            8.0430         201.4202             0.0050                  1.23                 1.29                  2.52        0.1103          114.07
   13       4            8.1518         159.7867             0.0063                  2.54                 2.68                  5.22        0.0888          114.37
   14       4            8.0568         156.6698             0.0064                  3.32                 3.10                  6.42        0.0852           93.10
   15       4            8.0029         129.5750             0.0077                  3.32                 3.43                  6.75        0.0724           81.67
   16       5            7.9889         129.3369             0.0077                  3.32                 3.50                  6.82        0.0723           81.44

Summary Statistics:
------------------------------------------------------------------------------------------------------------------------
            Comp     Groups  Wall Time/Evt (s)  CPU Time/Evt (s)  Throughput (evt/s)  Write Remote (MB/evt)  Read Remote (MB/evt)  Net Transfer (MB/evt)  CPU Cores/Evt  Memory/Evt (MB)
count  16.000000  16.000000          16.000000         16.000000           16.000000              16.000000             16.000000              16.000000      16.000000        16.000000
mean    8.500000   3.000000           8.250786        262.344160            0.004821               1.884621              1.749887               3.634508       0.139355       148.673325
std     4.760952   1.032796           0.259695        151.327075            0.001980               1.152085              1.236311               2.379807       0.076727        71.643622
min     1.000000   1.000000           7.988941        129.336885            0.001838               0.449177              0.000000               0.449195       0.072251        81.439600
25%     4.750000   2.000000           8.056801        159.848954            0.003609               1.034962              0.734270               1.769232       0.088396       109.273000
50%     8.500000   3.000000           8.164594        198.080245            0.005050               1.884450              1.748941               3.633432       0.106817       119.989600
75%    12.250000   4.000000           8.322768        303.064699            0.006256               2.734338              2.768313               5.502524       0.158410       160.623300
max    16.000000   5.000000           8.944189        544.067915            0.007732               3.320312              3.498953               6.819191       0.273216       273.216000
