Workflow Construction Summary Table
========================================================================================================================

 Comp  Groups Wall Time/Evt (s) CPU Time/Evt (s) Throughput (evt/s) Write Remote (MB/evt) Read Remote (MB/evt) Net Transfer (MB/evt) CPU Cores/Evt Memory/Evt (MB)
    1       1            9.6178         529.4806             0.0019                  0.45                 0.00                  0.45        0.0071            7.10
    2       2            9.6121         523.3406             0.0019                  0.44                 0.06                  0.51        0.0071            7.14
    3       2            9.6092         499.3037             0.0020                  0.44                 0.42                  0.86        0.0068            6.87
    4       2            9.5260         229.2763             0.0044                  1.23                 0.88                  2.11        0.0031            3.14
    5       2            9.6927         198.4756             0.0050                  2.54                 2.42                  4.96        0.0028            3.47
    6       3            9.6096         499.3049             0.0020                  0.44                 0.49                  0.93        0.0068            6.89
    7       3            9.6245         226.5958             0.0044                  1.23                 0.95                  2.18        0.0031            3.18
    8       3            9.7434         197.0132             0.0051                  2.54                 2.52                  5.06        0.0028            3.44
    9       3            9.4722         205.9113             0.0049                  1.21                 1.27                  2.49        0.0028            2.88
   10       3            9.5029         166.9085             0.0060                  2.50                 2.76                  5.26        0.0023            2.97
   11       3            9.5329         156.7669             0.0064                  3.32                 3.22                  6.54        0.0021            2.30
   12       4            9.6346         211.0829             0.0047                  1.23                 1.36                  2.59        0.0029            3.06
   13       4            9.5932         169.7482             0.0059                  2.54                 2.88                  5.42        0.0024            3.05
   14       4            9.6040         156.3586             0.0064                  3.32                 3.33                  6.65        0.0022            2.41
   15       4            9.5177         135.2384             0.0074                  3.32                 3.67                  6.99        0.0019            2.18
   16       5            9.4274         132.2434             0.0076                  3.32                 3.69                  7.01        0.0018            2.04

Summary Statistics:
------------------------------------------------------------------------------------------------------------------------
            Comp     Groups  Wall Time/Evt (s)  CPU Time/Evt (s)  Throughput (evt/s)  Write Remote (MB/evt)  Read Remote (MB/evt)  Net Transfer (MB/evt)  CPU Cores/Evt  Memory/Evt (MB)
count  16.000000  16.000000          16.000000         16.000000           16.000000              16.000000             16.000000              16.000000      16.000000        16.000000
mean    8.500000   3.000000           9.582493        264.815553            0.004744               1.880381              1.869409               3.749790       0.003620         3.882500
std     4.760952   1.032796           0.081265        150.854956            0.001913               1.152744              1.323347               2.468064       0.002037         1.906414
min     1.000000   1.000000           9.427390        132.243393            0.001889               0.443676              0.000000               0.449219       0.001784         2.044000
25%     4.750000   2.000000           9.523892        164.373072            0.003772               1.021834              0.780130               1.814037       0.002248         2.759000
50%     8.500000   3.000000           9.606606        202.193449            0.004947               1.866342              1.892644               3.777410       0.002800         3.100000
75%    12.250000   4.000000           9.619447        296.783137            0.006088               2.734375              2.962282               5.696657       0.004025         4.322500
max    16.000000   5.000000           9.743365        529.480638            0.007562               3.320312              3.690642               7.010954       0.007120         7.136000
