Workflow Construction Summary Table
========================================================================================================================

 Comp  Groups Wall Time/Evt (s) CPU Time/Evt (s) Throughput (evt/s) Write Remote (MB/evt) Read Remote (MB/evt) Net Transfer (MB/evt) CPU Cores/Evt Memory/Evt (MB)
    1       1            7.0169         449.0830             0.0022                  0.45                 0.00                  0.45        0.0154           15.36
    2       2            7.0085         445.0980             0.0022                  0.45                 0.06                  0.51        0.0152           15.25
    3       2            7.0249         422.7962             0.0024                  0.45                 0.38                  0.83        0.0145           14.60
    4       2            7.1350         211.8199             0.0047                  1.23                 0.78                  2.01        0.0070            7.18
    5       2            7.3960         186.0924             0.0054                  2.54                 2.09                  4.63        0.0058            7.22
    6       3            7.0304         422.8184             0.0024                  0.45                 0.44                  0.89        0.0145           14.61
    7       3            7.1346         208.3494             0.0048                  1.23                 0.84                  2.08        0.0069            7.06
    8       3            7.3980         182.7756             0.0055                  2.54                 2.15                  4.69        0.0057            7.10
    9       3            7.1596         186.6006             0.0054                  1.23                 1.16                  2.39        0.0062            6.42
   10       3            7.4260         161.2187             0.0062                  2.54                 2.47                  5.00        0.0050            6.46
   11       3            7.5420         160.0580             0.0062                  3.32                 2.87                  6.19        0.0049            5.37
   12       4            7.1652         186.6229             0.0054                  1.23                 1.22                  2.45        0.0062            6.43
   13       4            7.4316         161.2410             0.0062                  2.54                 2.53                  5.07        0.0050            6.47
   14       4            7.5440         156.7412             0.0064                  3.32                 2.93                  6.25        0.0048            5.26
   15       4            7.5720         135.1843             0.0074                  3.32                 3.25                  6.57        0.0041            4.61
   16       5            7.5776         135.2066             0.0074                  3.32                 3.31                  6.63        0.0041            4.62

Summary Statistics:
------------------------------------------------------------------------------------------------------------------------
            Comp     Groups  Wall Time/Evt (s)  CPU Time/Evt (s)  Throughput (evt/s)  Write Remote (MB/evt)  Read Remote (MB/evt)  Net Transfer (MB/evt)  CPU Cores/Evt  Memory/Evt (MB)
count  16.000000  16.000000          16.000000         16.000000           16.000000              16.000000             16.000000              16.000000      16.000000        16.000000
mean    8.500000   3.000000           7.285166        238.231646            0.005007               1.884766              1.655273               3.540039       0.007845         8.375500
std     4.760952   1.032796           0.219634        119.427861            0.001784               1.152134              1.168838               2.312666       0.004303         4.014944
min     1.000000   1.000000           7.008510        135.184337            0.002227               0.449219              0.000000               0.449219       0.004084         4.612000
25%     4.750000   2.000000           7.108591        160.928559            0.004132               1.035156              0.695801               1.730957       0.004987         6.157000
50%     8.500000   3.000000           7.280614        186.346529            0.005366               1.884766              1.655273               3.540039       0.006026         6.765000
75%    12.250000   4.000000           7.459212        264.563988            0.006214               2.734375              2.614746               5.349121       0.008913         9.063000
max    16.000000   5.000000           7.577606        449.083000            0.007397               3.320312              3.310547               6.630859       0.015360        15.360000
