Workflow Construction Summary Table
========================================================================================================================

 Comp  Groups Wall Time/Evt (s) CPU Time/Evt (s) Throughput (evt/s) Write Remote (MB/evt) Read Remote (MB/evt) Net Transfer (MB/evt) CPU Cores/Evt Memory/Evt (MB)
    1       1            7.0597          56.1283             0.0178                  0.45                 0.00                  0.45        0.0019            1.94
    2       2            7.0449          56.0105             0.0179                  0.45                 0.06                  0.51        0.0019            1.94
    3       2            7.0301          55.8929             0.0179                  0.45                 0.38                  0.83        0.0019            1.94
    4       2            7.0245          55.8484             0.0179                  2.54                 2.10                  4.64        0.0019            1.94
    5       2            7.0226          55.8337             0.0179                  1.23                 0.79                  2.02        0.0019            1.94
    6       3            7.0293          55.8867             0.0179                  0.45                 0.45                  0.90        0.0019            1.95
    7       3            7.0202          55.8142             0.0179                  2.54                 2.17                  4.71        0.0019            1.94
    8       3            7.0160          55.7808             0.0179                  1.23                 0.85                  2.08        0.0019            1.95
    9       3            7.0173          55.7912             0.0179                  2.54                 2.48                  5.02        0.0019            1.95
   10       3            7.0065          55.7193             0.0179                  1.23                 1.17                  2.40        0.0019            1.95
   11       3            7.0157          55.7786             0.0179                  3.32                 2.89                  6.21        0.0019            1.94
   12       4            7.0165          55.7849             0.0179                  2.54                 2.54                  5.08        0.0020            1.95
   13       4            7.0065          55.7162             0.0179                  1.23                 1.23                  2.46        0.0019            1.95
   14       4            7.0115          55.7449             0.0179                  3.32                 2.95                  6.27        0.0019            1.95
   15       4            7.0085          55.7214             0.0179                  3.32                 3.26                  6.58        0.0019            1.95
   16       5            7.0077          55.7153             0.0179                  3.32                 3.33                  6.65        0.0020            1.95

Summary Statistics:
------------------------------------------------------------------------------------------------------------------------
            Comp     Groups  Wall Time/Evt (s)  CPU Time/Evt (s)  Throughput (evt/s)  Write Remote (MB/evt)  Read Remote (MB/evt)  Net Transfer (MB/evt)  CPU Cores/Evt  Memory/Evt (MB)
count  16.000000  16.000000          16.000000         16.000000           16.000000              16.000000             16.000000              16.000000      16.000000        16.000000
mean    8.500000   3.000000           7.021087         55.822947            0.017914               1.884766              1.665982               3.550747       0.001946         1.945700
std     4.760952   1.032796           0.014518          0.113879            0.000036               1.152134              1.174472               2.318225       0.000003         0.002769
min     1.000000   1.000000           7.006503         55.715311            0.017816               0.449219              0.000000               0.449219       0.001942         1.942400
25%     4.750000   2.000000           7.010719         55.738996            0.017903               1.035156              0.701387               1.736543       0.001944         1.944000
50%     8.500000   3.000000           7.016893         55.788039            0.017925               1.884766              1.667986               3.552752       0.001946         1.945600
75%    12.250000   4.000000           7.025689         55.858004            0.017941               2.734375              2.629302               5.363677       0.001947         1.947200
max    16.000000   5.000000           7.059676         56.128261            0.017948               3.320312              3.328349               6.648661       0.001952         1.952000
