Workflow Construction Summary Table
========================================================================================================================

 Comp  Groups Wall Time/Evt (s) CPU Time/Evt (s) Throughput (evt/s) Write Remote (MB/evt) Read Remote (MB/evt) Net Transfer (MB/evt) CPU Cores/Evt Memory/Evt (MB)
    1       1            7.5209         481.3390             0.0021                  0.45                 0.00                  0.45        0.1229          122.88
    2       2            7.4093         470.7060             0.0021                  0.45                 0.06                  0.51        0.1220          122.03
    3       2            7.3216         441.0794             0.0023                  0.45                 0.38                  0.83        0.1162          116.90
    4       2            7.3714         223.4568             0.0045                  1.23                 0.78                  2.01        0.0562           57.28
    5       2            7.6265         192.8355             0.0052                  2.54                 2.09                  4.63        0.0465           57.39
    6       3            7.3212         441.0779             0.0023                  0.45                 0.44                  0.89        0.1162          116.87
    7       3            7.3244         216.9556             0.0046                  1.23                 0.84                  2.08        0.0554           56.50
    8       3            7.5987         187.5631             0.0053                  2.54                 2.15                  4.69        0.0456           56.61
    9       3            7.3057         191.7489             0.0052                  1.23                 1.16                  2.39        0.0496           51.30
   10       3            7.6042         163.9039             0.0061                  2.54                 2.47                  5.00        0.0398           51.41
   11       3            7.7009         165.8404             0.0060                  3.32                 2.87                  6.19        0.0391           42.59
   12       4            7.3053         191.7474             0.0052                  1.23                 1.22                  2.45        0.0496           51.27
   13       4            7.6038         163.9024             0.0061                  2.54                 2.53                  5.07        0.0398           51.38
   14       4            7.6731         160.5680             0.0062                  3.32                 2.93                  6.25        0.0382           41.81
   15       4            7.6786         136.9087             0.0073                  3.32                 3.25                  6.57        0.0324           36.61
   16       5            7.6782         136.9072             0.0073                  3.32                 3.31                  6.63        0.0324           36.58

Summary Statistics:
------------------------------------------------------------------------------------------------------------------------
            Comp     Groups  Wall Time/Evt (s)  CPU Time/Evt (s)  Throughput (evt/s)  Write Remote (MB/evt)  Read Remote (MB/evt)  Net Transfer (MB/evt)  CPU Cores/Evt  Memory/Evt (MB)
count  16.000000  16.000000          16.000000         16.000000           16.000000              16.000000             16.000000              16.000000      16.000000        16.000000
mean    8.500000   3.000000           7.502741        247.908746            0.004865               1.884766              1.655273               3.540039       0.062628        66.837000
std     4.760952   1.032796           0.158485        128.170731            0.001784               1.152134              1.168838               2.312666       0.034537        32.241652
min     1.000000   1.000000           7.305317        136.907248            0.002078               0.449219              0.000000               0.449219       0.032432        36.580000
25%     4.750000   2.000000           7.323665        163.903480            0.003923               1.035156              0.695801               1.730957       0.039646        49.099000
50%     8.500000   3.000000           7.559800        191.748118            0.005215               1.884766              1.655273               3.540039       0.048028        53.952000
75%    12.250000   4.000000           7.638170        277.862076            0.006101               2.734375              2.614746               5.349121       0.071224        72.261000
max    16.000000   5.000000           7.700941        481.339000            0.007304               3.320312              3.310547               6.630859       0.122880       122.880000
