Workflow Construction Summary Table
========================================================================================================================

 Comp  Groups Wall Time/Evt (s) CPU Time/Evt (s) Throughput (evt/s) Write Remote (MB/evt) Read Remote (MB/evt) Net Transfer (MB/evt) CPU Cores/Evt Memory/Evt (MB)
    1       1            7.7893          59.1591             0.0169                  0.45                 0.00                  0.45        0.0028            2.85
    2       2            7.7684          59.0007             0.0169                  0.45                 0.06                  0.51        0.0029            2.87
    3       2            7.7496          58.8583             0.0170                  0.45                 0.39                  0.84        0.0029            2.86
    4       2            7.7774          59.0708             0.0169                  2.54                 2.18                  4.72        0.0028            2.85
    5       2            7.7343          58.7982             0.0170                  1.23                 0.81                  2.05        0.0028            2.85
    6       3            7.7490          58.8537             0.0170                  0.45                 0.45                  0.90        0.0029            2.87
    7       3            7.7720          59.0294             0.0169                  2.54                 2.25                  4.78        0.0029            2.86
    8       3            7.7267          58.7354             0.0170                  1.23                 0.88                  2.11        0.0029            2.87
    9       3            7.7708          59.0200             0.0169                  2.54                 2.57                  5.11        0.0029            2.86
   10       3            7.7152          58.6684             0.0170                  1.23                 1.20                  2.43        0.0029            2.86
   11       3            7.7759          59.0736             0.0169                  3.32                 3.00                  6.32        0.0029            2.86
   12       4            7.7703          59.0163             0.0169                  2.54                 2.64                  5.18        0.0029            2.88
   13       4            7.7146          58.6643             0.0170                  1.23                 1.27                  2.50        0.0029            2.87
   14       4            7.7703          59.0308             0.0169                  3.32                 3.06                  6.38        0.0029            2.87
   15       4            7.7689          59.0205             0.0169                  3.32                 3.40                  6.72        0.0029            2.87
   16       5            7.7684          59.0168             0.0169                  3.32                 3.46                  6.78        0.0029            2.89

Summary Statistics:
------------------------------------------------------------------------------------------------------------------------
            Comp     Groups  Wall Time/Evt (s)  CPU Time/Evt (s)  Throughput (evt/s)  Write Remote (MB/evt)  Read Remote (MB/evt)  Net Transfer (MB/evt)  CPU Cores/Evt  Memory/Evt (MB)
count  16.000000  16.000000          16.000000         16.000000           16.000000              16.000000             16.000000              16.000000      16.000000        16.000000
mean    8.500000   3.000000           7.757574         58.938519            0.016967               1.884766              1.726748               3.611514       0.002867         2.866500
std     4.760952   1.032796           0.023213          0.153471            0.000044               1.152134              1.223851               2.367543       0.000011         0.011207
min     1.000000   1.000000           7.714617         58.664275            0.016904               0.449219              0.000000               0.449219       0.002848         2.848000
25%     4.750000   2.000000           7.745357         58.839825            0.016941               1.035156              0.723813               1.758970       0.002864         2.864000
50%     8.500000   3.000000           7.768642         59.016570            0.016944               1.884766              1.723546               3.608311       0.002868         2.868000
75%    12.250000   4.000000           7.771121         59.029750            0.016995               2.734375              2.729373               5.463748       0.002872         2.872000
max    16.000000   5.000000           7.789290         59.159130            0.017046               3.320312              3.464516               6.784828       0.002888         2.888000
