Workflow Construction Summary Table
========================================================================================================================

 Comp  Groups Wall Time/Evt (s) CPU Time/Evt (s) Throughput (evt/s) Write Remote (MB/evt) Read Remote (MB/evt) Net Transfer (MB/evt) CPU Cores/Evt Memory/Evt (MB)
    1       1            9.8841         554.8889             0.0018                  0.45                 0.00                  0.45        0.1623          162.32
    2       2            9.7279         542.5662             0.0018                  0.45                 0.07                  0.52        0.1611          161.21
    3       2            9.5733         508.4691             0.0020                  0.45                 0.43                  0.88        0.1535          154.39
    4       2            9.4954         250.6645             0.0040                  1.23                 0.91                  2.13        0.0743           75.68
    5       2            9.5273         204.8484             0.0049                  2.53                 2.42                  4.95        0.0615           75.87
    6       3            9.5669         508.2208             0.0020                  0.45                 0.51                  0.96        0.1534          154.25
    7       3            9.4218         242.9517             0.0041                  1.22                 0.98                  2.20        0.0731           74.56
    8       3            9.4834         198.8131             0.0050                  2.53                 2.50                  5.03        0.0604           74.85
    9       3            9.3707         214.6406             0.0047                  1.23                 1.34                  2.57        0.0657           67.92
   10       3            9.4561         171.6026             0.0058                  2.53                 2.85                  5.39        0.0526           67.90
   11       3            9.4350         172.4850             0.0058                  3.31                 3.33                  6.64        0.0516           56.23
   12       4            9.3573         214.3996             0.0047                  1.23                 1.41                  2.64        0.0655           67.78
   13       4            9.4451         170.9944             0.0058                  2.53                 2.92                  5.45        0.0523           67.57
   14       4            9.3892         166.3809             0.0060                  3.31                 3.40                  6.71        0.0504           55.16
   15       4            9.3670         140.1494             0.0071                  3.31                 3.77                  7.08        0.0431           48.62
   16       5            9.3579         139.6906             0.0072                  3.31                 3.84                  7.15        0.0429           48.37

Summary Statistics:
------------------------------------------------------------------------------------------------------------------------
            Comp     Groups  Wall Time/Evt (s)  CPU Time/Evt (s)  Throughput (evt/s)  Write Remote (MB/evt)  Read Remote (MB/evt)  Net Transfer (MB/evt)  CPU Cores/Evt  Memory/Evt (MB)
count  16.000000  16.000000          16.000000         16.000000           16.000000              16.000000             16.000000              16.000000      16.000000        16.000000
mean    8.500000   3.000000           9.491161        275.110373            0.004544               1.879193              1.918090               3.797283       0.082731        88.293000
std     4.760952   1.032796           0.144142        154.660624            0.001818               1.149447              1.355138               2.495701       0.045600        42.562001
min     1.000000   1.000000           9.357310        139.690637            0.001802               0.447534              0.000000               0.447768       0.042884        48.367600
25%     4.750000   2.000000           9.384567        171.450537            0.003484               1.030377              0.807340               1.838291       0.052101        64.735400
50%     8.500000   3.000000           9.450623        209.624033            0.004773               1.878652              1.917357               3.796020       0.063508        71.240800
75%    12.250000   4.000000           9.537238        315.053564            0.005833               2.726536              3.023147               5.749637       0.094064        95.461500
max    16.000000   5.000000           9.884130        554.888940            0.007159               3.313560              3.842374               7.153502       0.162317       162.316800
