Workflow Construction Summary Table
========================================================================================================================

 Comp  Groups Wall Time/Evt (s) CPU Time/Evt (s) Throughput (evt/s) Write Remote (MB/evt) Read Remote (MB/evt) Net Transfer (MB/evt) CPU Cores/Evt Memory/Evt (MB)
    1       1            6.9864          55.5456             0.0180                  0.45                 0.00                  0.45        0.0013            1.30
    2       2            6.9864          55.3456             0.0181                  0.45                 0.06                  0.51        0.0013            1.30
    3       2            6.9864          53.9456             0.0185                  0.45                 0.38                  0.83        0.0013            1.27
    4       2            6.9864          47.4592             0.0211                  2.54                 2.11                  4.65        0.0011            1.19
    5       2            6.9864          43.0592             0.0232                  1.23                 0.79                  2.02        0.0010            0.85
    6       3            6.9864          53.2456             0.0188                  0.45                 0.44                  0.89        0.0013            1.27
    7       3            6.9864          47.4592             0.0211                  2.54                 2.18                  4.72        0.0011            1.19
    8       3            6.9864          43.0592             0.0232                  1.23                 0.85                  2.08        0.0010            0.85
    9       3            6.9864          47.4592             0.0211                  2.54                 2.49                  5.03        0.0011            1.16
   10       3            6.9864          43.0592             0.0232                  1.23                 1.16                  2.39        0.0010            0.82
   11       3            6.9864          43.0592             0.0232                  3.32                 2.89                  6.21        0.0010            0.84
   12       4            6.9864          46.7592             0.0214                  2.54                 2.56                  5.10        0.0011            1.17
   13       4            6.9864          42.3592             0.0236                  1.23                 1.23                  2.46        0.0010            0.83
   14       4            6.9864          43.0592             0.0232                  3.32                 2.96                  6.28        0.0010            0.84
   15       4            6.9864          43.0592             0.0232                  3.32                 3.28                  6.60        0.0010            0.81
   16       5            6.9864          42.3592             0.0236                  3.32                 3.34                  6.66        0.0010            0.82

Summary Statistics:
------------------------------------------------------------------------------------------------------------------------
            Comp     Groups  Wall Time/Evt (s)  CPU Time/Evt (s)  Throughput (evt/s)  Write Remote (MB/evt)  Read Remote (MB/evt)  Net Transfer (MB/evt)  CPU Cores/Evt  Memory/Evt (MB)
count  16.000000  16.000000          16.000000         16.000000           16.000000              16.000000             16.000000              16.000000      16.000000        16.000000
mean    8.500000   3.000000           6.986396         46.893288            0.021534               1.884766              1.669509               3.554274       0.001103         1.031500
std     4.760952   1.032796           0.000003          4.944263            0.002120               1.152134              1.180391               2.324215       0.000114         0.209369
min     1.000000   1.000000           6.986388         42.359188            0.018003               0.449219              0.000000               0.449219       0.000998         0.808000
25%     4.750000   2.000000           6.986396         43.059190            0.020498               1.035156              0.699883               1.735040       0.001012         0.836750
50%     8.500000   3.000000           6.986397         44.909194            0.022305               1.884766              1.669683               3.554449       0.001063         1.006000
75%    12.250000   4.000000           6.986398         48.905793            0.023224               2.734375              2.641548               5.375923       0.001154         1.211750
max    16.000000   5.000000           6.986398         55.545552            0.023608               3.320312              3.338760               6.659072       0.001300         1.300000
