Workflow Construction Summary Table
========================================================================================================================

 Comp  Groups Wall Time/Evt (s) CPU Time/Evt (s) Throughput (evt/s) Write Remote (MB/evt) Read Remote (MB/evt) Net Transfer (MB/evt) CPU Cores/Evt Memory/Evt (MB)
    1       1            7.0395          55.9681             0.0179                  0.45                 0.00                  0.45        0.0013            1.30
    2       2            7.0304          55.6918             0.0180                  0.45                 0.06                  0.51        0.0013            1.30
    3       2            7.0236          54.2180             0.0184                  0.45                 0.38                  0.83        0.0013            1.27
    4       2            7.0559          47.8739             0.0209                  2.54                 2.11                  4.65        0.0011            1.19
    5       2            7.0296          43.2837             0.0231                  1.23                 0.79                  2.02        0.0010            0.85
    6       3            7.0236          53.5083             0.0187                  0.45                 0.44                  0.89        0.0013            1.27
    7       3            7.0537          47.8653             0.0209                  2.54                 2.18                  4.72        0.0011            1.19
    8       3            7.0259          43.2688             0.0231                  1.23                 0.85                  2.08        0.0010            0.85
    9       3            7.0546          47.8690             0.0209                  2.54                 2.49                  5.03        0.0011            1.16
   10       3            7.0249          43.2649             0.0231                  1.23                 1.16                  2.39        0.0010            0.82
   11       3            7.0645          43.4227             0.0230                  3.32                 2.89                  6.21        0.0010            0.84
   12       4            7.0548          47.1598             0.0212                  2.54                 2.56                  5.10        0.0011            1.17
   13       4            7.0249          42.5552             0.0235                  1.23                 1.23                  2.46        0.0010            0.83
   14       4            7.0624          43.4141             0.0230                  3.32                 2.96                  6.28        0.0010            0.84
   15       4            7.0633          43.4178             0.0230                  3.32                 3.28                  6.60        0.0010            0.81
   16       5            7.0635          42.7086             0.0234                  3.32                 3.34                  6.66        0.0010            0.82

Summary Statistics:
------------------------------------------------------------------------------------------------------------------------
            Comp     Groups  Wall Time/Evt (s)  CPU Time/Evt (s)  Throughput (evt/s)  Write Remote (MB/evt)  Read Remote (MB/evt)  Net Transfer (MB/evt)  CPU Cores/Evt  Memory/Evt (MB)
count  16.000000  16.000000          16.000000         16.000000           16.000000              16.000000             16.000000              16.000000      16.000000        16.000000
mean    8.500000   3.000000           7.043445         47.218124            0.021386               1.884766              1.669509               3.554274       0.001103         1.031500
std     4.760952   1.032796           0.016882          4.968616            0.002105               1.152134              1.180391               2.324215       0.000114         0.209369
min     1.000000   1.000000           7.023560         42.555182            0.017867               0.449219              0.000000               0.449219       0.000998         0.808000
25%     4.750000   2.000000           7.025647         43.279972            0.020338               1.035156              0.699883               1.735040       0.001012         0.836750
50%     8.500000   3.000000           7.046611         45.291237            0.022117               1.884766              1.669683               3.554449       0.001063         1.006000
75%    12.250000   4.000000           7.057489         49.282490            0.023105               2.734375              2.641548               5.375923       0.001154         1.211750
max    16.000000   5.000000           7.064550         55.968114            0.023499               3.320312              3.338760               6.659072       0.001300         1.300000
