Workflow Construction Summary Table
========================================================================================================================

 Comp  Groups Wall Time/Evt (s) CPU Time/Evt (s) Throughput (evt/s) Write Remote (MB/evt) Read Remote (MB/evt) Net Transfer (MB/evt) CPU Cores/Evt Memory/Evt (MB)
    1       2           51.4725        2802.3568             0.0004                  0.89                 0.62                  1.50        0.0735           73.69
    2       2           51.4725        2802.3568             0.0004                  0.89                 0.62                  1.50        0.0735           73.69
    3       3           51.4672        2801.0226             0.0004                  0.89                 0.78                  1.67        0.0734           73.60
    4       3           51.4672        2801.0226             0.0004                  0.89                 0.78                  1.67        0.0734           73.60
    5       3           51.3953        2776.1473             0.0004                  0.89                 0.78                  1.67        0.0728           73.08
    6       3           51.3953        2776.1473             0.0004                  0.89                 0.78                  1.67        0.0728           73.08
    7       3           51.4228        2797.7935             0.0004                  1.50                 1.32                  2.83        0.0734           73.63
    8       3           51.4228        2797.7935             0.0004                  1.50                 1.32                  2.83        0.0734           73.63
    9       3           51.3391        2703.8060             0.0004                  0.89                 1.24                  2.13        0.0711           71.53
   10       3           51.2915         831.9963             0.0012                  2.06                 1.99                  4.05        0.0219           29.46
   11       3           51.2915         831.9963             0.0012                  2.06                 1.99                  4.05        0.0219           29.46
   12       4           51.4080        2775.1191             0.0004                  0.89                 0.96                  1.85        0.0728           73.01
   13       4           51.4080        2775.1191             0.0004                  0.89                 0.96                  1.85        0.0728           73.01
   14       4           51.4203        2796.6447             0.0004                  1.50                 1.49                  2.99        0.0734           73.56
   15       4           51.4203        2796.6447             0.0004                  1.50                 1.49                  2.99        0.0734           73.56
   16       4           51.3341        2703.3153             0.0004                  0.89                 1.40                  2.29        0.0711           71.49
   17       4           51.3341        2703.3153             0.0004                  0.89                 1.40                  2.29        0.0711           71.49
   18       4           51.3440        2769.6164             0.0004                  1.50                 1.50                  3.01        0.0728           73.01
   19       4           51.3440        2769.6164             0.0004                  1.50                 1.50                  3.01        0.0728           73.01
   20       4           51.2689         831.6618             0.0012                  2.06                 2.15                  4.21        0.0219           29.42
   21       4           51.1865         692.4704             0.0014                  2.68                 2.70                  5.37        0.0182           29.43
   22       4           51.2689         831.6618             0.0012                  2.06                 2.15                  4.21        0.0219           29.42
   23       4           51.1865         692.4704             0.0014                  2.68                 2.70                  5.37        0.0182           29.43
   24       4           51.2482         810.0193             0.0012                  2.06                 2.14                  4.20        0.0213           28.93
   25       4           51.2482         810.0193             0.0012                  2.06                 2.14                  4.20        0.0213           28.93
   26       4           51.1588         738.2712             0.0014                  2.06                 2.60                  4.66        0.0194           27.24
   27       4           51.1921        2696.0239             0.0004                  1.50                 1.95                  3.45        0.0709           71.32
   28       5           51.3364        2702.2663             0.0004                  0.89                 1.57                  2.46        0.0710           71.42
   29       5           51.2877        2767.8586             0.0004                  1.50                 1.66                  3.17        0.0727           72.89
   30       5           51.2877        2767.8586             0.0004                  1.50                 1.66                  3.17        0.0727           72.89
   31       5           51.2125         691.2799             0.0014                  2.68                 2.87                  5.54        0.0182           29.42
   32       5           51.2125         691.2799             0.0014                  2.68                 2.87                  5.54        0.0182           29.42
   33       5           51.2453         808.2772             0.0012                  2.06                 2.31                  4.37        0.0213           28.82
   34       5           51.2453         808.2772             0.0012                  2.06                 2.31                  4.37        0.0213           28.82
   35       5           51.1735         737.7878             0.0014                  2.06                 2.76                  4.82        0.0194           27.19
   36       5           51.1735         737.7878             0.0014                  2.06                 2.76                  4.82        0.0194           27.19
   37       5           51.1961        2695.0102             0.0004                  1.50                 2.11                  3.62        0.0708           71.26
   38       5           51.1961        2695.0102             0.0004                  1.50                 2.11                  3.62        0.0708           71.26
   39       5           51.1507         669.9609             0.0015                  2.68                 2.85                  5.53        0.0176           28.90
   40       5           51.1507         669.9609             0.0015                  2.68                 2.85                  5.53        0.0176           28.90
   41       5           51.0956         601.0070             0.0017                  2.68                 3.32                  6.00        0.0159           27.33
   42       6           51.1761         736.0495             0.0014                  2.06                 2.92                  4.98        0.0193           27.09
   43       6           51.1643        2694.7162             0.0004                  1.50                 2.27                  3.77        0.0708           71.22
   44       6           51.1328         668.9657             0.0015                  2.68                 3.01                  5.69        0.0176           28.84
   45       6           51.1328         668.9657             0.0015                  2.68                 3.01                  5.69        0.0176           28.84
   46       6           50.9885         598.4297             0.0017                  2.68                 3.46                  6.14        0.0158           27.17
   47       6           50.9885         598.4297             0.0017                  2.68                 3.46                  6.14        0.0158           27.17
   48       7           51.0564         598.6020             0.0017                  2.68                 3.64                  6.32        0.0158           27.18

Summary Statistics:
------------------------------------------------------------------------------------------------------------------------
        Comp     Groups  Wall Time/Evt (s)  CPU Time/Evt (s)  Throughput (evt/s)  Write Remote (MB/evt)  Read Remote (MB/evt)  Net Transfer (MB/evt)  CPU Cores/Evt  Memory/Evt (MB)
count  48.00  48.000000          48.000000         48.000000           48.000000              48.000000             48.000000              48.000000      48.000000        48.000000
mean   24.50   4.333333          51.266895       1740.046030            0.000882               1.782451              2.025866               3.808317       0.045704        50.581917
std    14.00   1.117241           0.125632       1029.702769            0.000536               0.668887              0.837267               1.478446       0.027005        22.336854
min     1.00   2.000000          50.988526        598.429737            0.000357               0.888672              0.615462               1.504134       0.015762        27.090800
25%    12.75   4.000000          51.175414        725.154723            0.000361               1.350435              1.400511               2.735414       0.019060        28.882900
50%    24.50   4.000000          51.258548       1763.356267            0.000787               1.782451              2.114904               3.909611       0.046351        50.336400
75%    36.25   5.000000          51.356815       2770.992082            0.001380               2.214468              2.758223               5.082242       0.072770        73.007650
max    48.00   7.000000          51.472454       2802.356831            0.001671               2.676230              3.642828               6.319058       0.073451        73.688800
