Workflow Construction Summary Table
========================================================================================================================

 Comp  Groups Wall Time/Evt (s) CPU Time/Evt (s) Throughput (evt/s) Write Remote (MB/evt) Read Remote (MB/evt) Net Transfer (MB/evt) CPU Cores/Evt Memory/Evt (MB)
    1       2           40.4555         158.4569             0.0063                  0.89                 0.55                  1.44        0.0019            3.74
    2       2           40.4555         158.4569             0.0063                  0.89                 0.55                  1.44        0.0019            3.74
    3       3           40.4606         158.4656             0.0063                  0.89                 0.70                  1.59        0.0019            3.74
    4       3           40.4606         158.4656             0.0063                  0.89                 0.70                  1.59        0.0019            3.74
    5       3           40.4443         158.3819             0.0063                  0.89                 0.70                  1.59        0.0019            3.74
    6       3           40.4443         158.3819             0.0063                  0.89                 0.70                  1.59        0.0019            3.74
    7       3           40.4811         158.4585             0.0063                  1.50                 1.17                  2.67        0.0019            3.74
    8       3           40.4811         158.4585             0.0063                  1.50                 1.17                  2.67        0.0019            3.74
    9       3           40.4175         158.2765             0.0063                  0.89                 1.10                  1.99        0.0019            3.74
   10       3           40.4334         158.2720             0.0063                  2.06                 1.75                  3.81        0.0019            3.75
   11       3           40.4334         158.2720             0.0063                  2.06                 1.75                  3.81        0.0019            3.75
   12       4           40.4435         158.3787             0.0063                  0.89                 0.85                  1.74        0.0019            3.75
   13       4           40.4435         158.3787             0.0063                  0.89                 0.85                  1.74        0.0019            3.75
   14       4           40.4803         158.4556             0.0063                  1.50                 1.32                  2.82        0.0019            3.75
   15       4           40.4803         158.4556             0.0063                  1.50                 1.32                  2.82        0.0019            3.75
   16       4           40.4167         158.2735             0.0063                  0.89                 1.25                  2.14        0.0019            3.74
   17       4           40.4167         158.2735             0.0063                  0.89                 1.25                  2.14        0.0019            3.74
   18       4           40.4539         158.3519             0.0063                  1.50                 1.31                  2.82        0.0019            3.75
   19       4           40.4539         158.3519             0.0063                  1.50                 1.31                  2.82        0.0019            3.75
   20       4           40.4326         158.2689             0.0063                  2.06                 1.90                  3.96        0.0019            3.75
   21       4           40.3786         158.1231             0.0063                  2.68                 2.38                  5.05        0.0019            3.74
   22       4           40.4326         158.2689             0.0063                  2.06                 1.90                  3.96        0.0019            3.75
   23       4           40.3786         158.1231             0.0063                  2.68                 2.38                  5.05        0.0019            3.74
   24       4           40.3933         158.1817             0.0063                  2.06                 1.89                  3.95        0.0019            3.74
   25       4           40.3933         158.1817             0.0063                  2.06                 1.89                  3.95        0.0019            3.74
   26       4           40.3897         158.1674             0.0063                  2.06                 2.29                  4.35        0.0019            3.75
   27       4           40.3931         158.1803             0.0063                  1.50                 1.72                  3.23        0.0019            3.75
   28       5           40.4159         158.2704             0.0063                  0.89                 1.40                  2.29        0.0019            3.75
   29       5           40.4476         158.3379             0.0063                  1.50                 1.46                  2.97        0.0019            3.75
   30       5           40.4476         158.3379             0.0063                  1.50                 1.46                  2.97        0.0019            3.75
   31       5           40.3778         158.1200             0.0063                  2.68                 2.53                  5.20        0.0019            3.75
   32       5           40.3778         158.1200             0.0063                  2.68                 2.53                  5.20        0.0019            3.75
   33       5           40.4272         158.2479             0.0063                  2.06                 2.05                  4.11        0.0019            3.75
   34       5           40.4272         158.2479             0.0063                  2.06                 2.05                  4.11        0.0019            3.75
   35       5           40.3890         158.1644             0.0063                  2.06                 2.44                  4.50        0.0019            3.76
   36       5           40.3890         158.1644             0.0063                  2.06                 2.44                  4.50        0.0019            3.76
   37       5           40.4201         158.2325             0.0063                  1.50                 1.87                  3.38        0.0019            3.75
   38       5           40.4201         158.2325             0.0063                  1.50                 1.87                  3.38        0.0019            3.75
   39       5           40.3732         158.1023             0.0063                  2.68                 2.52                  5.20        0.0019            3.75
   40       5           40.3732         158.1023             0.0063                  2.68                 2.52                  5.20        0.0019            3.75
   41       5           40.3695         158.0876             0.0063                  2.68                 2.92                  5.60        0.0019            3.75
   42       6           40.3882         158.1613             0.0063                  2.06                 2.59                  4.65        0.0019            3.76
   43       6           40.4088         158.2085             0.0063                  1.50                 2.01                  3.52        0.0019            3.75
   44       6           40.3724         158.0991             0.0063                  2.68                 2.67                  5.35        0.0019            3.75
   45       6           40.3724         158.0991             0.0063                  2.68                 2.67                  5.35        0.0019            3.75
   46       6           40.3687         158.0846             0.0063                  2.68                 3.07                  5.75        0.0019            3.75
   47       6           40.3687         158.0846             0.0063                  2.68                 3.07                  5.75        0.0019            3.75
   48       7           40.3610         158.0677             0.0063                  2.68                 3.22                  5.90        0.0019            3.76

Summary Statistics:
------------------------------------------------------------------------------------------------------------------------
        Comp     Groups  Wall Time/Evt (s)  CPU Time/Evt (s)  Throughput (evt/s)  Write Remote (MB/evt)  Read Remote (MB/evt)  Net Transfer (MB/evt)  CPU Cores/Evt  Memory/Evt (MB)
count  48.00  48.000000          48.000000         48.000000           48.000000              48.000000             48.000000              48.000000      48.000000        48.000000
mean   24.50   4.333333          40.417563        158.256946            0.006319               1.782451              1.791816               3.574267       0.001874         3.747433
std    14.00   1.117241           0.035876          0.128099            0.000005               0.668887              0.739406               1.381378       0.000002         0.004379
min     1.00   2.000000          40.361020        158.067702            0.006311               0.888672              0.551620               1.440292       0.001870         3.740800
25%    12.75   4.000000          40.385762        158.151739            0.006315               1.350435              1.248904               2.575429       0.001872         3.744000
50%    24.50   4.000000          40.418804        158.258363            0.006319               1.782451              1.873984               3.662315       0.001874         3.747200
75%    36.25   5.000000          40.445126        158.358610            0.006323               2.214468              2.437459               4.748894       0.001875         3.750400
max    48.00   7.000000          40.481051        158.465608            0.006326               2.676230              3.220282               5.896512       0.001879         3.758400
