Workflow Construction Summary Table
========================================================================================================================

 Comp  Groups Wall Time/Evt (s) CPU Time/Evt (s) Throughput (evt/s) Write Remote (MB/evt) Read Remote (MB/evt) Net Transfer (MB/evt) CPU Cores/Evt Memory/Evt (MB)
    1       1            6.9647          55.4588             0.0180                  0.45                 0.00                  0.45        0.0155           15.50
    2       2            6.9647          55.2589             0.0181                  0.45                 0.06                  0.51        0.0154           15.44
    3       2            6.9647          53.8516             0.0186                  0.45                 0.38                  0.83        0.0151           15.06
    4       2            6.9647          47.4374             0.0211                  2.54                 2.10                  4.63        0.0133           14.13
    5       2            6.9648          43.0159             0.0232                  1.23                 0.78                  2.01        0.0120           10.15
    6       3            6.9647          53.1480             0.0188                  0.45                 0.44                  0.89        0.0149           15.06
    7       3            6.9647          47.4374             0.0211                  2.54                 2.16                  4.70        0.0133           14.07
    8       3            6.9648          43.0159             0.0232                  1.23                 0.85                  2.08        0.0120           10.10
    9       3            6.9647          47.4374             0.0211                  2.54                 2.47                  5.01        0.0133           13.67
   10       3            6.9648          43.0159             0.0232                  1.23                 1.16                  2.39        0.0120            9.71
   11       3            6.9648          43.0159             0.0232                  3.32                 2.88                  6.20        0.0120            9.85
   12       4            6.9647          46.7338             0.0214                  2.54                 2.54                  5.07        0.0131           13.68
   13       4            6.9648          42.3123             0.0236                  1.23                 1.23                  2.46        0.0118            9.71
   14       4            6.9648          43.0159             0.0232                  3.32                 2.94                  6.26        0.0120            9.80
   15       4            6.9648          43.0159             0.0232                  3.32                 3.26                  6.58        0.0120            9.41
   16       5            6.9648          42.3123             0.0236                  3.32                 3.32                  6.64        0.0118            9.41

Summary Statistics:
------------------------------------------------------------------------------------------------------------------------
            Comp     Groups  Wall Time/Evt (s)  CPU Time/Evt (s)  Throughput (evt/s)  Write Remote (MB/evt)  Read Remote (MB/evt)  Net Transfer (MB/evt)  CPU Cores/Evt  Memory/Evt (MB)
count  16.000000  16.000000          16.000000         16.000000           16.000000              16.000000             16.000000              16.000000      16.000000        16.000000
mean    8.500000   3.000000           6.964755         46.842725            0.021556               1.884766              1.660411               3.545177       0.013096        12.172000
std     4.760952   1.032796           0.000029          4.925712            0.002118               1.152134              1.172290               2.316098       0.001379         2.546583
min     1.000000   1.000000           6.964706         42.312324            0.018031               0.449219              0.000000               0.449219       0.011826         9.410000
25%     4.750000   2.000000           6.964744         43.015923            0.020514               1.035156              0.698325               1.733481       0.012020         9.778500
50%     8.500000   3.000000           6.964763         44.874862            0.022322               1.884766              1.660363               3.545129       0.012549        11.911000
75%    12.250000   4.000000           6.964779         48.865053            0.023247               2.734375              2.622092               5.356467       0.013664        14.360500
max    16.000000   5.000000           6.964781         55.458833            0.023634               3.320312              3.321017               6.641329       0.015504        15.504000
