Workflow Construction Summary Table
========================================================================================================================

 Comp  Groups Wall Time/Evt (s) CPU Time/Evt (s) Throughput (evt/s) Write Remote (MB/evt) Read Remote (MB/evt) Net Transfer (MB/evt) CPU Cores/Evt Memory/Evt (MB)
    1       2           40.3668         317.3623             0.0032                  0.89                 0.54                  1.43        0.0424           43.11
    2       2           40.3668         317.3623             0.0032                  0.89                 0.54                  1.43        0.0424           42.03
    3       3           40.3706         317.3776             0.0032                  0.89                 0.68                  1.57        0.0424           43.11
    4       3           40.3706         317.3776             0.0032                  0.89                 0.68                  1.57        0.0424           42.03
    5       3           40.0586         313.6163             0.0032                  0.89                 0.68                  1.57        0.0421           42.77
    6       3           40.0586         313.6163             0.0032                  0.89                 0.68                  1.57        0.0421           41.93
    7       3           40.1713         161.0927             0.0062                  1.50                 1.15                  2.66        0.0215           42.91
    8       3           40.1713         161.0927             0.0062                  1.50                 1.15                  2.66        0.0215           41.83
    9       3           39.7842         307.1297             0.0033                  0.89                 1.07                  1.96        0.0416           42.01
   10       3           39.7233         281.5303             0.0036                  2.06                 1.71                  3.77        0.0383           43.03
   11       3           39.7233         281.5303             0.0036                  2.06                 1.71                  3.77        0.0383           41.95
   12       4           40.0624         313.6316             0.0032                  0.89                 0.83                  1.72        0.0421           42.77
   13       4           40.0624         313.6316             0.0032                  0.89                 0.83                  1.72        0.0421           41.93
   14       4           40.1751         161.1080             0.0062                  1.50                 1.30                  2.80        0.0215           42.91
   15       4           40.1751         161.1080             0.0062                  1.50                 1.30                  2.80        0.0215           41.83
   16       4           39.7880         307.1450             0.0033                  0.89                 1.22                  2.11        0.0416           42.01
   17       4           39.7880         307.1450             0.0033                  0.89                 1.22                  2.11        0.0416           42.01
   18       4           39.8727         159.8986             0.0063                  1.50                 1.30                  2.80        0.0216           42.78
   19       4           39.8727         159.8986             0.0063                  1.50                 1.30                  2.80        0.0216           41.95
   20       4           39.7271         281.5456             0.0036                  2.06                 1.86                  3.92        0.0383           43.03
   21       4           39.5947         158.7863             0.0063                  2.68                 2.32                  5.00        0.0215           42.91
   22       4           39.7271         281.5456             0.0036                  2.06                 1.86                  3.92        0.0383           41.95
   23       4           39.5947         158.7863             0.0063                  2.68                 2.32                  5.00        0.0215           41.83
   24       4           39.6746         281.3357             0.0036                  2.06                 1.86                  3.92        0.0383           42.78
   25       4           39.6746         281.3357             0.0036                  2.06                 1.86                  3.92        0.0383           41.95
   26       4           39.6661         281.3016             0.0036                  2.06                 2.25                  4.31        0.0383           41.95
   27       4           39.6031         158.8200             0.0063                  1.50                 1.69                  3.19        0.0215           41.82
   28       5           39.7918         307.1603             0.0033                  0.89                 1.37                  2.26        0.0416           42.01
   29       5           39.8766         159.9139             0.0063                  1.50                 1.45                  2.95        0.0216           42.79
   30       5           39.8766         159.9139             0.0063                  1.50                 1.45                  2.95        0.0216           41.95
   31       5           39.5985         158.8016             0.0063                  2.68                 2.47                  5.15        0.0215           42.91
   32       5           39.5985         158.8016             0.0063                  2.68                 2.47                  5.15        0.0215           41.83
   33       5           39.6784         281.3510             0.0036                  2.06                 2.00                  4.06        0.0383           42.79
   34       5           39.6784         281.3510             0.0036                  2.06                 2.00                  4.06        0.0383           41.95
   35       5           39.6699         281.3169             0.0036                  2.06                 2.39                  4.45        0.0383           41.95
   36       5           39.6699         281.3169             0.0036                  2.06                 2.39                  4.45        0.0383           41.95
   37       5           39.6069         158.8353             0.0063                  1.50                 1.84                  3.34        0.0215           41.82
   38       5           39.6069         158.8353             0.0063                  1.50                 1.84                  3.34        0.0215           41.82
   39       5           39.5460         158.5916             0.0063                  2.68                 2.47                  5.15        0.0215           42.66
   40       5           39.5460         158.5916             0.0063                  2.68                 2.47                  5.15        0.0215           41.83
   41       5           39.5375         158.5576             0.0063                  2.68                 2.86                  5.54        0.0215           41.82
   42       6           39.6738         281.3322             0.0036                  2.06                 2.54                  4.60        0.0383           41.95
   43       6           39.6108         158.8506             0.0063                  1.50                 1.98                  3.49        0.0215           41.82
   44       6           39.5498         158.6069             0.0063                  2.68                 2.62                  5.29        0.0215           42.66
   45       6           39.5498         158.6069             0.0063                  2.68                 2.62                  5.29        0.0215           41.83
   46       6           39.5413         158.5729             0.0063                  2.68                 3.01                  5.68        0.0215           41.83
   47       6           39.5413         158.5729             0.0063                  2.68                 3.01                  5.68        0.0215           41.82
   48       7           39.5451         158.5882             0.0063                  2.68                 3.15                  5.83        0.0215           41.83

Summary Statistics:
------------------------------------------------------------------------------------------------------------------------
        Comp     Groups  Wall Time/Evt (s)  CPU Time/Evt (s)  Throughput (evt/s)  Write Remote (MB/evt)  Read Remote (MB/evt)  Net Transfer (MB/evt)  CPU Cores/Evt  Memory/Evt (MB)
count  48.00  48.000000          48.000000         48.000000           48.000000              48.000000             48.000000              48.000000      48.000000        48.000000
mean   24.50   4.333333          39.802448        228.178748            0.004827               1.782451              1.756410               3.538861       0.030828        42.228333
std    14.00   1.117241           0.258158         70.535131            0.001472               0.668887              0.723768               1.366042       0.009523         0.470724
min     1.00   2.000000          39.537493        158.557589            0.003151               0.888672              0.537109               1.425781       0.021490        41.822800
25%    12.75   4.000000          39.601951        158.815421            0.003478               1.350435              1.220703               2.556826       0.021493        41.829500
50%    24.50   4.000000          39.700866        221.204790            0.004881               1.782451              1.836387               3.628379       0.029903        41.951400
75%    36.25   5.000000          39.922065        287.941619            0.006297               2.214468              2.392578               4.699932       0.039103        42.772200
max    48.00   7.000000          40.370595        317.377615            0.006307               2.676230              3.154746               5.830977       0.042390        43.113600
