Workflow Construction Summary Table
========================================================================================================================

 Comp  Groups Wall Time/Evt (s) CPU Time/Evt (s) Throughput (evt/s) Write Remote (MB/evt) Read Remote (MB/evt) Net Transfer (MB/evt) CPU Cores/Evt Memory/Evt (MB)
    1       1            7.5518          60.1124             0.0166                  0.45                 0.00                  0.45        0.0155           15.51
    2       2            7.4329          59.1658             0.0169                  0.45                 0.06                  0.51        0.0155           15.51
    3       2            7.2424          57.6584             0.0173                  1.23                 0.78                  2.02        0.0155           15.49
    4       2            7.3121          58.2074             0.0172                  0.45                 0.38                  0.83        0.0155           15.51
    5       2            7.2407          57.6353             0.0174                  2.54                 2.10                  4.64        0.0155           15.50
    6       3            7.3055          58.1542             0.0172                  0.45                 0.44                  0.89        0.0155           15.51
    7       3            7.1887          57.2301             0.0175                  1.23                 0.85                  2.08        0.0155           15.49
    8       3            7.1575          56.9816             0.0175                  3.32                 2.88                  6.21        0.0155           15.49
    9       3            7.2063          57.3613             0.0174                  2.54                 2.16                  4.70        0.0155           15.51
   10       3            7.1797          57.1529             0.0175                  2.54                 2.48                  5.02        0.0155           15.50
   11       3            7.1385          56.8305             0.0176                  1.23                 1.16                  2.39        0.0155           15.49
   12       4            7.1730          57.0999             0.0175                  2.54                 2.54                  5.08        0.0155           15.50
   13       4            7.1318          56.7774             0.0176                  1.23                 1.23                  2.46        0.0155           15.49
   14       4            7.1230          56.7076             0.0176                  3.32                 2.95                  6.27        0.0155           15.49
   15       4            7.0972          56.5023             0.0177                  3.32                 3.26                  6.58        0.0155           15.49
   16       5            7.0906          56.4491             0.0177                  3.32                 3.33                  6.65        0.0155           15.49

Summary Statistics:
------------------------------------------------------------------------------------------------------------------------
            Comp     Groups  Wall Time/Evt (s)  CPU Time/Evt (s)  Throughput (evt/s)  Write Remote (MB/evt)  Read Remote (MB/evt)  Net Transfer (MB/evt)  CPU Cores/Evt  Memory/Evt (MB)
count  16.000000  16.000000          16.000000         16.000000           16.000000              16.000000             16.000000              16.000000      16.000000         16.00000
mean    8.500000   3.000000           7.223230         57.501644            0.017396               1.884766              1.663278               3.548043       0.015500         15.50010
std     4.760952   1.032796           0.125587          0.997027            0.000295               1.152134              1.174628               2.318437       0.000008          0.00775
min     1.000000   1.000000           7.090564         56.449099            0.016635               0.449219              0.000000               0.449219       0.015491         15.49120
25%     4.750000   2.000000           7.136796         56.817228            0.017307               1.035156              0.699091               1.734247       0.015494         15.49440
50%     8.500000   3.000000           7.184172         57.191496            0.017485               1.884766              1.663558               3.548323       0.015498         15.49760
75%    12.250000   4.000000           7.258193         57.782336            0.017600               2.734375              2.627481               5.361856       0.015506         15.50600
max    16.000000   5.000000           7.551835         60.112416            0.017715               3.320312              3.326605               6.646918       0.015514         15.51360
