Workflow Construction Summary Table
========================================================================================================================

 Comp  Groups Wall Time/Evt (s) CPU Time/Evt (s) Throughput (evt/s) Write Remote (MB/evt) Read Remote (MB/evt) Net Transfer (MB/evt) CPU Cores/Evt Memory/Evt (MB)
    1       1            7.2484          56.8033             0.0176                  0.45                 0.00                  0.45        0.0013            1.33
    2       2            7.2389          56.7289             0.0176                  0.45                 0.07                  0.52        0.0013            1.34
    3       2            7.2318          56.6731             0.0176                  0.45                 0.38                  0.83        0.0013            1.33
    4       2            7.2647          56.9321             0.0176                  2.54                 2.12                  4.66        0.0013            1.34
    5       2            7.2382          56.7236             0.0176                  1.23                 0.80                  2.03        0.0013            1.33
    6       3            7.2319          56.6739             0.0176                  0.45                 0.45                  0.90        0.0013            1.34
    7       3            7.2624          56.9142             0.0176                  2.54                 2.19                  4.72        0.0013            1.34
    8       3            7.2342          56.6925             0.0176                  1.23                 0.86                  2.09        0.0013            1.34
    9       3            7.2635          56.9221             0.0176                  2.54                 2.51                  5.04        0.0013            1.34
   10       3            7.2332          56.6840             0.0176                  1.23                 1.18                  2.41        0.0013            1.34
   11       3            7.2742          57.0052             0.0175                  3.32                 2.93                  6.25        0.0013            1.33
   12       4            7.2606          56.9108             0.0176                  2.54                 2.57                  5.11        0.0013            1.34
   13       4            7.2333          56.6848             0.0176                  1.23                 1.25                  2.48        0.0013            1.34
   14       4            7.2720          56.9875             0.0175                  3.32                 2.99                  6.31        0.0013            1.34
   15       4            7.2730          56.9957             0.0175                  3.32                 3.31                  6.63        0.0013            1.34
   16       5            7.2731          56.9963             0.0175                  3.32                 3.38                  6.70        0.0013            1.34

Summary Statistics:
------------------------------------------------------------------------------------------------------------------------
            Comp     Groups  Wall Time/Evt (s)  CPU Time/Evt (s)  Throughput (evt/s)  Write Remote (MB/evt)  Read Remote (MB/evt)  Net Transfer (MB/evt)  CPU Cores/Evt  Memory/Evt (MB)
count  16.000000  16.000000          16.000000         16.000000           16.000000              16.000000             16.000000              16.000000      16.000000        16.000000
mean    8.500000   3.000000           7.252089         56.832996            0.017596               1.884766              1.686178               3.570944       0.001337         1.337500
std     4.760952   1.032796           0.017249          0.135544            0.000042               1.152134              1.190085               2.333821       0.000003         0.002948
min     1.000000   1.000000           7.231796         56.673134            0.017542               0.449219              0.000000               0.449219       0.001333         1.332800
25%     4.750000   2.000000           7.234000         56.690542            0.017561               1.035156              0.710369               1.745525       0.001336         1.335600
50%     8.500000   3.000000           7.254474         56.857054            0.017588               1.884766              1.683838               3.568603       0.001338         1.337600
75%    12.250000   4.000000           7.266536         56.945981            0.017640               2.734375              2.656834               5.391209       0.001339         1.339200
max    16.000000   5.000000           7.274228         57.005242            0.017645               3.320312              3.376162               6.696475       0.001344         1.344000
