Workflow Construction Summary Table
========================================================================================================================

 Comp  Groups Wall Time/Evt (s) CPU Time/Evt (s) Throughput (evt/s) Write Remote (MB/evt) Read Remote (MB/evt) Net Transfer (MB/evt) CPU Cores/Evt Memory/Evt (MB)
    1       1            9.8841          69.3611             0.0144                  0.45                 0.00                  0.45        0.0203           20.29
    2       2            9.7279          68.2690             0.0146                  0.45                 0.07                  0.52        0.0203           20.28
    3       2            9.5733          67.1790             0.0149                  0.45                 0.43                  0.88        0.0203           20.29
    4       2            9.5273          66.8551             0.0150                  2.53                 2.42                  4.95        0.0203           20.28
    5       2            9.4954          66.6225             0.0150                  1.23                 0.91                  2.13        0.0203           20.26
    6       3            9.5669          67.1355             0.0149                  0.45                 0.51                  0.96        0.0203           20.29
    7       3            9.4834          66.5521             0.0150                  2.53                 2.50                  5.03        0.0203           20.29
    8       3            9.4218          66.1042             0.0151                  1.22                 0.98                  2.20        0.0203           20.26
    9       3            9.4561          66.3614             0.0151                  2.53                 2.85                  5.39        0.0203           20.29
   10       3            9.3707          65.7540             0.0152                  1.23                 1.34                  2.57        0.0203           20.28
   11       3            9.4350          66.2074             0.0151                  3.31                 3.33                  6.64        0.0203           20.27
   12       4            9.4451          66.2814             0.0151                  2.53                 2.92                  5.45        0.0203           20.29
   13       4            9.3573          65.6644             0.0152                  1.23                 1.41                  2.64        0.0203           20.27
   14       4            9.3892          65.8816             0.0152                  3.31                 3.40                  6.71        0.0203           20.27
   15       4            9.3670          65.7322             0.0152                  3.31                 3.77                  7.08        0.0203           20.28
   16       5            9.3579          65.6715             0.0152                  3.31                 3.84                  7.15        0.0203           20.28

Summary Statistics:
------------------------------------------------------------------------------------------------------------------------
            Comp     Groups  Wall Time/Evt (s)  CPU Time/Evt (s)  Throughput (evt/s)  Write Remote (MB/evt)  Read Remote (MB/evt)  Net Transfer (MB/evt)  CPU Cores/Evt  Memory/Evt (MB)
count  16.000000  16.000000          16.000000         16.000000           16.000000              16.000000             16.000000              16.000000      16.000000        16.000000
mean    8.500000   3.000000           9.491161         66.602031            0.015018               1.879193              1.918090               3.797283       0.020280        20.279900
std     4.760952   1.032796           0.144142          1.012571            0.000224               1.149447              1.355138               2.495701       0.000011         0.011077
min     1.000000   1.000000           9.357310         65.664423            0.014417               0.447534              0.000000               0.447768       0.020258        20.257600
25%     4.750000   2.000000           9.384567         65.849734            0.014942               1.030377              0.807340               1.838291       0.020272        20.272400
50%     8.500000   3.000000           9.450623         66.321377            0.015078               1.878652              1.917357               3.796020       0.020282        20.282400
75%    12.250000   4.000000           9.537238         66.925207            0.015186               2.726536              3.023147               5.749637       0.020290        20.289600
max    16.000000   5.000000           9.884130         69.361118            0.015229               3.313560              3.842374               7.153502       0.020293        20.292800
