Workflow Construction Summary Table
========================================================================================================================

 Comp  Groups Wall Time/Evt (s) CPU Time/Evt (s) Throughput (evt/s) Write Remote (MB/evt) Read Remote (MB/evt) Net Transfer (MB/evt) CPU Cores/Evt Memory/Evt (MB)
    1       2           40.6939         313.0355             0.0032                  0.89                 0.55                  1.44        0.0074            7.50
    2       2           40.6939         313.0355             0.0032                  0.89                 0.55                  1.44        0.0074            7.30
    3       3           40.6833         312.9933             0.0032                  0.89                 0.70                  1.59        0.0074            7.50
    4       3           40.6833         312.9933             0.0032                  0.89                 0.70                  1.59        0.0074            7.30
    5       3           40.6305         311.3324             0.0032                  0.89                 0.70                  1.59        0.0073            7.45
    6       3           40.6305         311.3324             0.0032                  0.89                 0.70                  1.59        0.0073            7.30
    7       3           40.6406         159.1617             0.0063                  1.50                 1.18                  2.68        0.0038            7.49
    8       3           40.6406         159.1617             0.0063                  1.50                 1.18                  2.68        0.0038            7.30
    9       3           40.5926         306.8370             0.0033                  0.89                 1.10                  1.99        0.0072            7.31
   10       3           40.5605         281.8688             0.0035                  2.06                 1.75                  3.81        0.0067            7.49
   11       3           40.5605         281.8688             0.0035                  2.06                 1.75                  3.81        0.0067            7.30
   12       4           40.6286         311.3250             0.0032                  0.89                 0.85                  1.74        0.0073            7.45
   13       4           40.6286         311.3250             0.0032                  0.89                 0.85                  1.74        0.0073            7.30
   14       4           40.6474         159.1716             0.0063                  1.50                 1.33                  2.83        0.0038            7.49
   15       4           40.6474         159.1716             0.0063                  1.50                 1.33                  2.83        0.0038            7.30
   16       4           40.5821         306.8471             0.0033                  0.89                 1.25                  2.14        0.0072            7.31
   17       4           40.5821         306.8471             0.0033                  0.89                 1.25                  2.14        0.0072            7.31
   18       4           40.5843         158.9441             0.0063                  1.50                 1.33                  2.84        0.0038            7.45
   19       4           40.5843         158.9441             0.0063                  1.50                 1.33                  2.84        0.0038            7.31
   20       4           40.5587         281.8792             0.0035                  2.06                 1.90                  3.96        0.0067            7.50
   21       4           40.5084         158.6275             0.0063                  2.68                 2.38                  5.06        0.0038            7.49
   22       4           40.5587         281.8792             0.0035                  2.06                 1.90                  3.96        0.0067            7.31
   23       4           40.5084         158.6275             0.0063                  2.68                 2.38                  5.06        0.0038            7.30
   24       4           40.5471         281.8209             0.0035                  2.06                 1.90                  3.96        0.0067            7.45
   25       4           40.5471         281.8209             0.0035                  2.06                 1.90                  3.96        0.0067            7.31
   26       4           40.5325         281.7934             0.0035                  2.06                 2.30                  4.36        0.0067            7.30
   27       4           40.5238         158.7208             0.0063                  1.50                 1.73                  3.23        0.0037            7.29
   28       5           40.5920         306.8808             0.0033                  0.89                 1.40                  2.29        0.0072            7.31
   29       5           40.5906         158.9529             0.0063                  1.50                 1.48                  2.98        0.0038            7.45
   30       5           40.5906         158.9529             0.0063                  1.50                 1.48                  2.98        0.0038            7.31
   31       5           40.5065         158.6201             0.0063                  2.68                 2.53                  5.21        0.0038            7.49
   32       5           40.5065         158.6201             0.0063                  2.68                 2.53                  5.21        0.0038            7.30
   33       5           40.5404         281.8040             0.0035                  2.06                 2.05                  4.11        0.0067            7.45
   34       5           40.5404         281.8040             0.0035                  2.06                 2.05                  4.11        0.0067            7.31
   35       5           40.5133         281.7514             0.0035                  2.06                 2.45                  4.51        0.0067            7.30
   36       5           40.5133         281.7514             0.0035                  2.06                 2.45                  4.51        0.0067            7.30
   37       5           40.5480         158.7656             0.0063                  1.50                 1.88                  3.38        0.0038            7.30
   38       5           40.5480         158.7656             0.0063                  1.50                 1.88                  3.38        0.0038            7.30
   39       5           40.4800         158.5495             0.0063                  2.68                 2.53                  5.20        0.0038            7.44
   40       5           40.4800         158.5495             0.0063                  2.68                 2.53                  5.20        0.0038            7.30
   41       5           40.4719         158.5177             0.0063                  2.68                 2.93                  5.60        0.0038            7.30
   42       6           40.5083         281.7553             0.0035                  2.06                 2.60                  4.66        0.0067            7.30
   43       6           40.5375         158.7412             0.0063                  1.50                 2.03                  3.53        0.0038            7.31
   44       6           40.4694         158.5246             0.0063                  2.68                 2.68                  5.35        0.0038            7.44
   45       6           40.4694         158.5246             0.0063                  2.68                 2.68                  5.35        0.0038            7.30
   46       6           40.4707         158.5117             0.0063                  2.68                 3.08                  5.75        0.0038            7.30
   47       6           40.4707         158.5117             0.0063                  2.68                 3.08                  5.75        0.0038            7.31
   48       7           40.4614         158.4895             0.0063                  2.68                 3.23                  5.90        0.0038            7.30

Summary Statistics:
------------------------------------------------------------------------------------------------------------------------
        Comp     Groups  Wall Time/Evt (s)  CPU Time/Evt (s)  Throughput (evt/s)  Write Remote (MB/evt)  Read Remote (MB/evt)  Net Transfer (MB/evt)  CPU Cores/Evt  Memory/Evt (MB)
count  48.00  48.000000          48.000000         48.000000           48.000000              48.000000             48.000000              48.000000      48.000000        48.000000
mean   24.50   4.333333          40.562258        227.431446            0.004842               1.782451              1.797899               3.580350       0.005370         7.358208
std    14.00   1.117241           0.065952         70.162710            0.001477               0.668887              0.739811               1.381887       0.001650         0.081434
min     1.00   2.000000          40.461443        158.489460            0.003195               0.888672              0.551388               1.440060       0.003750         7.291600
25%    12.75   4.000000          40.508418        158.697472            0.003475               1.350435              1.248271               2.583703       0.003754         7.301100
50%    24.50   4.000000          40.553329        220.461530            0.004916               1.782451              1.876600               3.670883       0.005208         7.305400
75%    36.25   5.000000          40.601578        288.118655            0.006301               2.214468              2.449369               4.757387       0.006806         7.446800
max    48.00   7.000000          40.693908        313.035527            0.006310               2.676230              3.227041               5.903271       0.007367         7.504000
