Workflow Construction Summary Table
========================================================================================================================

 Comp  Groups Wall Time/Evt (s) CPU Time/Evt (s) Throughput (evt/s) Write Remote (MB/evt) Read Remote (MB/evt) Net Transfer (MB/evt) CPU Cores/Evt Memory/Evt (MB)
    1       1            9.8783         554.5590             0.0018                  0.45                 0.00                  0.45        0.1623          162.32
    2       2            9.7212         542.2401             0.0018                  0.45                 0.07                  0.52        0.1611          161.21
    3       2            9.5625         508.1725             0.0020                  0.45                 0.43                  0.88        0.1535          154.39
    4       2            9.4690         249.7520             0.0040                  1.23                 0.91                  2.13        0.0743           75.68
    5       2            9.4668         202.7915             0.0049                  2.53                 2.42                  4.95        0.0615           75.87
    6       3            9.5545         507.9182             0.0020                  0.45                 0.51                  0.96        0.1534          154.25
    7       3            9.3947         242.0439             0.0041                  1.22                 0.98                  2.20        0.0731           74.56
    8       3            9.4220         196.7595             0.0051                  2.53                 2.50                  5.03        0.0604           74.85
    9       3            9.3395         213.7597             0.0047                  1.23                 1.34                  2.57        0.0657           67.92
   10       3            9.3907         169.5795             0.0059                  2.53                 2.85                  5.39        0.0526           67.90
   11       3            9.3539         170.3509             0.0059                  3.31                 3.33                  6.64        0.0516           56.23
   12       4            9.3253         213.5167             0.0047                  1.23                 1.41                  2.64        0.0655           67.78
   13       4            9.3790         168.9771             0.0059                  2.53                 2.92                  5.45        0.0523           67.57
   14       4            9.3059         164.1834             0.0061                  3.31                 3.40                  6.70        0.0504           55.15
   15       4            9.2800         137.6368             0.0073                  3.31                 3.77                  7.08        0.0429           48.46
   16       5            9.2697         137.4445             0.0073                  3.31                 3.84                  7.15        0.0429           48.36

Summary Statistics:
------------------------------------------------------------------------------------------------------------------------
            Comp     Groups  Wall Time/Evt (s)  CPU Time/Evt (s)  Throughput (evt/s)  Write Remote (MB/evt)  Read Remote (MB/evt)  Net Transfer (MB/evt)  CPU Cores/Evt  Memory/Evt (MB)
count  16.000000  16.000000          16.000000         16.000000           16.000000              16.000000             16.000000              16.000000      16.000000        16.000000
mean    8.500000   3.000000           9.444566        273.730328            0.004588               1.878684              1.917372               3.796056       0.082717        88.281775
std     4.760952   1.032796           0.165783        155.377195            0.001857               1.148794              1.354222               2.494156       0.045613        42.572752
min     1.000000   1.000000           9.269720        137.444549            0.001803               0.447534              0.000000               0.447768       0.042863        48.360000
25%     4.750000   2.000000           9.335988        169.428900            0.003495               1.030374              0.807146               1.838065       0.052101        64.735400
50%     8.500000   3.000000           9.392712        208.154070            0.004807               1.878652              1.917357               3.796020       0.063508        71.240800
75%    12.250000   4.000000           9.490410        314.293550            0.005902               2.725847              3.023147               5.749637       0.094064        95.461000
max    16.000000   5.000000           9.878254        554.559042            0.007276               3.313560              3.837155               7.146538       0.162317       162.316800
