Workflow Construction Summary Table
========================================================================================================================

 Comp  Groups Wall Time/Evt (s) CPU Time/Evt (s) Throughput (evt/s) Write Remote (MB/evt) Read Remote (MB/evt) Net Transfer (MB/evt) CPU Cores/Evt Memory/Evt (MB)
    1       1            7.9560          59.7956             0.0167                  0.45                 0.00                  0.45        0.0015            1.46
    2       2            7.9951          59.9395             0.0167                  0.45                 0.06                  0.51        0.0015            1.50
    3       2            8.0237          60.1393             0.0166                  0.45                 0.42                  0.87        0.0015            1.49
    4       2            8.4008          63.1433             0.0158                  2.54                 2.23                  4.76        0.0015            1.46
    5       2            8.0875          60.8458             0.0164                  1.23                 0.83                  2.06        0.0015            1.46
    6       3            7.9870          60.0154             0.0167                  0.45                 0.47                  0.91        0.0015            1.50
    7       3            8.4537          63.3695             0.0158                  2.54                 2.32                  4.85        0.0015            1.50
    8       3            8.1331          61.0362             0.0164                  1.23                 0.90                  2.13        0.0015            1.50
    9       3            8.4881          63.6241             0.0157                  2.54                 2.66                  5.19        0.0015            1.50
   10       3            8.1586          61.2465             0.0163                  1.23                 1.25                  2.48        0.0015            1.49
   11       3            8.6005          64.5403             0.0155                  3.32                 3.07                  6.40        0.0015            1.48
   12       4            8.4945          63.6726             0.0157                  2.54                 2.72                  5.26        0.0015            1.52
   13       4            8.0900          60.9951             0.0164                  1.23                 1.28                  2.51        0.0015            1.49
   14       4            8.5598          64.3914             0.0155                  3.32                 3.14                  6.46        0.0015            1.50
   15       4            8.5223          64.3581             0.0155                  3.32                 3.44                  6.76        0.0015            1.50
   16       5            8.5571          64.5200             0.0155                  3.32                 3.52                  6.84        0.0015            1.50

Summary Statistics:
------------------------------------------------------------------------------------------------------------------------
            Comp     Groups  Wall Time/Evt (s)  CPU Time/Evt (s)  Throughput (evt/s)  Write Remote (MB/evt)  Read Remote (MB/evt)  Net Transfer (MB/evt)  CPU Cores/Evt  Memory/Evt (MB)
count  16.000000  16.000000          16.000000         16.000000           16.000000              16.000000             16.000000              16.000000      16.000000        16.000000
mean    8.500000   3.000000           8.281726         62.227040            0.016084               1.884766              1.769371               3.654137       0.001488         1.488500
std     4.760952   1.032796           0.244626          1.865857            0.000483               1.152134              1.247421               2.391032       0.000016         0.015858
min     1.000000   1.000000           7.955977         59.795594            0.015494               0.449219              0.000000               0.449219       0.001456         1.456000
25%     4.750000   2.000000           8.071525         60.669156            0.015664               1.035156              0.741434               1.776590       0.001486         1.486000
50%     8.500000   3.000000           8.279680         62.194882            0.016082               1.884766              1.754748               3.639513       0.001496         1.496000
75%    12.250000   4.000000           8.501417         63.843996            0.016483               2.734375              2.810041               5.544416       0.001496         1.496000
max    16.000000   5.000000           8.600454         64.540298            0.016724               3.320312              3.521116               6.841429       0.001520         1.520000
