Workflow Construction Summary Table
========================================================================================================================

 Comp  Groups Wall Time/Evt (s) CPU Time/Evt (s) Throughput (evt/s) Write Remote (MB/evt) Read Remote (MB/evt) Net Transfer (MB/evt) CPU Cores/Evt Memory/Evt (MB)
    1       1            7.2747         462.9408             0.0022                  0.45                 0.00                  0.45        0.0621           62.08
    2       2            7.2160         456.1291             0.0022                  0.45                 0.06                  0.51        0.0617           61.70
    3       2            7.1589         430.8972             0.0023                  0.45                 0.38                  0.83        0.0588           59.12
    4       2            7.1359         210.1731             0.0048                  1.23                 0.78                  2.01        0.0283           28.85
    5       2            7.1594         173.4046             0.0058                  2.54                 2.09                  4.63        0.0235           29.04
    6       3            7.1563         430.8868             0.0023                  0.45                 0.44                  0.89        0.0588           59.12
    7       3            7.1097         205.4284             0.0049                  1.23                 0.85                  2.08        0.0279           28.47
    8       3            7.1428         169.2726             0.0059                  2.54                 2.16                  4.70        0.0231           28.66
    9       3            7.0877         182.4162             0.0055                  1.23                 1.16                  2.39        0.0250           25.84
   10       3            7.1329         147.0344             0.0068                  2.54                 2.47                  5.01        0.0202           26.03
   11       3            7.1334         146.0838             0.0068                  3.32                 2.88                  6.20        0.0197           21.47
   12       4            7.0849         182.4053             0.0055                  1.23                 1.22                  2.45        0.0250           25.83
   13       4            7.1302         147.0237             0.0068                  2.54                 2.53                  5.07        0.0202           26.03
   14       4            7.1169         141.9554             0.0070                  3.32                 2.94                  6.26        0.0193           21.09
   15       4            7.1070         119.7208             0.0084                  3.32                 3.25                  6.57        0.0163           18.45
   16       5            7.1044         119.7104             0.0084                  3.32                 3.32                  6.64        0.0163           18.45

Summary Statistics:
------------------------------------------------------------------------------------------------------------------------
            Comp     Groups  Wall Time/Evt (s)  CPU Time/Evt (s)  Throughput (evt/s)  Write Remote (MB/evt)  Read Remote (MB/evt)  Net Transfer (MB/evt)  CPU Cores/Evt  Memory/Evt (MB)
count  16.000000  16.000000          16.000000         16.000000           16.000000              16.000000             16.000000              16.000000      16.000000        16.000000
mean    8.500000   3.000000           7.140684        232.842648            0.005341               1.884766              1.658530               3.543295       0.031628        33.764250
std     4.760952   1.032796           0.048102        129.431147            0.002113               1.152134              1.171457               2.315290       0.017479        16.319118
min     1.000000   1.000000           7.084938        119.710357            0.002160               0.449219              0.000000               0.449219       0.016337        18.450000
25%     4.750000   2.000000           7.108995        146.788737            0.004149               1.035156              0.697161               1.732318       0.020041        24.741000
50%     8.500000   3.000000           7.133164        177.904937            0.005625               1.884766              1.658196               3.542961       0.024234        27.247000
75%    12.250000   4.000000           7.156914        265.351526            0.006813               2.734375              2.619852               5.354227       0.035931        36.560000
max    16.000000   5.000000           7.274707        462.940788            0.008353               3.320312              3.317806               6.638118       0.062080        62.080000
