Workflow Construction Summary Table
========================================================================================================================

 Comp  Groups Wall Time/Evt (s) CPU Time/Evt (s) Throughput (evt/s) Write Remote (MB/evt) Read Remote (MB/evt) Net Transfer (MB/evt) CPU Cores/Evt Memory/Evt (MB)
    1       1            9.7916          69.0258             0.0145                  0.45                 0.00                  0.45        0.0201           20.10
    2       2            9.6387          67.9464             0.0147                  0.45                 0.08                  0.53        0.0201           20.11
    3       2            9.4901          66.9048             0.0149                  0.45                 0.44                  0.89        0.0201           20.13
    4       2            9.4316          66.4781             0.0150                  2.53                 2.41                  4.94        0.0201           20.10
    5       2            9.4087          66.3241             0.0151                  1.23                 0.90                  2.12        0.0201           20.10
    6       3            9.4712          66.7601             0.0150                  0.45                 0.50                  0.95        0.0201           20.13
    7       3            9.3860          66.1614             0.0151                  2.53                 2.48                  5.01        0.0201           20.11
    8       3            9.3407          65.8555             0.0152                  1.23                 0.97                  2.19        0.0201           20.12
    9       3            9.3576          65.9567             0.0152                  2.53                 2.82                  5.35        0.0201           20.10
   10       3            9.2862          65.4646             0.0153                  1.23                 1.33                  2.56        0.0201           20.12
   11       3            9.3494          65.9011             0.0152                  3.32                 3.30                  6.61        0.0201           20.12
   12       4            9.3365          65.8039             0.0152                  2.53                 2.89                  5.42        0.0201           20.10
   13       4            9.2694          65.3440             0.0153                  1.23                 1.39                  2.62        0.0201           20.12
   14       4            9.3009          65.5587             0.0153                  3.31                 3.37                  6.68        0.0202           20.16
   15       4            9.2739          65.3741             0.0153                  3.31                 3.71                  7.02        0.0202           20.15
   16       5            9.2484          65.1884             0.0153                  3.30                 3.77                  7.07        0.0201           20.14

Summary Statistics:
------------------------------------------------------------------------------------------------------------------------
            Comp     Groups  Wall Time/Evt (s)  CPU Time/Evt (s)  Throughput (evt/s)  Write Remote (MB/evt)  Read Remote (MB/evt)  Net Transfer (MB/evt)  CPU Cores/Evt  Memory/Evt (MB)
count  16.000000  16.000000          16.000000         16.000000           16.000000              16.000000             16.000000              16.000000      16.000000         16.00000
mean    8.500000   3.000000           9.398807         66.252980            0.015097               1.878488              1.896789               3.775277       0.020120         20.11950
std     4.760952   1.032796           0.144991          1.023375            0.000228               1.147442              1.335951               2.474804       0.000019          0.01948
min     1.000000   1.000000           9.248402         65.188387            0.014487               0.447971              0.000000               0.448283       0.020096         20.09600
25%     4.750000   2.000000           9.297193         65.535158            0.015027               1.032390              0.797103               1.829337       0.020104         20.10400
50%     8.500000   3.000000           9.353494         65.928887            0.015168               1.879033              1.899933               3.778366       0.020120         20.12000
75%    12.250000   4.000000           9.441520         66.548580            0.015259               2.722213              2.989679               5.715999       0.020128         20.12800
max    16.000000   5.000000           9.791556         69.025836            0.015340               3.316545              3.772331               7.067478       0.020160         20.16000
