Workflow Construction Summary Table
========================================================================================================================

 Comp  Groups Wall Time/Evt (s) CPU Time/Evt (s) Throughput (evt/s) Write Remote (MB/evt) Read Remote (MB/evt) Net Transfer (MB/evt) CPU Cores/Evt Memory/Evt (MB)
    1       1            7.5915          60.4495             0.0165                  0.45                 0.00                  0.45        0.0155           15.50
    2       2            7.4788          59.3199             0.0169                  0.45                 0.06                  0.51        0.0154           15.44
    3       2            7.3903          57.0060             0.0175                  0.45                 0.38                  0.83        0.0151           15.06
    4       2            7.6975          51.8546             0.0193                  2.54                 2.10                  4.63        0.0133           14.13
    5       2            7.4401          45.4785             0.0220                  1.23                 0.78                  2.01        0.0120           10.15
    6       3            7.3899          56.2005             0.0178                  0.45                 0.44                  0.89        0.0149           15.06
    7       3            7.6693          51.7424             0.0193                  2.54                 2.16                  4.70        0.0133           14.07
    8       3            7.3927          45.2899             0.0221                  1.23                 0.85                  2.08        0.0120           10.10
    9       3            7.6748          51.7642             0.0193                  2.54                 2.47                  5.01        0.0133           13.67
   10       3            7.3741          45.2153             0.0221                  1.23                 1.16                  2.39        0.0120            9.71
   11       3            7.7723          46.8021             0.0214                  3.32                 2.88                  6.20        0.0120            9.85
   12       4            7.6745          50.9592             0.0196                  2.54                 2.54                  5.07        0.0131           13.68
   13       4            7.3736          44.4098             0.0225                  1.23                 1.23                  2.46        0.0118            9.71
   14       4            7.7445          46.6911             0.0214                  3.32                 2.94                  6.26        0.0120            9.80
   15       4            7.7499          46.7127             0.0214                  3.32                 3.26                  6.58        0.0120            9.41
   16       5            7.7495          45.9076             0.0218                  3.32                 3.32                  6.64        0.0118            9.41

Summary Statistics:
------------------------------------------------------------------------------------------------------------------------
            Comp     Groups  Wall Time/Evt (s)  CPU Time/Evt (s)  Throughput (evt/s)  Write Remote (MB/evt)  Read Remote (MB/evt)  Net Transfer (MB/evt)  CPU Cores/Evt  Memory/Evt (MB)
count  16.000000  16.000000          16.000000         16.000000           16.000000              16.000000             16.000000              16.000000      16.000000        16.000000
mean    8.500000   3.000000           7.572710         50.362720            0.020060               1.884766              1.660411               3.545177       0.013096        12.172000
std     4.760952   1.032796           0.159699          5.400542            0.002039               1.152134              1.172290               2.316098       0.001379         2.546583
min     1.000000   1.000000           7.373647         44.409807            0.016543               0.449219              0.000000               0.449219       0.011826         9.410000
25%     4.750000   2.000000           7.392148         45.800364            0.018912               1.035156              0.698325               1.733481       0.012020         9.778500
50%     8.500000   3.000000           7.630400         48.880661            0.020495               1.884766              1.660363               3.545129       0.012549        11.911000
75%    12.250000   4.000000           7.709222         52.941101            0.021834               2.734375              2.622092               5.356467       0.013664        14.360500
max    16.000000   5.000000           7.772299         60.449493            0.022518               3.320312              3.321017               6.641329       0.015504        15.504000
