Workflow Construction Summary Table
========================================================================================================================

 Comp  Groups Wall Time/Evt (s) CPU Time/Evt (s) Throughput (evt/s) Write Remote (MB/evt) Read Remote (MB/evt) Net Transfer (MB/evt) CPU Cores/Evt Memory/Evt (MB)
    1       2           39.4316        2444.9258             0.0004                  0.89                 0.54                  1.43        0.1666          167.15
    2       2           39.4316        2444.9258             0.0004                  0.89                 0.54                  1.43        0.1666          167.15
    3       3           39.4263        2444.0004             0.0004                  0.89                 0.68                  1.57        0.1665          166.98
    4       3           39.4263        2444.0004             0.0004                  0.89                 0.68                  1.57        0.1665          166.98
    5       3           39.2723        2415.7403             0.0004                  0.89                 0.68                  1.57        0.1653          165.90
    6       3           39.2723        2415.7403             0.0004                  0.89                 0.68                  1.57        0.1653          165.90
    7       3           39.2755        2432.6522             0.0004                  1.50                 1.15                  2.66        0.1662          166.72
    8       3           39.2755        2432.6522             0.0004                  1.50                 1.15                  2.66        0.1662          166.72
    9       3           39.1148        2345.9606             0.0004                  0.89                 1.07                  1.96        0.1611          162.22
   10       3           38.9964         720.7435             0.0014                  2.06                 1.71                  3.77        0.0495           66.77
   11       3           38.9964         720.7435             0.0014                  2.06                 1.71                  3.77        0.0495           66.77
   12       4           39.2670        2414.8149             0.0004                  0.89                 0.83                  1.72        0.1653          165.73
   13       4           39.2670        2414.8149             0.0004                  0.89                 0.83                  1.72        0.1653          165.73
   14       4           39.2702        2431.7269             0.0004                  1.50                 1.30                  2.80        0.1661          166.56
   15       4           39.2702        2431.7269             0.0004                  1.50                 1.30                  2.80        0.1661          166.56
   16       4           39.1095        2345.0352             0.0004                  0.89                 1.22                  2.11        0.1611          162.05
   17       4           39.1095        2345.0352             0.0004                  0.89                 1.22                  2.11        0.1611          162.05
   18       4           39.1178        2403.5727             0.0004                  1.50                 1.30                  2.80        0.1649          165.49
   19       4           39.1178        2403.5727             0.0004                  1.50                 1.30                  2.80        0.1649          165.49
   20       4           38.9912         719.8181             0.0014                  2.06                 1.86                  3.92        0.0495           66.60
   21       4           38.8723         599.2432             0.0017                  2.68                 2.32                  5.00        0.0412           66.71
   22       4           38.9912         719.8181             0.0014                  2.06                 1.86                  3.92        0.0495           66.60
   23       4           38.8723         599.2432             0.0017                  2.68                 2.32                  5.00        0.0412           66.71
   24       4           38.9649         699.7341             0.0014                  2.06                 1.86                  3.92        0.0482           65.47
   25       4           38.9649         699.7341             0.0014                  2.06                 1.86                  3.92        0.0482           65.47
   26       4           38.9415         638.5360             0.0016                  2.06                 2.25                  4.31        0.0441           61.89
   27       4           38.9651        2334.0925             0.0004                  1.50                 1.69                  3.19        0.1607          161.82
   28       5           39.1043        2344.1099             0.0004                  0.89                 1.37                  2.26        0.1610          161.89
   29       5           39.1126        2402.6473             0.0004                  1.50                 1.45                  2.95        0.1649          165.32
   30       5           39.1126        2402.6473             0.0004                  1.50                 1.45                  2.95        0.1649          165.32
   31       5           38.8671         598.3179             0.0017                  2.68                 2.47                  5.15        0.0411           66.54
   32       5           38.8671         598.3179             0.0017                  2.68                 2.47                  5.15        0.0411           66.54
   33       5           38.9596         698.8087             0.0014                  2.06                 2.00                  4.06        0.0481           65.30
   34       5           38.9596         698.8087             0.0014                  2.06                 2.00                  4.06        0.0481           65.30
   35       5           38.9363         637.6107             0.0016                  2.06                 2.39                  4.45        0.0440           61.72
   36       5           38.9363         637.6107             0.0016                  2.06                 2.39                  4.45        0.0440           61.72
   37       5           38.9598        2333.1672             0.0004                  1.50                 1.84                  3.34        0.1607          161.65
   38       5           38.9598        2333.1672             0.0004                  1.50                 1.84                  3.34        0.1607          161.65
   39       5           38.8408         578.2339             0.0017                  2.68                 2.47                  5.15        0.0399           65.41
   40       5           38.8408         578.2339             0.0017                  2.68                 2.47                  5.15        0.0399           65.41
   41       5           38.8174         517.0358             0.0019                  2.68                 2.86                  5.54        0.0358           61.83
   42       6           38.9310         636.6853             0.0016                  2.06                 2.54                  4.60        0.0440           61.56
   43       6           38.9545        2332.2418             0.0004                  1.50                 1.98                  3.49        0.1606          161.48
   44       6           38.8355         577.3085             0.0017                  2.68                 2.62                  5.29        0.0398           65.24
   45       6           38.8355         577.3085             0.0017                  2.68                 2.62                  5.29        0.0398           65.24
   46       6           38.8121         516.1104             0.0019                  2.68                 3.01                  5.68        0.0357           61.66
   47       6           38.8121         516.1104             0.0019                  2.68                 3.01                  5.68        0.0357           61.66
   48       7           38.8069         515.1851             0.0019                  2.68                 3.15                  5.83        0.0356           61.49

Summary Statistics:
------------------------------------------------------------------------------------------------------------------------
        Comp     Groups  Wall Time/Evt (s)  CPU Time/Evt (s)  Throughput (evt/s)  Write Remote (MB/evt)  Read Remote (MB/evt)  Net Transfer (MB/evt)  CPU Cores/Evt  Memory/Evt (MB)
count  48.00  48.000000          48.000000         48.000000           48.000000              48.000000             48.000000              48.000000      48.000000        48.000000
mean   24.50   4.333333          39.047354       1510.255647            0.001019               1.782451              1.756410               3.538861       0.103589       114.669133
std    14.00   1.117241           0.187976        896.561129            0.000622               0.668887              0.723768               1.366042       0.061287        50.677974
min     1.00   2.000000          38.806883        515.185071            0.000409               0.888672              0.537109               1.425781       0.035630        61.494000
25%    12.75   4.000000          38.916341        627.324786            0.000416               1.350435              1.220703               2.556826       0.043277        65.379600
50%    24.50   4.000000          38.978121       1526.492636            0.000908               1.782451              1.836387               3.628379       0.105073       114.127000
75%    36.25   5.000000          39.155115       2406.383270            0.001595               2.214468              2.392578               4.699932       0.165021       165.547600
max    48.00   7.000000          39.431554       2444.925789            0.001941               2.676230              3.154746               5.830977       0.166608       167.150400
