Workflow Construction Summary Table
========================================================================================================================

 Comp  Groups Wall Time/Evt (s) CPU Time/Evt (s) Throughput (evt/s) Write Remote (MB/evt) Read Remote (MB/evt) Net Transfer (MB/evt) CPU Cores/Evt Memory/Evt (MB)
    1       1            8.4526          66.0260             0.0151                  0.45                 0.00                  0.45        0.0323           32.29
    2       2            8.2038          64.0863             0.0156                  0.45                 0.07                  0.51        0.0323           32.28
    3       2            7.8098          61.0030             0.0164                  1.23                 0.80                  2.03        0.0322           32.23
    4       2            7.9515          62.1221             0.0161                  0.45                 0.38                  0.83        0.0323           32.28
    5       2            7.7949          60.8894             0.0164                  2.54                 2.15                  4.68        0.0322           32.21
    6       3            7.9384          62.0162             0.0161                  0.45                 0.45                  0.90        0.0323           32.29
    7       3            7.6946          60.1139             0.0166                  1.23                 0.87                  2.10        0.0322           32.21
    8       3            7.6237          59.5515             0.0168                  3.32                 2.94                  6.27        0.0322           32.21
    9       3            7.7229          60.3285             0.0166                  2.54                 2.21                  4.75        0.0322           32.21
   10       3            7.6656          59.8927             0.0167                  2.54                 2.53                  5.07        0.0322           32.20
   11       3            7.5896          59.2947             0.0169                  1.23                 1.19                  2.42        0.0322           32.22
   12       4            7.6541          59.7935             0.0167                  2.54                 2.60                  5.14        0.0322           32.21
   13       4            7.5774          59.1923             0.0169                  1.23                 1.25                  2.48        0.0322           32.23
   14       4            7.5495          58.9815             0.0170                  3.32                 3.01                  6.33        0.0322           32.21
   15       4            7.4952          58.5577             0.0171                  3.32                 3.33                  6.65        0.0322           32.21
   16       5            7.4811          58.4484             0.0171                  3.32                 3.39                  6.71        0.0322           32.21

Summary Statistics:
------------------------------------------------------------------------------------------------------------------------
            Comp     Groups  Wall Time/Evt (s)  CPU Time/Evt (s)  Throughput (evt/s)  Write Remote (MB/evt)  Read Remote (MB/evt)  Net Transfer (MB/evt)  CPU Cores/Evt  Memory/Evt (MB)
count  16.000000  16.000000          16.000000         16.000000           16.000000              16.000000             16.000000              16.000000      16.000000        16.000000
mean    8.500000   3.000000           7.762794         60.643616            0.016507               1.884766              1.697767               3.582533       0.032232        32.231700
std     4.760952   1.032796           0.264287          2.062359            0.000539               1.152134              1.198936               2.342679       0.000033         0.033009
min     1.000000   1.000000           7.481144         58.448446            0.015146               0.449219              0.000000               0.449219       0.032200        32.200000
25%     4.750000   2.000000           7.586577         59.269082            0.016326               1.035156              0.713394               1.748550       0.032209        32.209200
50%     8.500000   3.000000           7.680107         60.003286            0.016666               1.884766              1.698372               3.583137       0.032214        32.214400
75%    12.250000   4.000000           7.841951         61.256332            0.016872               2.734375              2.683484               5.417859       0.032244        32.244000
max    16.000000   5.000000           8.452605         66.026039            0.017109               3.320312              3.394629               6.714942       0.032293        32.292800
