Workflow Construction Summary Table
========================================================================================================================

 Comp  Groups Wall Time/Evt (s) CPU Time/Evt (s) Throughput (evt/s) Write Remote (MB/evt) Read Remote (MB/evt) Net Transfer (MB/evt) CPU Cores/Evt Memory/Evt (MB)
    1       1            9.5137          66.8072             0.0150                  0.45                 0.00                  0.45        0.0102           10.15
    2       2            9.4354          66.2590             0.0151                  0.45                 0.07                  0.52        0.0102           10.16
    3       2            9.3465          65.6666             0.0152                  0.45                 0.44                  0.88        0.0101           10.15
    4       2            9.3047          65.3647             0.0153                  2.54                 2.42                  4.96        0.0101           10.15
    5       2            9.2937          65.3236             0.0153                  1.23                 0.91                  2.14        0.0101           10.13
    6       3            9.3461          65.6520             0.0152                  0.45                 0.51                  0.96        0.0102           10.15
    7       3            9.2890          65.2338             0.0153                  2.54                 2.50                  5.04        0.0102           10.16
    8       3            9.2563          65.0675             0.0154                  1.23                 0.98                  2.21        0.0101           10.14
    9       3            9.2631          65.0794             0.0154                  2.54                 2.86                  5.40        0.0101           10.15
   10       3            9.2119          64.7909             0.0154                  1.23                 1.34                  2.57        0.0101           10.13
   11       3            9.2516          64.9952             0.0154                  3.32                 3.34                  6.66        0.0102           10.15
   12       4            9.2590          65.0499             0.0154                  2.54                 2.94                  5.47        0.0102           10.15
   13       4            9.2116          64.7766             0.0154                  1.23                 1.42                  2.65        0.0101           10.14
   14       4            9.2222          64.8095             0.0154                  3.32                 3.42                  6.74        0.0102           10.15
   15       4            9.1940          64.6464             0.0155                  3.32                 3.77                  7.09        0.0101           10.14
   16       5            9.1883          64.6106             0.0155                  3.32                 3.84                  7.16        0.0101           10.15

Summary Statistics:
------------------------------------------------------------------------------------------------------------------------
            Comp     Groups  Wall Time/Evt (s)  CPU Time/Evt (s)  Throughput (evt/s)  Write Remote (MB/evt)  Read Remote (MB/evt)  Net Transfer (MB/evt)  CPU Cores/Evt  Memory/Evt (MB)
count  16.000000  16.000000          16.000000         16.000000           16.000000              16.000000             16.000000              16.000000      16.000000        16.000000
mean    8.500000   3.000000           9.286695         65.258300            0.015325               1.884766              1.921795               3.806561       0.010146        10.146100
std     4.760952   1.032796           0.088798          0.598069            0.000139               1.152134              1.358196               2.501571       0.000009         0.009195
min     1.000000   1.000000           9.188327         64.610613            0.014968               0.449219              0.000000               0.449219       0.010126        10.126400
25%     4.750000   2.000000           9.219638         64.804875            0.015282               1.035156              0.808944               1.844100       0.010139        10.138800
50%     8.500000   3.000000           9.261005         65.073472            0.015367               1.884766              1.919880               3.804646       0.010149        10.148800
75%    12.250000   4.000000           9.315078         65.436484            0.015431               2.734375              3.036793               5.771168       0.010152        10.152000
max    16.000000   5.000000           9.513711         66.807200            0.015477               3.320312              3.840808               7.161121       0.010160        10.160000
