Workflow Construction Summary Table
========================================================================================================================

 Comp  Groups Wall Time/Evt (s) CPU Time/Evt (s) Throughput (evt/s) Write Remote (MB/evt) Read Remote (MB/evt) Net Transfer (MB/evt) CPU Cores/Evt Memory/Evt (MB)
    1       1            7.9434          60.5242             0.0165                  0.45                 0.00                  0.45        0.0085            8.48
    2       2            7.8787          59.8227             0.0167                  0.45                 0.07                  0.51        0.0084            8.45
    3       2            7.8114          57.7782             0.0173                  0.45                 0.40                  0.85        0.0082            8.22
    4       2            7.7718          50.5718             0.0198                  2.54                 2.20                  4.74        0.0072            7.73
    5       2            7.7740          45.7700             0.0218                  1.23                 0.82                  2.05        0.0066            5.55
    6       3            7.8085          57.0150             0.0175                  0.45                 0.47                  0.92        0.0081            8.23
    7       3            7.7529          50.5000             0.0198                  2.54                 2.27                  4.81        0.0072            7.70
    8       3            7.7430          45.6517             0.0219                  1.23                 0.89                  2.12        0.0066            5.53
    9       3            7.7364          50.4910             0.0198                  2.54                 2.58                  5.12        0.0073            7.48
   10       3            7.7178          45.5544             0.0220                  1.23                 1.22                  2.45        0.0066            5.31
   11       3            7.7257          45.5772             0.0219                  3.32                 3.02                  6.34        0.0066            5.39
   12       4            7.7347          49.7517             0.0201                  2.54                 2.65                  5.19        0.0072            7.49
   13       4            7.7127          44.7908             0.0223                  1.23                 1.29                  2.52        0.0065            5.31
   14       4            7.7073          45.5063             0.0220                  3.32                 3.09                  6.41        0.0066            5.36
   15       4            7.6931          45.4521             0.0220                  3.32                 3.42                  6.74        0.0066            5.15
   16       5            7.6894          44.6972             0.0224                  3.32                 3.48                  6.80        0.0065            5.15

Summary Statistics:
------------------------------------------------------------------------------------------------------------------------
            Comp     Groups  Wall Time/Evt (s)  CPU Time/Evt (s)  Throughput (evt/s)  Write Remote (MB/evt)  Read Remote (MB/evt)  Net Transfer (MB/evt)  CPU Cores/Evt  Memory/Evt (MB)
count  16.000000  16.000000          16.000000         16.000000           16.000000              16.000000             16.000000              16.000000      16.000000        16.000000
mean    8.500000   3.000000           7.762538         49.965897            0.020243               1.884727              1.741132               3.625859       0.007162         6.656763
std     4.760952   1.032796           0.069244          5.715899            0.002144               1.152111              1.227765               2.371404       0.000750         1.390778
min     1.000000   1.000000           7.689381         44.697203            0.016522               0.449219              0.000000               0.449219       0.006472         5.145800
25%     4.750000   2.000000           7.716502         45.542372            0.019215               1.035156              0.733317               1.768473       0.006578         5.347800
50%     8.500000   3.000000           7.739662         47.760844            0.020974               1.884459              1.743863               3.628628       0.006869         6.517500
75%    12.250000   4.000000           7.782605         52.182632            0.021958               2.734375              2.743655               5.478030       0.007475         7.849900
max    16.000000   5.000000           7.943357         60.524168            0.022373               3.320312              3.481212               6.801524       0.008477         8.476800
