Workflow Construction Summary Table
========================================================================================================================

 Comp  Groups Wall Time/Evt (s) CPU Time/Evt (s) Throughput (evt/s) Write Remote (MB/evt) Read Remote (MB/evt) Net Transfer (MB/evt) CPU Cores/Evt Memory/Evt (MB)
    1       1            6.9979          55.7055             0.0180                  0.45                 0.00                  0.45        0.0006            0.65
    2       2            7.0111          55.5032             0.0180                  0.45                 0.07                  0.52        0.0006            0.65
    3       2            7.0092          54.0711             0.0185                  0.45                 0.38                  0.83        0.0006            0.63
    4       2            7.0445          47.8188             0.0209                  2.54                 2.11                  4.65        0.0006            0.59
    5       2            7.0008          43.1756             0.0232                  1.23                 0.79                  2.02        0.0005            0.42
    6       3            7.0096          53.3458             0.0187                  0.45                 0.45                  0.90        0.0006            0.63
    7       3            7.0437          47.8156             0.0209                  2.54                 2.17                  4.71        0.0006            0.59
    8       3            7.0168          43.2043             0.0231                  1.23                 0.86                  2.09        0.0005            0.42
    9       3            7.0457          47.8237             0.0209                  2.54                 2.49                  5.02        0.0006            0.57
   10       3            7.0178          43.2084             0.0231                  1.23                 1.17                  2.40        0.0005            0.41
   11       3            7.0570          43.3641             0.0231                  3.32                 2.90                  6.22        0.0005            0.41
   12       4            7.0461          47.0984             0.0212                  2.54                 2.55                  5.09        0.0005            0.57
   13       4            7.0181          42.4830             0.0235                  1.23                 1.23                  2.47        0.0005            0.41
   14       4            7.0562          43.3610             0.0231                  3.32                 2.96                  6.28        0.0005            0.41
   15       4            7.0583          43.3692             0.0231                  3.32                 3.27                  6.59        0.0005            0.40
   16       5            7.0586          42.6439             0.0235                  3.32                 3.34                  6.66        0.0005            0.40

Summary Statistics:
------------------------------------------------------------------------------------------------------------------------
            Comp     Groups  Wall Time/Evt (s)  CPU Time/Evt (s)  Throughput (evt/s)  Write Remote (MB/evt)  Read Remote (MB/evt)  Net Transfer (MB/evt)  CPU Cores/Evt  Memory/Evt (MB)
count  16.000000  16.000000          16.000000         16.000000           16.000000              16.000000             16.000000              16.000000      16.000000        16.000000
mean    8.500000   3.000000           7.030717         47.124483            0.021425               1.884766              1.671096               3.555862       0.000548         0.510600
std     4.760952   1.032796           0.022333          4.916440            0.002094               1.152134              1.176167               2.319934       0.000057         0.105211
min     1.000000   1.000000           6.997893         42.483030            0.017952               0.449219              0.000000               0.449219       0.000494         0.397600
25%     4.750000   2.000000           7.010744         43.207357            0.020369               1.035156              0.701387               1.736543       0.000502         0.412900
50%     8.500000   3.000000           7.030924         45.233796            0.022145               1.884766              1.671442               3.556208       0.000525         0.498300
75%    12.250000   4.000000           7.048637         49.204245            0.023144               2.734375              2.636219               5.370594       0.000572         0.601550
max    16.000000   5.000000           7.058621         55.705541            0.023539               3.320312              3.337250               6.657562       0.000646         0.646400
