Workflow Construction Summary Table
========================================================================================================================

 Comp  Groups Wall Time/Evt (s) CPU Time/Evt (s) Throughput (evt/s) Write Remote (MB/evt) Read Remote (MB/evt) Net Transfer (MB/evt) CPU Cores/Evt Memory/Evt (MB)
    1       1            7.2924          57.0593             0.0175                  0.45                 0.00                  0.45        0.0020            2.01
    2       2            7.2772          56.7273             0.0176                  0.45                 0.07                  0.52        0.0020            2.00
    3       2            7.2542          43.9612             0.0227                  1.23                 0.80                  2.03        0.0016            1.32
    4       2            7.2619          55.1654             0.0181                  0.45                 0.39                  0.84        0.0019            1.95
    5       2            7.2524          48.4865             0.0206                  2.54                 2.15                  4.68        0.0017            1.83
    6       3            7.2574          54.4214             0.0184                  0.45                 0.45                  0.90        0.0019            1.95
    7       3            7.2474          43.9343             0.0228                  1.23                 0.86                  2.09        0.0016            1.31
    8       3            7.2471          43.9334             0.0228                  3.32                 2.94                  6.26        0.0016            1.28
    9       3            7.2460          48.4654             0.0206                  2.54                 2.21                  4.75        0.0017            1.82
   10       3            7.2426          48.4528             0.0206                  2.54                 2.53                  5.07        0.0017            1.77
   11       3            7.2405          43.9088             0.0228                  1.23                 1.19                  2.42        0.0016            1.26
   12       4            7.2460          47.7442             0.0209                  2.54                 2.59                  5.13        0.0017            1.78
   13       4            7.2397          43.1801             0.0232                  1.23                 1.25                  2.48        0.0015            1.26
   14       4            7.2382          43.9072             0.0228                  3.32                 3.00                  6.32        0.0016            1.27
   15       4            7.2396          43.9041             0.0228                  3.32                 3.32                  6.64        0.0016            1.22
   16       5            7.2389          43.1756             0.0232                  3.32                 3.39                  6.71        0.0015            1.23

Summary Statistics:
------------------------------------------------------------------------------------------------------------------------
            Comp     Groups  Wall Time/Evt (s)  CPU Time/Evt (s)  Throughput (evt/s)  Write Remote (MB/evt)  Read Remote (MB/evt)  Net Transfer (MB/evt)  CPU Cores/Evt  Memory/Evt (MB)
count  16.000000  16.000000          16.000000         16.000000           16.000000              16.000000             16.000000              16.000000      16.000000        16.000000
mean    8.500000   3.000000           7.251354         47.901702            0.021088               1.884766              1.695981               3.580747       0.001695         1.578225
std     4.760952   1.032796           0.015048          5.148037            0.002112               1.152134              1.196471               2.340180       0.000177         0.327167
min     1.000000   1.000000           7.238248         43.175626            0.017526               0.449219              0.000000               0.449219       0.001531         1.222000
25%     4.750000   2.000000           7.240317         43.908383            0.020062               1.035156              0.712929               1.748085       0.001557         1.270600
50%     8.500000   3.000000           7.246578         45.852707            0.021846               1.884766              1.697771               3.582537       0.001625         1.543100
75%    12.250000   4.000000           7.255027         49.970251            0.022775               2.734375              2.679735               5.414110       0.001766         1.858750
max    16.000000   5.000000           7.292441         57.059319            0.023161               3.320312              3.388187               6.708500       0.002006         2.006400
