Workflow Construction Summary Table
========================================================================================================================

 Comp  Groups Wall Time/Evt (s) CPU Time/Evt (s) Throughput (evt/s) Write Remote (MB/evt) Read Remote (MB/evt) Net Transfer (MB/evt) CPU Cores/Evt Memory/Evt (MB)
    1       2           38.9174         155.6698             0.0064                  0.89                 0.54                  1.43        0.0036            7.16
    2       2           38.9174         155.6698             0.0064                  0.89                 0.54                  1.43        0.0036            7.16
    3       3           38.9171         155.6684             0.0064                  0.89                 0.68                  1.57        0.0036            7.16
    4       3           38.9171         155.6684             0.0064                  0.89                 0.68                  1.57        0.0036            7.16
    5       3           38.8656         155.4626             0.0064                  0.89                 0.68                  1.57        0.0036            7.16
    6       3           38.8656         155.4626             0.0064                  0.89                 0.68                  1.57        0.0036            7.16
    7       3           38.8775         155.5101             0.0064                  1.50                 1.15                  2.66        0.0036            7.16
    8       3           38.8775         155.5101             0.0064                  1.50                 1.15                  2.66        0.0036            7.16
    9       3           38.8171         155.2686             0.0064                  0.89                 1.07                  1.96        0.0036            7.16
   10       3           38.7952         155.1810             0.0064                  2.06                 1.71                  3.77        0.0036            7.16
   11       3           38.7952         155.1810             0.0064                  2.06                 1.71                  3.77        0.0036            7.16
   12       4           38.8653         155.4612             0.0064                  0.89                 0.83                  1.72        0.0036            7.16
   13       4           38.8653         155.4612             0.0064                  0.89                 0.83                  1.72        0.0036            7.16
   14       4           38.8772         155.5087             0.0064                  1.50                 1.30                  2.80        0.0036            7.16
   15       4           38.8772         155.5087             0.0064                  1.50                 1.30                  2.80        0.0036            7.16
   16       4           38.8168         155.2672             0.0064                  0.89                 1.22                  2.11        0.0036            7.16
   17       4           38.8168         155.2672             0.0064                  0.89                 1.22                  2.11        0.0036            7.16
   18       4           38.8264         155.3056             0.0064                  1.50                 1.30                  2.80        0.0036            7.16
   19       4           38.8264         155.3056             0.0064                  1.50                 1.30                  2.80        0.0036            7.16
   20       4           38.7949         155.1796             0.0064                  2.06                 1.86                  3.92        0.0036            7.16
   21       4           38.7658         155.0633             0.0064                  2.68                 2.32                  5.00        0.0036            7.16
   22       4           38.7949         155.1796             0.0064                  2.06                 1.86                  3.92        0.0036            7.16
   23       4           38.7658         155.0633             0.0064                  2.68                 2.32                  5.00        0.0036            7.16
   24       4           38.7861         155.1446             0.0064                  2.06                 1.86                  3.92        0.0036            7.16
   25       4           38.7861         155.1446             0.0064                  2.06                 1.86                  3.92        0.0036            7.16
   26       4           38.7821         155.1285             0.0064                  2.06                 2.25                  4.31        0.0036            7.16
   27       4           38.7793         155.1170             0.0064                  1.50                 1.69                  3.19        0.0036            7.16
   28       5           38.8164         155.2658             0.0064                  0.89                 1.37                  2.26        0.0036            7.16
   29       5           38.8261         155.3042             0.0064                  1.50                 1.45                  2.95        0.0036            7.16
   30       5           38.8261         155.3042             0.0064                  1.50                 1.45                  2.95        0.0036            7.16
   31       5           38.7655         155.0619             0.0064                  2.68                 2.47                  5.15        0.0036            7.16
   32       5           38.7655         155.0619             0.0064                  2.68                 2.47                  5.15        0.0036            7.16
   33       5           38.7858         155.1432             0.0064                  2.06                 2.00                  4.06        0.0036            7.16
   34       5           38.7858         155.1432             0.0064                  2.06                 2.00                  4.06        0.0036            7.16
   35       5           38.7818         155.1271             0.0064                  2.06                 2.39                  4.45        0.0036            7.16
   36       5           38.7818         155.1271             0.0064                  2.06                 2.39                  4.45        0.0036            7.16
   37       5           38.7789         155.1156             0.0064                  1.50                 1.84                  3.34        0.0036            7.16
   38       5           38.7789         155.1156             0.0064                  1.50                 1.84                  3.34        0.0036            7.16
   39       5           38.7567         155.0269             0.0065                  2.68                 2.47                  5.15        0.0036            7.16
   40       5           38.7567         155.0269             0.0065                  2.68                 2.47                  5.15        0.0036            7.16
   41       5           38.7527         155.0108             0.0065                  2.68                 2.86                  5.54        0.0036            7.16
   42       6           38.7814         155.1257             0.0064                  2.06                 2.54                  4.60        0.0036            7.16
   43       6           38.7786         155.1143             0.0064                  1.50                 1.98                  3.49        0.0036            7.16
   44       6           38.7564         155.0255             0.0065                  2.68                 2.62                  5.29        0.0036            7.16
   45       6           38.7564         155.0255             0.0065                  2.68                 2.62                  5.29        0.0036            7.16
   46       6           38.7524         155.0094             0.0065                  2.68                 3.01                  5.68        0.0036            7.16
   47       6           38.7524         155.0094             0.0065                  2.68                 3.01                  5.68        0.0036            7.16
   48       7           38.7520         155.0080             0.0065                  2.68                 3.15                  5.83        0.0036            7.16

Summary Statistics:
------------------------------------------------------------------------------------------------------------------------
        Comp     Groups  Wall Time/Evt (s)  CPU Time/Evt (s)  Throughput (evt/s)  Write Remote (MB/evt)  Read Remote (MB/evt)  Net Transfer (MB/evt)  CPU Cores/Evt  Memory/Evt (MB)
count  48.00  48.000000          48.000000         48.000000           48.000000              48.000000             48.000000              48.000000   4.800000e+01        48.000000
mean   24.50   4.333333          38.809949        155.239794            0.006442               1.782451              1.756410               3.538861   3.580133e-03         7.160267
std    14.00   1.117241           0.050646          0.202583            0.000008               0.668887              0.723768               1.366042   6.462110e-07         0.001292
min     1.00   2.000000          38.752010        155.008039            0.006424               0.888672              0.537109               1.425781   3.579200e-03         7.158400
25%    12.75   4.000000          38.775379        155.101518            0.006437               1.350435              1.220703               2.556826   3.580000e-03         7.160000
50%    24.50   4.000000          38.790520        155.162081            0.006445               1.782451              1.836387               3.628379   3.580000e-03         7.160000
75%    36.25   5.000000          38.836123        155.344492            0.006447               2.214468              2.392578               4.699932   3.580200e-03         7.160400
max    48.00   7.000000          38.917442        155.669767            0.006451               2.676230              3.154746               5.830977   3.581600e-03         7.163200
