Workflow Construction Summary Table
========================================================================================================================

 Comp  Groups Wall Time/Evt (s) CPU Time/Evt (s) Throughput (evt/s) Write Remote (MB/evt) Read Remote (MB/evt) Net Transfer (MB/evt) CPU Cores/Evt Memory/Evt (MB)
    1       1            9.9376          69.7360             0.0143                  0.45                 0.00                  0.45        0.0203           20.29
    2       2            9.7882          68.4196             0.0146                  0.45                 0.07                  0.52        0.0202           20.21
    3       2            9.6704          65.7457             0.0152                  0.45                 0.43                  0.88        0.0197           19.70
    4       2           10.0782          59.8021             0.0167                  2.53                 2.42                  4.95        0.0173           18.48
    5       2            9.7345          52.4005             0.0191                  1.23                 0.91                  2.13        0.0157           13.29
    6       3            9.6679          64.7956             0.0154                  0.45                 0.51                  0.96        0.0194           19.70
    7       3           10.0435          59.6844             0.0168                  2.53                 2.50                  5.03        0.0173           18.42
    8       3            9.6673          52.1652             0.0192                  1.22                 0.98                  2.20        0.0157           13.21
    9       3           10.0445          59.6620             0.0168                  2.53                 2.86                  5.39        0.0173           17.90
   10       3            9.6543          52.1421             0.0192                  1.23                 1.34                  2.57        0.0157           12.73
   11       3           10.1693          53.9358             0.0185                  3.31                 3.33                  6.63        0.0157           12.89
   12       4           10.0405          58.7276             0.0170                  2.53                 2.93                  5.46        0.0171           17.89
   13       4            9.6454          51.1899             0.0195                  1.23                 1.41                  2.64        0.0155           12.71
   14       4           10.1320          53.8020             0.0186                  3.30                 3.40                  6.70        0.0157           12.81
   15       4           10.1490          53.8699             0.0186                  3.31                 3.77                  7.08        0.0157           12.32
   16       5           10.1474          52.9430             0.0189                  3.31                 3.84                  7.15        0.0155           12.32

Summary Statistics:
------------------------------------------------------------------------------------------------------------------------
            Comp     Groups  Wall Time/Evt (s)  CPU Time/Evt (s)  Throughput (evt/s)  Write Remote (MB/evt)  Read Remote (MB/evt)  Net Transfer (MB/evt)  CPU Cores/Evt  Memory/Evt (MB)
count  16.000000  16.000000          16.000000         16.000000           16.000000              16.000000             16.000000              16.000000      16.000000        16.000000
mean    8.500000   3.000000           9.910627         58.063836            0.017401               1.878091              1.918644               3.796735       0.017119        15.929063
std     4.760952   1.032796           0.211025          6.243150            0.001773               1.148334              1.356280               2.495735       0.001811         3.328520
min     1.000000   1.000000           9.645390         51.189887            0.014340               0.447493              0.000000               0.447768       0.015459        12.315200
25%     4.750000   2.000000           9.669788         52.807365            0.016400               1.030319              0.806149               1.837048       0.015707        12.790650
50%     8.500000   3.000000           9.989041         56.331669            0.017784               1.877527              1.916347               3.794834       0.016397        15.590900
75%    12.250000   4.000000          10.091617         61.050487            0.018937               2.724843              3.030170               5.753686       0.017869        18.783600
max    16.000000   5.000000          10.169341         69.736001            0.019535               3.312284              3.842374               7.153502       0.020290        20.289600
