Workflow Construction Summary Table
========================================================================================================================

 Comp  Groups Wall Time/Evt (s) CPU Time/Evt (s) Throughput (evt/s) Write Remote (MB/evt) Read Remote (MB/evt) Net Transfer (MB/evt) CPU Cores/Evt Memory/Evt (MB)
    1       1            7.2676          56.9764             0.0176                  0.45                 0.00                  0.45        0.0020            2.00
    2       2            7.2530          56.6580             0.0176                  0.45                 0.06                  0.51        0.0020            2.00
    3       2            7.2406          55.1404             0.0181                  0.45                 0.38                  0.83        0.0019            1.95
    4       2            7.2700          48.8456             0.0205                  2.54                 2.09                  4.63        0.0017            1.83
    5       2            7.2434          44.2363             0.0226                  1.23                 0.78                  2.01        0.0016            1.30
    6       3            7.2404          54.4292             0.0184                  0.45                 0.44                  0.89        0.0019            1.95
    7       3            7.2662          48.8304             0.0205                  2.54                 2.15                  4.69        0.0017            1.82
    8       3            7.2373          44.2120             0.0226                  1.23                 0.84                  2.08        0.0016            1.29
    9       3            7.2662          48.8304             0.0205                  2.54                 2.47                  5.00        0.0017            1.78
   10       3            7.2342          44.1995             0.0226                  1.23                 1.16                  2.39        0.0016            1.25
   11       3            7.2741          44.3594             0.0225                  3.32                 2.87                  6.19        0.0016            1.27
   12       4            7.2660          48.1193             0.0208                  2.54                 2.53                  5.07        0.0017            1.79
   13       4            7.2339          43.4884             0.0230                  1.23                 1.22                  2.45        0.0016            1.25
   14       4            7.2704          44.3446             0.0226                  3.32                 2.93                  6.25        0.0016            1.26
   15       4            7.2703          44.3442             0.0226                  3.32                 3.25                  6.57        0.0016            1.22
   16       5            7.2701          43.6330             0.0229                  3.32                 3.31                  6.63        0.0016            1.22

Summary Statistics:
------------------------------------------------------------------------------------------------------------------------
            Comp     Groups  Wall Time/Evt (s)  CPU Time/Evt (s)  Throughput (evt/s)  Write Remote (MB/evt)  Read Remote (MB/evt)  Net Transfer (MB/evt)  CPU Cores/Evt  Memory/Evt (MB)
count  16.000000  16.000000          16.000000         16.000000           16.000000              16.000000             16.000000              16.000000      16.000000        16.000000
mean    8.500000   3.000000           7.256482         48.165447            0.020958               1.884766              1.655273               3.540039       0.001710         1.573500
std     4.760952   1.032796           0.015352          4.979230            0.002029               1.152134              1.168838               2.312666       0.000168         0.334116
min     1.000000   1.000000           7.233948         43.488372            0.017551               0.449219              0.000000               0.449219       0.001554         1.215000
25%     4.750000   2.000000           7.240597         44.230258            0.019948               1.035156              0.695801               1.730957       0.001576         1.259750
50%     8.500000   3.000000           7.266085         46.239317            0.021662               1.884766              1.655273               3.540039       0.001647         1.540500
75%    12.250000   4.000000           7.270019         50.241522            0.022609               2.734375              2.614746               5.349121       0.001783         1.863250
max    16.000000   5.000000           7.274110         56.976435            0.022995               3.320312              3.310547               6.630859       0.002000         2.000000
