Workflow Construction Summary Table
========================================================================================================================

 Comp  Groups Wall Time/Evt (s) CPU Time/Evt (s) Throughput (evt/s) Write Remote (MB/evt) Read Remote (MB/evt) Net Transfer (MB/evt) CPU Cores/Evt Memory/Evt (MB)
    1       2           51.4641         355.5317             0.0028                  0.89                 0.61                  1.50        0.0093            9.48
    2       2           51.4641         355.5317             0.0028                  0.89                 0.61                  1.50        0.0093            9.24
    3       3           51.4320         355.3946             0.0028                  0.89                 0.78                  1.67        0.0093            9.48
    4       3           51.4320         355.3946             0.0028                  0.89                 0.78                  1.67        0.0093            9.24
    5       3           51.3505         353.4328             0.0028                  0.89                 0.79                  1.68        0.0093            9.41
    6       3           51.3505         353.4328             0.0028                  0.89                 0.79                  1.68        0.0093            9.24
    7       3           51.3424         180.5725             0.0055                  1.50                 1.34                  2.84        0.0047            9.46
    8       3           51.3424         180.5725             0.0055                  1.50                 1.34                  2.84        0.0047            9.22
    9       3           51.2949         348.2780             0.0029                  0.89                 1.25                  2.13        0.0092            9.25
   10       3           51.2476         319.9065             0.0031                  2.06                 1.98                  4.04        0.0084            9.48
   11       3           51.2476         319.9065             0.0031                  2.06                 1.98                  4.04        0.0084            9.24
   12       4           51.3584         353.5149             0.0028                  0.89                 0.95                  1.84        0.0093            9.42
   13       4           51.3584         353.5149             0.0028                  0.89                 0.95                  1.84        0.0093            9.25
   14       4           51.3477         180.5798             0.0055                  1.50                 1.51                  3.01        0.0047            9.47
   15       4           51.3477         180.5798             0.0055                  1.50                 1.51                  3.01        0.0047            9.22
   16       4           51.2863         348.4137             0.0029                  0.89                 1.40                  2.28        0.0092            9.25
   17       4           51.2863         348.4137             0.0029                  0.89                 1.40                  2.28        0.0092            9.24
   18       4           51.1993         180.1990             0.0055                  1.50                 1.50                  3.01        0.0047            9.40
   19       4           51.1993         180.1990             0.0055                  1.50                 1.50                  3.01        0.0047            9.21
   20       4           51.2130         319.7992             0.0031                  2.06                 2.15                  4.21        0.0084            9.48
   21       4           51.0883         179.8340             0.0056                  2.68                 2.69                  5.37        0.0047            9.45
   22       4           51.2130         319.7992             0.0031                  2.06                 2.15                  4.21        0.0084            9.23
   23       4           51.0883         179.8340             0.0056                  2.68                 2.69                  5.37        0.0047            9.21
   24       4           51.2250         319.8925             0.0031                  2.06                 2.15                  4.21        0.0084            9.42
   25       4           51.2250         319.8925             0.0031                  2.06                 2.15                  4.21        0.0084            9.25
   26       4           51.0863         319.6693             0.0031                  2.06                 2.59                  4.65        0.0084            9.20
   27       4           51.1551         179.9916             0.0056                  1.50                 1.95                  3.45        0.0047            9.21
   28       5           51.2893         348.3642             0.0029                  0.89                 1.57                  2.46        0.0092            9.25
   29       5           51.1677         180.1501             0.0056                  1.50                 1.65                  3.16        0.0047            9.40
   30       5           51.1677         180.1501             0.0056                  1.50                 1.65                  3.16        0.0047            9.22
   31       5           51.0786         179.8289             0.0056                  2.68                 2.85                  5.53        0.0047            9.46
   32       5           51.0786         179.8289             0.0056                  2.68                 2.85                  5.53        0.0047            9.22
   33       5           51.1981         319.7832             0.0031                  2.06                 2.32                  4.38        0.0084            9.42
   34       5           51.1981         319.7832             0.0031                  2.06                 2.32                  4.38        0.0084            9.24
   35       5           51.0850         319.6461             0.0031                  2.06                 2.76                  4.82        0.0084            9.22
   36       5           51.0850         319.6461             0.0031                  2.06                 2.76                  4.82        0.0084            9.22
   37       5           51.2212         180.1207             0.0056                  1.50                 2.12                  3.62        0.0047            9.25
   38       5           51.2212         180.1207             0.0056                  1.50                 2.12                  3.62        0.0047            9.23
   39       5           51.0824         179.8015             0.0056                  2.68                 2.85                  5.52        0.0047            9.41
   40       5           51.0824         179.8015             0.0056                  2.68                 2.85                  5.52        0.0047            9.23
   41       5           51.0292         179.6626             0.0056                  2.68                 3.32                  6.00        0.0047            9.20
   42       6           51.0858         319.7136             0.0031                  2.06                 2.92                  4.98        0.0084            9.22
   43       6           51.2269         180.1287             0.0056                  1.50                 2.29                  3.80        0.0047            9.23
   44       6           51.0336         179.7004             0.0056                  2.68                 3.02                  5.69        0.0047            9.40
   45       6           51.0336         179.7004             0.0056                  2.68                 3.02                  5.69        0.0047            9.21
   46       6           50.9210         179.4428             0.0056                  2.68                 3.46                  6.14        0.0047            9.20
   47       6           50.9210         179.4428             0.0056                  2.68                 3.46                  6.14        0.0047            9.20
   48       7           50.9869         179.5711             0.0056                  2.68                 3.64                  6.32        0.0047            9.21

Summary Statistics:
------------------------------------------------------------------------------------------------------------------------
        Comp     Groups  Wall Time/Evt (s)  CPU Time/Evt (s)  Throughput (evt/s)  Write Remote (MB/evt)  Read Remote (MB/evt)  Net Transfer (MB/evt)  CPU Cores/Evt  Memory/Evt (MB)
count  48.00  48.000000          48.000000         48.000000           48.000000              48.000000             48.000000              48.000000      48.000000        48.000000
mean   24.50   4.333333          51.204976        258.051437            0.004269               1.782451              2.026155               3.808606       0.006788         9.298075
std    14.00   1.117241           0.137568         79.757762            0.001305               0.668887              0.836871               1.477899       0.002092         0.104215
min     1.00   2.000000          50.921046        179.442760            0.002813               0.888672              0.611831               1.500503       0.004730         9.199600
25%    12.75   4.000000          51.085614        179.952219            0.003062               1.350435              1.395575               2.747459       0.004740         9.219300
50%    24.50   4.000000          51.213001        250.112948            0.004333               1.782451              2.119994               3.917833       0.006579         9.242200
75%    36.25   5.000000          51.306771        326.999355            0.005557               2.214468              2.757230               5.075510       0.008606         9.406700
max    48.00   7.000000          51.464115        355.531729            0.005573               2.676230              3.642828               6.319058       0.009323         9.483200
