Workflow Construction Summary Table
========================================================================================================================

 Comp  Groups Wall Time/Evt (s) CPU Time/Evt (s) Throughput (evt/s) Write Remote (MB/evt) Read Remote (MB/evt) Net Transfer (MB/evt) CPU Cores/Evt Memory/Evt (MB)
    1       1            7.0444         450.8447             0.0022                  0.45                 0.00                  0.45        0.0307           30.72
    2       2            7.0150         445.9407             0.0022                  0.45                 0.06                  0.51        0.0305           30.50
    3       2            6.9855         422.8463             0.0024                  0.45                 0.38                  0.83        0.0290           29.21
    4       2            6.9697         205.6131             0.0049                  1.23                 0.78                  2.01        0.0141           14.35
    5       2            6.9706         169.3079             0.0059                  2.54                 2.09                  4.63        0.0116           14.35
    6       3            6.9840         422.8401             0.0024                  0.45                 0.44                  0.89        0.0290           29.21
    7       3            6.9563         201.7382             0.0050                  1.23                 0.84                  2.08        0.0138           14.13
    8       3            6.9622         165.7517             0.0060                  2.54                 2.15                  4.69        0.0114           14.19
    9       3            6.9441         179.7498             0.0056                  1.23                 1.16                  2.39        0.0124           12.84
   10       3            6.9560         144.1472             0.0069                  2.54                 2.47                  5.00        0.0100           12.90
   11       3            6.9517         142.4403             0.0070                  3.32                 2.87                  6.19        0.0098           10.66
   12       4            6.9426         179.7435             0.0056                  1.23                 1.22                  2.45        0.0124           12.84
   13       4            6.9544         144.1410             0.0069                  2.54                 2.53                  5.07        0.0100           12.91
   14       4            6.9433         138.8842             0.0072                  3.32                 2.93                  6.25        0.0096           10.50
   15       4            6.9371         117.2797             0.0085                  3.32                 3.25                  6.57        0.0082            9.21
   16       5            6.9356         117.2735             0.0085                  3.32                 3.31                  6.63        0.0082            9.21

Summary Statistics:
------------------------------------------------------------------------------------------------------------------------
            Comp     Groups  Wall Time/Evt (s)  CPU Time/Evt (s)  Throughput (evt/s)  Write Remote (MB/evt)  Read Remote (MB/evt)  Net Transfer (MB/evt)  CPU Cores/Evt  Memory/Evt (MB)
count  16.000000  16.000000          16.000000         16.000000           16.000000              16.000000             16.000000              16.000000      16.000000        16.000000
mean    8.500000   3.000000           6.965783        228.033873            0.005452               1.884766              1.655273               3.540039       0.015677        16.732500
std     4.760952   1.032796           0.029603        126.516932            0.002157               1.152134              1.168838               2.312666       0.008614         8.039868
min     1.000000   1.000000           6.935551        117.273453            0.002218               0.449219              0.000000               0.449219       0.008160         9.208000
25%     4.750000   2.000000           6.943929        143.715819            0.004239               1.035156              0.695801               1.730957       0.009950        12.294000
50%     8.500000   3.000000           6.956160        174.525697            0.005735               1.884766              1.655273               3.540039       0.012016        13.517000
75%    12.250000   4.000000           6.973924        259.919877            0.006958               2.734375              2.614746               5.349121       0.017826        18.066000
max    16.000000   5.000000           7.044449        450.844750            0.008527               3.320312              3.310547               6.630859       0.030720        30.720000
