Workflow Construction Summary Table
========================================================================================================================

 Comp  Groups Wall Time/Evt (s) CPU Time/Evt (s) Throughput (evt/s) Write Remote (MB/evt) Read Remote (MB/evt) Net Transfer (MB/evt) CPU Cores/Evt Memory/Evt (MB)
    1       1            9.2122          73.6977             0.0136                  0.45                 0.00                  0.45        0.0615           61.54
    2       2            8.7405          69.7079             0.0143                  0.45                 0.06                  0.51        0.0613           61.29
    3       2            8.0020          48.2561             0.0207                  1.23                 0.78                  2.01        0.0477           40.30
    4       2            8.2660          64.2963             0.0156                  0.45                 0.38                  0.83        0.0597           59.75
    5       2            8.0021          54.3149             0.0184                  2.54                 2.09                  4.63        0.0526           56.03
    6       3            8.2399          63.4366             0.0158                  0.45                 0.44                  0.89        0.0590           59.75
    7       3            7.7885          47.4024             0.0211                  1.23                 0.84                  2.08        0.0477           40.05
    8       3            7.6895          47.0064             0.0213                  3.32                 2.87                  6.19        0.0477           39.05
    9       3            7.8663          53.7719             0.0186                  2.54                 2.15                  4.69        0.0526           55.83
   10       3            7.7659          53.3703             0.0187                  2.54                 2.47                  5.00        0.0526           54.27
   11       3            7.5919          46.6157             0.0215                  1.23                 1.16                  2.39        0.0477           38.52
   12       4            7.7399          52.5106             0.0190                  2.54                 2.53                  5.07        0.0518           54.27
   13       4            7.5658          45.7560             0.0219                  1.23                 1.22                  2.45        0.0469           38.52
   14       4            7.5538          46.4634             0.0215                  3.32                 2.93                  6.25        0.0477           38.85
   15       4            7.4534          46.0618             0.0217                  3.32                 3.25                  6.57        0.0477           37.28
   16       5            7.4273          45.2022             0.0221                  3.32                 3.31                  6.63        0.0469           37.28

Summary Statistics:
------------------------------------------------------------------------------------------------------------------------
            Comp     Groups  Wall Time/Evt (s)  CPU Time/Evt (s)  Throughput (evt/s)  Write Remote (MB/evt)  Read Remote (MB/evt)  Net Transfer (MB/evt)  CPU Cores/Evt  Memory/Evt (MB)
count  16.000000  16.000000          16.000000         16.000000           16.000000              16.000000             16.000000              16.000000      16.000000        16.000000
mean    8.500000   3.000000           7.931565         53.616881            0.019111               1.884766              1.655273               3.540039       0.051948        48.285700
std     4.760952   1.032796           0.485356          9.220848            0.002876               1.152134              1.168838               2.312666       0.005481        10.115821
min     1.000000   1.000000           7.427349         45.202151            0.013569               0.449219              0.000000               0.449219       0.046908        37.284000
25%     4.750000   2.000000           7.585347         46.577586            0.017749               1.035156              0.695801               1.730957       0.047685        38.763850
50%     8.500000   3.000000           7.777224         50.383385            0.019883               1.884766              1.655273               3.540039       0.049764        47.282600
75%    12.250000   4.000000           8.061533         56.595330            0.021470               2.734375              2.614746               5.349121       0.054205        56.960950
max    16.000000   5.000000           9.212212         73.697698            0.022123               3.320312              3.310547               6.630859       0.061539        61.539200
