Workflow Construction Summary Table
========================================================================================================================

 Comp  Groups Wall Time/Evt (s) CPU Time/Evt (s) Throughput (evt/s) Write Remote (MB/evt) Read Remote (MB/evt) Net Transfer (MB/evt) CPU Cores/Evt Memory/Evt (MB)
    1       1            9.6824         604.4996             0.0017                  0.45                 0.00                  0.45        0.5177          517.67
    2       2            9.1852         570.1820             0.0018                  0.45                 0.07                  0.51        0.5139          514.14
    3       2            8.3932         262.1188             0.0038                  1.23                 0.80                  2.03        0.2366          241.05
    4       2            8.6829         514.1736             0.0019                  0.45                 0.39                  0.84        0.4894          492.24
    5       2            8.3700         203.3542             0.0049                  2.54                 2.14                  4.68        0.1956          241.56
    6       3            8.6556         514.1111             0.0019                  0.45                 0.45                  0.90        0.4895          492.21
    7       3            8.1679         244.7852             0.0041                  1.23                 0.87                  2.10        0.2329          237.59
    8       3            8.0251         171.5518             0.0058                  3.32                 2.95                  6.27        0.1643          179.08
    9       3            8.2258         191.0986             0.0052                  2.54                 2.21                  4.75        0.1922          238.39
   10       3            8.1173         159.7125             0.0063                  2.54                 2.53                  5.07        0.1677          216.44
   11       3            7.9571         207.0397             0.0048                  1.23                 1.19                  2.42        0.2085          215.76
   12       4            8.0892         159.5961             0.0063                  2.54                 2.59                  5.13        0.1677          216.30
   13       4            7.9297         206.9515             0.0048                  1.23                 1.25                  2.48        0.2086          215.70
   14       4            7.8810         159.3186             0.0063                  3.32                 3.01                  6.33        0.1610          175.99
   15       4            7.7723         127.9136             0.0078                  3.32                 3.33                  6.65        0.1364          153.99
   16       5            7.7443         127.8098             0.0078                  3.32                 3.40                  6.72        0.1365          153.89

Summary Statistics:
------------------------------------------------------------------------------------------------------------------------
            Comp     Groups  Wall Time/Evt (s)  CPU Time/Evt (s)  Throughput (evt/s)  Write Remote (MB/evt)  Read Remote (MB/evt)  Net Transfer (MB/evt)  CPU Cores/Evt  Memory/Evt (MB)
count  16.000000  16.000000          16.000000         16.000000           16.000000              16.000000             16.000000              16.000000      16.000000        16.000000
mean    8.500000   3.000000           8.304925        276.513542            0.004705               1.884766              1.697894               3.582659       0.263655       281.374975
std     4.760952   1.032796           0.527566        168.629154            0.002046               1.152134              1.199019               2.342752       0.145559       135.897903
min     1.000000   1.000000           7.744335        127.809847            0.001654               0.449219              0.000000               0.449219       0.136445       153.886000
25%     4.750000   2.000000           7.950207        159.683372            0.003348               1.035156              0.713796               1.748952       0.166830       206.543900
50%     8.500000   3.000000           8.142564        205.152841            0.004875               1.884766              1.697669               3.582434       0.202055       227.019000
75%    12.250000   4.000000           8.458780        325.116886            0.006262               2.734375              2.682153               5.416528       0.299801       304.223500
max    16.000000   5.000000           9.682444        604.499615            0.007824               3.320312              3.395903               6.716215       0.517670       517.670400
