Workflow Construction Summary Table
========================================================================================================================

 Comp  Groups Wall Time/Evt (s) CPU Time/Evt (s) Throughput (evt/s) Write Remote (MB/evt) Read Remote (MB/evt) Net Transfer (MB/evt) CPU Cores/Evt Memory/Evt (MB)
    1       2           53.5661         369.0825             0.0027                  0.89                 0.62                  1.51        0.0565           57.41
    2       2           53.5661         369.0825             0.0027                  0.89                 0.62                  1.51        0.0565           56.00
    3       3           53.5507         369.0274             0.0027                  0.89                 0.79                  1.67        0.0565           57.42
    4       3           53.5507         369.0274             0.0027                  0.89                 0.79                  1.67        0.0565           56.00
    5       3           53.1286         364.6632             0.0027                  0.89                 0.78                  1.67        0.0561           56.97
    6       3           53.1286         364.6632             0.0027                  0.89                 0.78                  1.67        0.0561           55.87
    7       3           53.1588         186.3247             0.0054                  1.50                 1.34                  2.85        0.0286           57.17
    8       3           53.1588         186.3247             0.0054                  1.50                 1.34                  2.85        0.0286           55.73
    9       3           52.6884         356.9696             0.0028                  0.89                 1.23                  2.12        0.0555           55.95
   10       3           52.4090         326.0115             0.0031                  2.06                 1.99                  4.05        0.0510           57.33
   11       3           52.4090         326.0115             0.0031                  2.06                 1.99                  4.05        0.0510           55.89
   12       4           53.1136         364.6178             0.0027                  0.89                 0.95                  1.84        0.0561           56.97
   13       4           53.1136         364.6178             0.0027                  0.89                 0.95                  1.84        0.0561           55.87
   14       4           53.1383         186.2623             0.0054                  1.50                 1.51                  3.02        0.0286           57.17
   15       4           53.1383         186.2623             0.0054                  1.50                 1.51                  3.02        0.0286           55.72
   16       4           52.6361         356.8494             0.0028                  0.89                 1.39                  2.28        0.0555           55.95
   17       4           52.6361         356.8494             0.0028                  0.89                 1.39                  2.28        0.0555           55.92
   18       4           52.7223         184.8228             0.0054                  1.50                 1.51                  3.01        0.0287           56.99
   19       4           52.7223         184.8228             0.0054                  1.50                 1.51                  3.01        0.0287           55.88
   20       4           52.4039         325.9682             0.0031                  2.06                 2.16                  4.22        0.0510           57.34
   21       4           51.8880         182.1599             0.0055                  2.68                 2.70                  5.37        0.0285           56.96
   22       4           52.4039         325.9682             0.0031                  2.06                 2.16                  4.22        0.0510           55.90
   23       4           51.8880         182.1599             0.0055                  2.68                 2.70                  5.37        0.0285           55.53
   24       4           52.3112         325.6545             0.0031                  2.06                 2.16                  4.22        0.0510           56.98
   25       4           52.3112         325.6545             0.0031                  2.06                 2.16                  4.22        0.0510           55.90
   26       4           52.2259         325.2669             0.0031                  2.06                 2.62                  4.68        0.0509           55.84
   27       4           52.3314         183.4272             0.0055                  1.50                 1.97                  3.47        0.0286           55.72
   28       5           52.6595         356.8189             0.0028                  0.89                 1.58                  2.46        0.0555           55.94
   29       5           52.7187         184.7941             0.0054                  1.50                 1.68                  3.19        0.0287           57.00
   30       5           52.7187         184.7941             0.0054                  1.50                 1.68                  3.19        0.0287           55.88
   31       5           51.8847         182.1320             0.0055                  2.68                 2.87                  5.54        0.0285           56.98
   32       5           51.8847         182.1320             0.0055                  2.68                 2.87                  5.54        0.0285           55.54
   33       5           52.3011         325.6130             0.0031                  2.06                 2.33                  4.39        0.0510           56.99
   34       5           52.3011         325.6130             0.0031                  2.06                 2.33                  4.39        0.0510           55.91
   35       5           52.1590         325.1351             0.0031                  2.06                 2.78                  4.84        0.0509           55.79
   36       5           52.1590         325.1351             0.0031                  2.06                 2.78                  4.84        0.0509           55.81
   37       5           52.2525         183.2510             0.0055                  1.50                 2.12                  3.63        0.0286           55.68
   38       5           52.2525         183.2510             0.0055                  1.50                 2.12                  3.63        0.0286           55.69
   39       5           51.8047         181.8672             0.0055                  2.68                 2.87                  5.54        0.0285           56.63
   40       5           51.8047         181.8672             0.0055                  2.68                 2.87                  5.54        0.0285           55.53
   41       5           51.7224         181.6082             0.0055                  2.68                 3.31                  5.99        0.0285           55.53
   42       6           52.1647         325.1516             0.0031                  2.06                 2.95                  5.01        0.0509           55.84
   43       6           52.2560         183.2337             0.0055                  1.50                 2.31                  3.81        0.0286           55.73
   44       6           51.8192         181.8749             0.0055                  2.68                 3.04                  5.72        0.0286           56.67
   45       6           51.8192         181.8749             0.0055                  2.68                 3.04                  5.72        0.0286           55.58
   46       6           51.6831         181.5081             0.0055                  2.68                 3.48                  6.15        0.0285           55.48
   47       6           51.6831         181.5081             0.0055                  2.68                 3.48                  6.15        0.0285           55.54
   48       7           51.7073         181.5352             0.0055                  2.68                 3.66                  6.34        0.0285           55.55

Summary Statistics:
------------------------------------------------------------------------------------------------------------------------
        Comp     Groups  Wall Time/Evt (s)  CPU Time/Evt (s)  Throughput (evt/s)  Write Remote (MB/evt)  Read Remote (MB/evt)  Net Transfer (MB/evt)  CPU Cores/Evt  Memory/Evt (MB)
count  48.00  48.000000          48.000000         48.000000           48.000000              48.000000             48.000000              48.000000      48.000000        48.000000
mean   24.50   4.333333          52.480306        263.942715            0.004183               1.782451              2.036829               3.819280       0.041038        56.201642
std    14.00   1.117241           0.560493         82.638515            0.001291               0.668887              0.841866               1.482831       0.012710         0.642125
min     1.00   2.000000          51.683077        181.508113            0.002709               0.888672              0.617807               1.506479       0.028509        55.475800
25%    12.75   4.000000          52.091268        182.965253            0.003001               1.350435              1.392669               2.750405       0.028591        55.730200
50%    24.50   4.000000          52.367636        255.729903            0.004221               1.782451              2.123446               3.929891       0.039800        55.899400
75%    36.25   5.000000          52.820141        333.713330            0.005466               2.214468              2.779529               5.101055       0.052094        56.966400
max    48.00   7.000000          53.566072        369.082467            0.005509               2.676230              3.662070               6.338300       0.056474        57.420800
