Workflow Construction Summary Table
========================================================================================================================

 Comp  Groups Wall Time/Evt (s) CPU Time/Evt (s) Throughput (evt/s) Write Remote (MB/evt) Read Remote (MB/evt) Net Transfer (MB/evt) CPU Cores/Evt Memory/Evt (MB)
    1       2           39.0360        2419.9364             0.0004                  0.89                 0.54                  1.43        0.0832           83.47
    2       2           39.0360        2419.9364             0.0004                  0.89                 0.54                  1.43        0.0832           83.47
    3       3           39.0335        2419.0238             0.0004                  0.89                 0.68                  1.57        0.0832           83.39
    4       3           39.0335        2419.0238             0.0004                  0.89                 0.68                  1.57        0.0832           83.39
    5       3           38.9566        2395.9005             0.0004                  0.89                 0.68                  1.57        0.0826           82.85
    6       3           38.9566        2395.9005             0.0004                  0.89                 0.68                  1.57        0.0826           82.85
    7       3           38.9591        2412.7325             0.0004                  1.50                 1.15                  2.66        0.0831           83.36
    8       3           38.9591        2412.7325             0.0004                  1.50                 1.15                  2.66        0.0831           83.36
    9       3           38.8781        2331.4619             0.0004                  0.89                 1.07                  1.96        0.0805           81.01
   10       3           38.8201         716.7983             0.0014                  2.06                 1.71                  3.77        0.0248           33.39
   11       3           38.8201         716.7983             0.0014                  2.06                 1.71                  3.77        0.0248           33.39
   12       4           38.9540        2394.9879             0.0004                  0.89                 0.83                  1.72        0.0825           82.77
   13       4           38.9540        2394.9879             0.0004                  0.89                 0.83                  1.72        0.0825           82.77
   14       4           38.9565        2411.8199             0.0004                  1.50                 1.30                  2.80        0.0831           83.28
   15       4           38.9565        2411.8199             0.0004                  1.50                 1.30                  2.80        0.0831           83.28
   16       4           38.8755        2330.5493             0.0004                  0.89                 1.22                  2.11        0.0804           80.92
   17       4           38.8755        2330.5493             0.0004                  0.89                 1.22                  2.11        0.0804           80.92
   18       4           38.8803        2388.7419             0.0004                  1.50                 1.30                  2.80        0.0825           82.74
   19       4           38.8803        2388.7419             0.0004                  1.50                 1.30                  2.80        0.0825           82.74
   20       4           38.8176         715.8856             0.0014                  2.06                 1.86                  3.92        0.0247           33.30
   21       4           38.7587         596.0494             0.0017                  2.68                 2.32                  5.00        0.0206           33.36
   22       4           38.8176         715.8856             0.0014                  2.06                 1.86                  3.92        0.0247           33.30
   23       4           38.7587         596.0494             0.0017                  2.68                 2.32                  5.00        0.0206           33.36
   24       4           38.8044         696.8435             0.0014                  2.06                 1.86                  3.92        0.0241           32.74
   25       4           38.8044         696.8435             0.0014                  2.06                 1.86                  3.92        0.0241           32.74
   26       4           38.7929         636.6903             0.0016                  2.06                 2.25                  4.31        0.0221           30.95
   27       4           38.8041        2324.4485             0.0004                  1.50                 1.69                  3.19        0.0804           80.91
   28       5           38.8730        2329.6366             0.0004                  0.89                 1.37                  2.26        0.0804           80.84
   29       5           38.8778        2387.8293             0.0004                  1.50                 1.45                  2.95        0.0824           82.66
   30       5           38.8778        2387.8293             0.0004                  1.50                 1.45                  2.95        0.0824           82.66
   31       5           38.7561         595.1368             0.0017                  2.68                 2.47                  5.15        0.0206           33.27
   32       5           38.7561         595.1368             0.0017                  2.68                 2.47                  5.15        0.0206           33.27
   33       5           38.8019         695.9309             0.0014                  2.06                 2.00                  4.06        0.0241           32.66
   34       5           38.8019         695.9309             0.0014                  2.06                 2.00                  4.06        0.0241           32.66
   35       5           38.7904         635.7777             0.0016                  2.06                 2.39                  4.45        0.0220           30.86
   36       5           38.7904         635.7777             0.0016                  2.06                 2.39                  4.45        0.0220           30.86
   37       5           38.8016        2323.5358             0.0004                  1.50                 1.84                  3.34        0.0803           80.83
   38       5           38.8016        2323.5358             0.0004                  1.50                 1.84                  3.34        0.0803           80.83
   39       5           38.7430         576.0947             0.0017                  2.68                 2.47                  5.15        0.0199           32.71
   40       5           38.7430         576.0947             0.0017                  2.68                 2.47                  5.15        0.0199           32.71
   41       5           38.7315         515.9415             0.0019                  2.68                 2.86                  5.54        0.0179           30.91
   42       6           38.7878         634.8650             0.0016                  2.06                 2.54                  4.60        0.0220           30.78
   43       6           38.7990        2322.6232             0.0004                  1.50                 1.98                  3.49        0.0803           80.74
   44       6           38.7404         575.1820             0.0017                  2.68                 2.62                  5.29        0.0199           32.63
   45       6           38.7404         575.1820             0.0017                  2.68                 2.62                  5.29        0.0199           32.63
   46       6           38.7289         515.0289             0.0019                  2.68                 3.01                  5.68        0.0178           30.83
   47       6           38.7289         515.0289             0.0019                  2.68                 3.01                  5.68        0.0178           30.83
   48       7           38.7264         514.1162             0.0019                  2.68                 3.15                  5.83        0.0178           30.75

Summary Statistics:
------------------------------------------------------------------------------------------------------------------------
        Comp     Groups  Wall Time/Evt (s)  CPU Time/Evt (s)  Throughput (evt/s)  Write Remote (MB/evt)  Read Remote (MB/evt)  Net Transfer (MB/evt)  CPU Cores/Evt  Memory/Evt (MB)
count  48.00  48.000000          48.000000         48.000000           48.000000              48.000000             48.000000              48.000000      48.000000        48.000000
mean   24.50   4.333333          38.845365       1500.361519            0.001024               1.782451              1.756410               3.538861       0.051771        57.311567
std    14.00   1.117241           0.093225        888.984423            0.000624               0.668887              0.723768               1.366042       0.030617        25.311739
min     1.00   2.000000          38.726375        514.116207            0.000413               0.888672              0.537109               1.425781       0.017816        30.749000
25%    12.75   4.000000          38.780540        625.161138            0.000418               1.350435              1.220703               2.556826       0.021639        32.698050
50%    24.50   4.000000          38.811004       1519.710716            0.000913               1.782451              1.836387               3.628379       0.052537        57.064500
75%    36.25   5.000000          38.898741       2390.303402            0.001601               2.214468              2.392578               4.699932       0.082486        82.750050
max    48.00   7.000000          39.036010       2419.936413            0.001945               2.676230              3.154746               5.830977       0.083202        83.472800
