Workflow Construction Summary Table
========================================================================================================================

 Comp  Groups Wall Time/Evt (s) CPU Time/Evt (s) Throughput (evt/s) Write Remote (MB/evt) Read Remote (MB/evt) Net Transfer (MB/evt) CPU Cores/Evt Memory/Evt (MB)
    1       2           50.9990        2782.3711             0.0004                  0.89                 0.62                  1.51        0.0365           36.60
    2       2           50.9990        2782.3711             0.0004                  0.89                 0.62                  1.51        0.0365           36.60
    3       3           50.9753        2780.7754             0.0004                  0.89                 0.79                  1.68        0.0364           36.55
    4       3           50.9753        2780.7754             0.0004                  0.89                 0.79                  1.68        0.0364           36.55
    5       3           50.9634        2759.8563             0.0004                  0.89                 0.78                  1.67        0.0362           36.35
    6       3           50.9634        2759.8563             0.0004                  0.89                 0.78                  1.67        0.0362           36.35
    7       3           50.9951        2778.8600             0.0004                  1.50                 1.33                  2.84        0.0365           36.57
    8       3           50.9951        2778.8600             0.0004                  1.50                 1.33                  2.84        0.0365           36.57
    9       3           50.9168        2688.8790             0.0004                  0.89                 1.23                  2.12        0.0353           35.54
   10       3           50.9184         827.5268             0.0012                  2.06                 1.98                  4.05        0.0109           14.67
   11       3           50.9184         827.5268             0.0012                  2.06                 1.98                  4.05        0.0109           14.67
   12       4           51.0585        2758.4832             0.0004                  0.89                 0.98                  1.87        0.0362           36.32
   13       4           51.0585        2758.4832             0.0004                  0.89                 0.98                  1.87        0.0362           36.32
   14       4           50.9487        2776.2225             0.0004                  1.50                 1.50                  3.01        0.0364           36.50
   15       4           50.9487        2776.2225             0.0004                  1.50                 1.50                  3.01        0.0364           36.50
   16       4           50.9394        2688.4339             0.0004                  0.89                 1.40                  2.29        0.0353           35.52
   17       4           50.9394        2688.4339             0.0004                  0.89                 1.40                  2.29        0.0353           35.52
   18       4           51.0884        2758.3171             0.0004                  1.50                 1.49                  3.00        0.0362           36.37
   19       4           51.0884        2758.3171             0.0004                  1.50                 1.49                  3.00        0.0362           36.37
   20       4           50.9271         826.9281             0.0012                  2.06                 2.14                  4.20        0.0109           14.65
   21       4           50.7900         683.8912             0.0015                  2.68                 2.68                  5.36        0.0090           14.57
   22       4           50.9271         826.9281             0.0012                  2.06                 2.14                  4.20        0.0109           14.65
   23       4           50.7900         683.8912             0.0015                  2.68                 2.68                  5.36        0.0090           14.57
   24       4           50.9559         808.3890             0.0012                  2.06                 2.16                  4.22        0.0107           14.45
   25       4           50.9559         808.3890             0.0012                  2.06                 2.16                  4.22        0.0107           14.45
   26       4           50.9303         739.1877             0.0014                  2.06                 2.62                  4.68        0.0098           13.68
   27       4           50.9248        2682.8316             0.0004                  1.50                 1.96                  3.47        0.0352           35.47
   28       5           50.9411        2687.2850             0.0004                  0.89                 1.57                  2.46        0.0353           35.48
   29       5           51.0763        2756.5818             0.0004                  1.50                 1.67                  3.17        0.0362           36.32
   30       5           51.0763        2756.5818             0.0004                  1.50                 1.67                  3.17        0.0362           36.32
   31       5           50.6850         682.9259             0.0015                  2.68                 2.81                  5.49        0.0090           14.54
   32       5           50.6850         682.9259             0.0015                  2.68                 2.81                  5.49        0.0090           14.54
   33       5           50.9327         809.4269             0.0012                  2.06                 2.30                  4.36        0.0107           14.45
   34       5           50.9327         809.4269             0.0012                  2.06                 2.30                  4.36        0.0107           14.45
   35       5           50.8802         737.1060             0.0014                  2.06                 2.79                  4.85        0.0097           13.60
   36       5           50.8802         737.1060             0.0014                  2.06                 2.79                  4.85        0.0097           13.60
   37       5           50.9157        2681.2499             0.0004                  1.50                 2.13                  3.64        0.0352           35.41
   38       5           50.9157        2681.2499             0.0004                  1.50                 2.13                  3.64        0.0352           35.41
   39       5           50.7098         667.6708             0.0015                  2.68                 2.84                  5.51        0.0088           14.39
   40       5           50.7098         667.6708             0.0015                  2.68                 2.84                  5.51        0.0088           14.39
   41       5           50.7775         599.2292             0.0017                  2.68                 3.31                  5.99        0.0079           13.64
   42       6           50.9240         736.5320             0.0014                  2.06                 2.97                  5.03        0.0097           13.58
   43       6           50.9141        2680.6993             0.0004                  1.50                 2.30                  3.80        0.0352           35.39
   44       6           50.7778         665.7197             0.0015                  2.68                 3.03                  5.70        0.0088           14.34
   45       6           50.7778         665.7197             0.0015                  2.68                 3.03                  5.70        0.0088           14.34
   46       6           50.7613         598.0208             0.0017                  2.68                 3.50                  6.18        0.0079           13.55
   47       6           50.7613         598.0208             0.0017                  2.68                 3.50                  6.18        0.0079           13.55
   48       7           50.7493         597.0669             0.0017                  2.68                 3.66                  6.34        0.0079           13.53

Summary Statistics:
------------------------------------------------------------------------------------------------------------------------
        Comp     Groups  Wall Time/Evt (s)  CPU Time/Evt (s)  Throughput (evt/s)  Write Remote (MB/evt)  Read Remote (MB/evt)  Net Transfer (MB/evt)  CPU Cores/Evt  Memory/Evt (MB)
count  48.00  48.000000          48.000000         48.000000           48.000000              48.000000             48.000000              48.000000      48.000000        48.000000
mean   24.50   4.333333          50.909880       1730.608820            0.000885               1.782451              2.031172               3.813624       0.022735        25.162583
std    14.00   1.117241           0.108646       1023.025236            0.000538               0.668887              0.839393               1.478645       0.013403        11.084469
min     1.00   2.000000          50.684961        597.066949            0.000359               0.888672              0.620564               1.509236       0.007889        13.529800
25%    12.75   4.000000          50.857693        723.371775            0.000363               1.350435              1.398742               2.741320       0.009544        14.433950
50%    24.50   4.000000          50.928720       1754.113040            0.000791               1.782451              2.134388               3.925126       0.023044        25.033400
75%    36.25   5.000000          50.966414       2758.358579            0.001384               2.214468              2.792456               5.109899       0.036220        36.328800
max    48.00   7.000000          51.088385       2782.371075            0.001675               2.676230              3.662977               6.339208       0.036473        36.596400
