Workflow Construction Summary Table
========================================================================================================================

 Comp  Groups Wall Time/Evt (s) CPU Time/Evt (s) Throughput (evt/s) Write Remote (MB/evt) Read Remote (MB/evt) Net Transfer (MB/evt) CPU Cores/Evt Memory/Evt (MB)
    1       1            9.3023          74.0404             0.0135                  0.45                 0.00                  0.45        0.0622           62.17
    2       2            8.8252          70.2428             0.0142                  0.45                 0.06                  0.51        0.0621           62.15
    3       2            8.3427          66.4020             0.0151                  0.45                 0.38                  0.83        0.0622           62.16
    4       2            8.0380          63.9773             0.0156                  2.54                 2.10                  4.64        0.0621           62.13
    5       2            8.0641          64.1847             0.0156                  1.23                 0.79                  2.02        0.0621           62.12
    6       3            8.3158          66.1879             0.0151                  0.45                 0.44                  0.89        0.0622           62.16
    7       3            7.9003          62.8809             0.0159                  2.54                 2.16                  4.70        0.0622           62.15
    8       3            7.8479          62.4639             0.0160                  1.23                 0.85                  2.08        0.0621           62.10
    9       3            7.7956          62.0478             0.0161                  2.54                 2.48                  5.02        0.0621           62.14
   10       3            7.6460          60.8568             0.0164                  1.23                 1.16                  2.39        0.0621           62.11
   11       3            7.7067          61.3399             0.0163                  3.32                 2.89                  6.21        0.0621           62.09
   12       4            7.7687          61.8339             0.0162                  2.54                 2.54                  5.08        0.0621           62.15
   13       4            7.6191          60.6428             0.0165                  1.23                 1.23                  2.46        0.0621           62.12
   14       4            7.5690          60.2436             0.0166                  3.32                 2.95                  6.27        0.0621           62.12
   15       4            7.4643          59.4109             0.0168                  3.32                 3.26                  6.58        0.0621           62.11
   16       5            7.4375          59.1969             0.0169                  3.32                 3.33                  6.65        0.0621           62.11

Summary Statistics:
------------------------------------------------------------------------------------------------------------------------
            Comp     Groups  Wall Time/Evt (s)  CPU Time/Evt (s)  Throughput (evt/s)  Write Remote (MB/evt)  Read Remote (MB/evt)  Net Transfer (MB/evt)  CPU Cores/Evt  Memory/Evt (MB)
count  16.000000  16.000000          16.000000         16.000000           16.000000              16.000000             16.000000              16.000000      16.000000        16.000000
mean    8.500000   3.000000           7.977704         63.497031            0.015804               1.884766              1.663671               3.548436       0.062131        62.131400
std     4.760952   1.032796           0.507662          4.040683            0.000936               1.152134              1.174941               2.318747       0.000024         0.024045
min     1.000000   1.000000           7.437451         59.196855            0.013506               0.449219              0.000000               0.449219       0.062094        62.094400
25%     4.750000   2.000000           7.639274         60.803337            0.015462               1.035156              0.699214               1.734370       0.062113        62.113200
50%     8.500000   3.000000           7.821753         62.255844            0.016063               1.884766              1.663579               3.548344       0.062125        62.124800
75%    12.250000   4.000000           8.127010         64.685522            0.016447               2.734375              2.628328               5.362703       0.062149        62.148800
max    16.000000   5.000000           9.302328         74.040373            0.016893               3.320312              3.327564               6.647877       0.062171        62.171200
