Workflow Construction Summary Table
========================================================================================================================

 Comp  Groups Wall Time/Evt (s) CPU Time/Evt (s) Throughput (evt/s) Write Remote (MB/evt) Read Remote (MB/evt) Net Transfer (MB/evt) CPU Cores/Evt Memory/Evt (MB)
    1       1            7.3390          57.4233             0.0174                  0.45                 0.00                  0.45        0.0020            2.01
    2       2            7.3300          57.1241             0.0175                  0.45                 0.06                  0.51        0.0020            2.00
    3       2            7.3472          55.6633             0.0180                  0.45                 0.38                  0.83        0.0019            1.95
    4       2            7.7327          51.2087             0.0195                  2.54                 2.15                  4.68        0.0017            1.83
    5       2            7.4626          45.0926             0.0222                  1.23                 0.80                  2.03        0.0016            1.32
    6       3            7.3529          54.8769             0.0182                  0.45                 0.45                  0.90        0.0019            1.95
    7       3            7.7327          51.2129             0.0195                  2.54                 2.21                  4.75        0.0017            1.82
    8       3            7.4620          45.0910             0.0222                  1.23                 0.86                  2.09        0.0016            1.31
    9       3            7.7660          51.3357             0.0195                  2.54                 2.53                  5.07        0.0017            1.77
   10       3            7.4877          45.1923             0.0221                  1.23                 1.18                  2.41        0.0016            1.26
   11       3            7.8863          46.7540             0.0214                  3.32                 2.94                  6.26        0.0016            1.28
   12       4            7.7719          50.5302             0.0198                  2.54                 2.60                  5.13        0.0017            1.77
   13       4            7.4934          44.4059             0.0225                  1.23                 1.25                  2.48        0.0015            1.26
   14       4            7.8892          46.7641             0.0214                  3.32                 3.00                  6.32        0.0016            1.28
   15       4            7.9188          46.8791             0.0213                  3.32                 3.32                  6.64        0.0016            1.22
   16       5            7.9247          46.0736             0.0217                  3.32                 3.39                  6.71        0.0015            1.22

Summary Statistics:
------------------------------------------------------------------------------------------------------------------------
            Comp     Groups  Wall Time/Evt (s)  CPU Time/Evt (s)  Throughput (evt/s)  Write Remote (MB/evt)  Read Remote (MB/evt)  Net Transfer (MB/evt)  CPU Cores/Evt  Memory/Evt (MB)
count  16.000000  16.000000          16.000000         16.000000           16.000000              16.000000             16.000000              16.000000      16.000000        16.000000
mean    8.500000   3.000000           7.618562         49.726733            0.020265               1.884766              1.695179               3.579945       0.001695         1.578337
std     4.760952   1.032796           0.229104          4.577271            0.001802               1.152134              1.197459               2.341235       0.000178         0.327548
min     1.000000   1.000000           7.329965         44.405884            0.017415               0.449219              0.000000               0.449219       0.001532         1.221000
25%     4.750000   2.000000           7.434751         45.853261            0.019165               1.035156              0.711729               1.746886       0.001557         1.273400
50%     8.500000   3.000000           7.613031         48.704682            0.020561               1.884766              1.696641               3.581406       0.001625         1.543500
75%    12.250000   4.000000           7.800531         52.221001            0.021810               2.734375              2.681795               5.416170       0.001767         1.858950
max    16.000000   5.000000           7.924654         57.423266            0.022520               3.320312              3.386851               6.707164       0.002006         2.006400
