Workflow Construction Summary Table
========================================================================================================================

 Comp  Groups Wall Time/Evt (s) CPU Time/Evt (s) Throughput (evt/s) Write Remote (MB/evt) Read Remote (MB/evt) Net Transfer (MB/evt) CPU Cores/Evt Memory/Evt (MB)
    1       2           42.2890        2559.2325             0.0004                  0.89                 0.55                  1.44        0.3512          352.37
    2       2           42.2890        2559.2325             0.0004                  0.89                 0.55                  1.44        0.3512          352.37
    3       3           42.2778        2558.2545             0.0004                  0.89                 0.70                  1.59        0.3511          352.02
    4       3           42.2778        2558.2545             0.0004                  0.89                 0.70                  1.59        0.3511          352.02
    5       3           41.9479        2518.6210             0.0004                  0.89                 0.70                  1.59        0.3477          348.89
    6       3           41.9479        2518.6210             0.0004                  0.89                 0.70                  1.59        0.3477          348.89
    7       3           41.9510        2535.7274             0.0004                  1.50                 1.18                  2.69        0.3494          350.50
    8       3           41.9510        2535.7274             0.0004                  1.50                 1.18                  2.69        0.3494          350.50
    9       3           41.6217        2436.8269             0.0004                  0.89                 1.10                  1.98        0.3399          342.13
   10       3           41.3477         747.3661             0.0013                  2.06                 1.75                  3.81        0.1042          140.52
   11       3           41.3477         747.3661             0.0013                  2.06                 1.75                  3.81        0.1042          140.52
   12       4           41.9302        2517.6844             0.0004                  0.89                 0.85                  1.74        0.3476          348.55
   13       4           41.9302        2517.6844             0.0004                  0.89                 0.85                  1.74        0.3476          348.55
   14       4           41.9359        2534.7458             0.0004                  1.50                 1.33                  2.84        0.3493          350.15
   15       4           41.9359        2534.7458             0.0004                  1.50                 1.33                  2.84        0.3493          350.15
   16       4           41.5985        2435.7435             0.0004                  0.89                 1.24                  2.13        0.3397          341.74
   17       4           41.5985        2435.7435             0.0004                  0.89                 1.24                  2.13        0.3397          341.74
   18       4           41.6242        2495.7015             0.0004                  1.50                 1.33                  2.84        0.3477          348.81
   19       4           41.6242        2495.7015             0.0004                  1.50                 1.33                  2.84        0.3477          348.81
   20       4           41.3362         746.3483             0.0013                  2.06                 1.90                  3.96        0.1041          140.16
   21       4           41.0480         621.4000             0.0016                  2.68                 2.38                  5.06        0.0866          140.22
   22       4           41.3362         746.3483             0.0013                  2.06                 1.90                  3.96        0.1041          140.16
   23       4           41.0480         621.4000             0.0016                  2.68                 2.38                  5.06        0.0866          140.22
   24       4           41.2824         723.7365             0.0014                  2.06                 1.90                  3.96        0.1015          137.85
   25       4           41.2824         723.7365             0.0014                  2.06                 1.90                  3.96        0.1015          137.85
   26       4           41.2087         658.6573             0.0015                  2.06                 2.30                  4.36        0.0928          130.22
   27       4           41.3031        2413.6824             0.0004                  1.50                 1.73                  3.24        0.3380          340.23
   28       5           41.6008        2434.8339             0.0004                  0.89                 1.40                  2.28        0.3396          341.42
   29       5           41.6129        2494.8160             0.0004                  1.50                 1.48                  2.99        0.3475          348.48
   30       5           41.6129        2494.8160             0.0004                  1.50                 1.48                  2.99        0.3475          348.48
   31       5           41.0354         620.4237             0.0016                  2.68                 2.53                  5.21        0.0865          139.87
   32       5           41.0354         620.4237             0.0016                  2.68                 2.53                  5.21        0.0865          139.87
   33       5           41.2702         722.7652             0.0014                  2.06                 2.05                  4.11        0.1014          137.51
   34       5           41.2702         722.7652             0.0014                  2.06                 2.05                  4.11        0.1014          137.51
   35       5           41.1888         657.6735             0.0015                  2.06                 2.45                  4.51        0.0927          129.86
   36       5           41.1888         657.6735             0.0015                  2.06                 2.45                  4.51        0.0927          129.86
   37       5           41.2795        2412.2856             0.0004                  1.50                 1.88                  3.39        0.3377          339.76
   38       5           41.2795        2412.2856             0.0004                  1.50                 1.88                  3.39        0.3377          339.76
   39       5           40.9785         597.0994             0.0017                  2.68                 2.53                  5.21        0.0838          137.39
   40       5           40.9785         597.0994             0.0017                  2.68                 2.53                  5.21        0.0838          137.39
   41       5           40.9291         532.4790             0.0019                  2.68                 2.93                  5.61        0.0752          129.91
   42       6           41.1765         656.6067             0.0015                  2.06                 2.60                  4.66        0.0925          129.49
   43       6           41.2647        2411.1712             0.0004                  1.50                 2.03                  3.54        0.3376          339.37
   44       6           40.9679         596.5215             0.0017                  2.68                 2.68                  5.36        0.0837          137.15
   45       6           40.9679         596.5215             0.0017                  2.68                 2.68                  5.36        0.0837          137.15
   46       6           40.9178         531.4978             0.0019                  2.68                 3.08                  5.76        0.0750          129.54
   47       6           40.9178         531.4978             0.0019                  2.68                 3.08                  5.76        0.0750          129.54
   48       7           40.9008         530.5670             0.0019                  2.68                 3.23                  5.91        0.0749          129.20

Summary Statistics:
------------------------------------------------------------------------------------------------------------------------
        Comp     Groups  Wall Time/Evt (s)  CPU Time/Evt (s)  Throughput (evt/s)  Write Remote (MB/evt)  Read Remote (MB/evt)  Net Transfer (MB/evt)  CPU Cores/Evt  Memory/Evt (MB)
count  48.00  48.000000          48.000000         48.000000           48.000000              48.000000             48.000000              48.000000      48.000000        48.000000
mean   24.50   4.333333          41.450947       1569.377350            0.000985               1.782451              1.799148               3.581599       0.218067       241.346917
std    14.00   1.117241           0.417349        935.211692            0.000604               0.668887              0.741824               1.383977       0.129067       106.771512
min     1.00   2.000000          40.900841        530.566971            0.000391               0.888672              0.549900               1.438572       0.074908       129.195600
25%    12.75   4.000000          41.144361        647.805048            0.000400               1.350435              1.243478               2.585984       0.091039       137.476800
50%    24.50   4.000000          41.319650       1579.268652            0.000876               1.782451              1.884199               3.676261       0.220883       239.945600
75%    36.25   5.000000          41.700680       2501.197186            0.001545               2.214468              2.449559               4.759337       0.347605       348.614500
max    48.00   7.000000          42.288956       2559.232513            0.001885               2.676230              3.229202               5.905433       0.351235       352.372800
