Workflow Construction Summary Table
========================================================================================================================

 Comp  Groups Wall Time/Evt (s) CPU Time/Evt (s) Throughput (evt/s) Write Remote (MB/evt) Read Remote (MB/evt) Net Transfer (MB/evt) CPU Cores/Evt Memory/Evt (MB)
    1       1            6.9938          55.6730             0.0180                  0.45                 0.00                  0.45        0.0006            0.65
    2       2            7.0063          55.5031             0.0180                  0.45                 0.06                  0.51        0.0006            0.65
    3       2            6.9826          43.0745             0.0232                  1.23                 0.79                  2.02        0.0005            0.42
    4       2            7.0016          54.0274             0.0185                  0.45                 0.38                  0.83        0.0006            0.63
    5       2            7.0023          47.5753             0.0210                  2.54                 2.11                  4.65        0.0006            0.59
    6       3            7.0014          53.3079             0.0188                  0.45                 0.45                  0.90        0.0006            0.63
    7       3            6.9977          43.1006             0.0232                  1.23                 0.85                  2.08        0.0005            0.43
    8       3            7.0004          43.1112             0.0232                  3.32                 2.90                  6.22        0.0005            0.41
    9       3            7.0009          47.5698             0.0210                  2.54                 2.17                  4.71        0.0006            0.59
   10       3            7.0001          47.5667             0.0210                  2.54                 2.49                  5.02        0.0006            0.57
   11       3            6.9959          43.0934             0.0232                  1.23                 1.17                  2.40        0.0005            0.41
   12       4            6.9999          46.8471             0.0213                  2.54                 2.55                  5.09        0.0005            0.57
   13       4            6.9957          42.3739             0.0236                  1.23                 1.23                  2.47        0.0005            0.41
   14       4            6.9990          43.1059             0.0232                  3.32                 2.96                  6.28        0.0005            0.41
   15       4            6.9983          43.1028             0.0232                  3.32                 3.27                  6.59        0.0005            0.40
   16       5            6.9980          42.3832             0.0236                  3.32                 3.34                  6.66        0.0005            0.40

Summary Statistics:
------------------------------------------------------------------------------------------------------------------------
            Comp     Groups  Wall Time/Evt (s)  CPU Time/Evt (s)  Throughput (evt/s)  Write Remote (MB/evt)  Read Remote (MB/evt)  Net Transfer (MB/evt)  CPU Cores/Evt  Memory/Evt (MB)
count  16.000000  16.000000          16.000000         16.000000           16.000000              16.000000             16.000000              16.000000      16.000000        16.000000
mean    8.500000   3.000000           6.998354         46.963486            0.021504               1.884766              1.669863               3.554629       0.000548         0.510800
std     4.760952   1.032796           0.005149          4.978243            0.002129               1.152134              1.177566               2.321260       0.000058         0.105261
min     1.000000   1.000000           6.982550         42.373855            0.017962               0.449219              0.000000               0.449219       0.000494         0.397600
25%     4.750000   2.000000           6.997255         43.098781            0.020454               1.035156              0.701387               1.736543       0.000502         0.412900
50%     8.500000   3.000000           6.999451         44.979171            0.022271               1.884766              1.671442               3.556208       0.000525         0.498700
75%    12.250000   4.000000           7.000996         49.008462            0.023203               2.734375              2.636219               5.370594       0.000572         0.601550
max    16.000000   5.000000           7.006273         55.673035            0.023599               3.320312              3.337250               6.657562       0.000647         0.647200
