Workflow Construction Summary Table
========================================================================================================================

 Comp  Groups Wall Time/Evt (s) CPU Time/Evt (s) Throughput (evt/s) Write Remote (MB/evt) Read Remote (MB/evt) Net Transfer (MB/evt) CPU Cores/Evt Memory/Evt (MB)
    1       1            6.9648          55.4592             0.0180                  0.45                 0.00                  0.45        0.0009            0.86
    2       2            6.9648          55.4592             0.0180                  0.45                 0.06                  0.51        0.0009            0.87
    3       2            6.9648          55.4592             0.0180                  0.45                 0.38                  0.83        0.0009            0.88
    4       2            6.9648          55.4592             0.0180                  2.54                 2.09                  4.63        0.0009            0.87
    5       2            6.9648          55.4592             0.0180                  1.23                 0.78                  2.01        0.0009            0.87
    6       3            6.9648          55.4592             0.0180                  0.45                 0.44                  0.89        0.0009            0.89
    7       3            6.9648          55.4592             0.0180                  2.54                 2.15                  4.69        0.0009            0.88
    8       3            6.9648          55.4592             0.0180                  1.23                 0.84                  2.08        0.0009            0.88
    9       3            6.9648          55.4592             0.0180                  2.54                 2.47                  5.00        0.0009            0.89
   10       3            6.9648          55.4592             0.0180                  1.23                 1.16                  2.39        0.0009            0.88
   11       3            6.9648          55.4592             0.0180                  3.32                 2.87                  6.19        0.0009            0.88
   12       4            6.9648          55.4592             0.0180                  2.54                 2.53                  5.07        0.0009            0.90
   13       4            6.9648          55.4592             0.0180                  1.23                 1.22                  2.45        0.0009            0.89
   14       4            6.9648          55.4592             0.0180                  3.32                 2.93                  6.25        0.0009            0.89
   15       4            6.9648          55.4592             0.0180                  3.32                 3.25                  6.57        0.0009            0.90
   16       5            6.9648          55.4592             0.0180                  3.32                 3.31                  6.63        0.0009            0.90

Summary Statistics:
------------------------------------------------------------------------------------------------------------------------
            Comp     Groups  Wall Time/Evt (s)  CPU Time/Evt (s)  Throughput (evt/s)  Write Remote (MB/evt)  Read Remote (MB/evt)  Net Transfer (MB/evt)  CPU Cores/Evt  Memory/Evt (MB)
count  16.000000  16.000000       1.600000e+01         16.000000        1.600000e+01              16.000000             16.000000              16.000000      16.000000        16.000000
mean    8.500000   3.000000       6.964798e+00         55.459190        1.803128e-02               1.884766              1.655273               3.540039       0.000883         0.883000
std     4.760952   1.032796       9.486339e-07          0.000004        1.233706e-09               1.152134              1.168838               2.312666       0.000010         0.010482
min     1.000000   1.000000       6.964794e+00         55.459177        1.803128e-02               0.449219              0.000000               0.449219       0.000864         0.864000
25%     4.750000   2.000000       6.964798e+00         55.459190        1.803128e-02               1.035156              0.695801               1.730957       0.000878         0.878000
50%     8.500000   3.000000       6.964798e+00         55.459190        1.803128e-02               1.884766              1.655273               3.540039       0.000880         0.880000
75%    12.250000   4.000000       6.964798e+00         55.459190        1.803128e-02               2.734375              2.614746               5.349121       0.000888         0.888000
max    16.000000   5.000000       6.964798e+00         55.459194        1.803128e-02               3.320312              3.310547               6.630859       0.000904         0.904000
