Workflow Construction Summary Table
========================================================================================================================

 Comp  Groups Wall Time/Evt (s) CPU Time/Evt (s) Throughput (evt/s) Write Remote (MB/evt) Read Remote (MB/evt) Net Transfer (MB/evt) CPU Cores/Evt Memory/Evt (MB)
    1       1            7.0017          55.7533             0.0179                  0.45                 0.00                  0.45        0.0009            0.86
    2       2            6.9958          55.7058             0.0180                  0.45                 0.06                  0.51        0.0009            0.87
    3       2            6.9924          55.6792             0.0180                  0.45                 0.38                  0.83        0.0009            0.88
    4       2            7.0264          55.9501             0.0179                  2.54                 2.09                  4.63        0.0009            0.87
    5       2            7.0004          55.7433             0.0179                  1.23                 0.78                  2.01        0.0009            0.87
    6       3            6.9926          55.6809             0.0180                  0.45                 0.44                  0.89        0.0009            0.89
    7       3            7.0251          55.9398             0.0179                  2.54                 2.15                  4.69        0.0009            0.88
    8       3            6.9980          55.7244             0.0179                  1.23                 0.84                  2.08        0.0009            0.88
    9       3            7.0269          55.9543             0.0179                  2.54                 2.47                  5.00        0.0009            0.89
   10       3            6.9984          55.7273             0.0179                  1.23                 1.16                  2.39        0.0009            0.88
   11       3            7.0373          56.0383             0.0178                  3.32                 2.87                  6.19        0.0009            0.88
   12       4            7.0271          55.9560             0.0179                  2.54                 2.53                  5.07        0.0009            0.90
   13       4            6.9986          55.7290             0.0179                  1.23                 1.22                  2.45        0.0009            0.89
   14       4            7.0360          56.0280             0.0178                  3.32                 2.93                  6.25        0.0009            0.89
   15       4            7.0378          56.0425             0.0178                  3.32                 3.25                  6.57        0.0009            0.90
   16       5            7.0380          56.0442             0.0178                  3.32                 3.31                  6.63        0.0009            0.90

Summary Statistics:
------------------------------------------------------------------------------------------------------------------------
            Comp     Groups  Wall Time/Evt (s)  CPU Time/Evt (s)  Throughput (evt/s)  Write Remote (MB/evt)  Read Remote (MB/evt)  Net Transfer (MB/evt)  CPU Cores/Evt  Memory/Evt (MB)
count  16.000000  16.000000          16.000000         16.000000           16.000000              16.000000             16.000000              16.000000      16.000000        16.000000
mean    8.500000   3.000000           7.014534         55.856031            0.017903               1.884766              1.655273               3.540039       0.000883         0.883000
std     4.760952   1.032796           0.018445          0.147492            0.000047               1.152134              1.168838               2.312666       0.000010         0.010482
min     1.000000   1.000000           6.992408         55.679200            0.017843               0.449219              0.000000               0.449219       0.000864         0.864000
25%     4.750000   2.000000           6.998317         55.726569            0.017865               1.035156              0.695801               1.730957       0.000878         0.878000
50%     8.500000   3.000000           7.013405         55.846572            0.017906               1.884766              1.655273               3.540039       0.000880         0.880000
75%    12.250000   4.000000           7.029323         55.974012            0.017945               2.734375              2.614746               5.349121       0.000888         0.888000
max    16.000000   5.000000           7.038019         56.044192            0.017960               3.320312              3.310547               6.630859       0.000904         0.904000
