Workflow Construction Summary Table
========================================================================================================================

 Comp  Groups Wall Time/Evt (s) CPU Time/Evt (s) Throughput (evt/s) Write Remote (MB/evt) Read Remote (MB/evt) Net Transfer (MB/evt) CPU Cores/Evt Memory/Evt (MB)
    1       1            9.2124          73.6991             0.0136                  0.45                 0.00                  0.45        0.0615           61.54
    2       2            8.7406          69.7088             0.0143                  0.45                 0.06                  0.51        0.0613           61.30
    3       2            8.2661          64.2973             0.0156                  0.45                 0.38                  0.83        0.0598           59.76
    4       2            8.0022          54.3157             0.0184                  2.54                 2.09                  4.63        0.0526           56.04
    5       2            8.0022          48.2570             0.0207                  1.23                 0.78                  2.01        0.0477           40.31
    6       3            8.2400          63.4376             0.0158                  0.45                 0.44                  0.89        0.0590           59.76
    7       3            7.8665          53.7727             0.0186                  2.54                 2.15                  4.69        0.0526           55.84
    8       3            7.7886          47.4027             0.0211                  1.23                 0.84                  2.08        0.0477           40.06
    9       3            7.7660          53.3710             0.0187                  2.54                 2.47                  5.00        0.0526           54.27
   10       3            7.5920          46.6165             0.0215                  1.23                 1.16                  2.39        0.0477           38.53
   11       3            7.6897          47.0072             0.0213                  3.32                 2.87                  6.19        0.0477           39.06
   12       4            7.7400          52.5113             0.0190                  2.54                 2.53                  5.07        0.0518           54.27
   13       4            7.5660          45.7568             0.0219                  1.23                 1.22                  2.45        0.0469           38.53
   14       4            7.5540          46.4642             0.0215                  3.32                 2.93                  6.25        0.0477           38.86
   15       4            7.4535          46.0625             0.0217                  3.32                 3.25                  6.57        0.0477           37.30
   16       5            7.4275          45.2028             0.0221                  3.32                 3.31                  6.63        0.0469           37.30

Summary Statistics:
------------------------------------------------------------------------------------------------------------------------
            Comp     Groups  Wall Time/Evt (s)  CPU Time/Evt (s)  Throughput (evt/s)  Write Remote (MB/evt)  Read Remote (MB/evt)  Net Transfer (MB/evt)  CPU Cores/Evt  Memory/Evt (MB)
count  16.000000  16.000000          16.000000         16.000000           16.000000              16.000000             16.000000              16.000000      16.000000        16.000000
mean    8.500000   3.000000           7.931712         53.617709            0.019111               1.884766              1.655273               3.540039       0.051955        48.294000
std     4.760952   1.032796           0.485359          9.221007            0.002876               1.152134              1.168838               2.312666       0.005479        10.114525
min     1.000000   1.000000           7.427469         45.202775            0.013569               0.449219              0.000000               0.449219       0.046918        37.295000
25%     4.750000   2.000000           7.585521         46.578450            0.017749               1.035156              0.695801               1.730957       0.047694        38.775750
50%     8.500000   3.000000           7.777320         50.384129            0.019883               1.884766              1.655273               3.540039       0.049771        47.290500
75%    12.250000   4.000000           8.061683         56.596182            0.021469               2.734375              2.614746               5.349121       0.054212        56.968250
max    16.000000   5.000000           9.212392         73.699138            0.022123               3.320312              3.310547               6.630859       0.061544        61.544000
