Workflow Construction Summary Table
========================================================================================================================

 Comp  Groups Wall Time/Evt (s) CPU Time/Evt (s) Throughput (evt/s) Write Remote (MB/evt) Read Remote (MB/evt) Net Transfer (MB/evt) CPU Cores/Evt Memory/Evt (MB)
    1       2           44.6711         169.8193             0.0059                  0.89                 0.56                  1.45        0.0239           47.86
    2       2           44.6711         169.8193             0.0059                  0.89                 0.56                  1.45        0.0239           47.86
    3       3           44.6561         169.7704             0.0059                  0.89                 0.72                  1.60        0.0239           47.86
    4       3           44.6561         169.7704             0.0059                  0.89                 0.72                  1.60        0.0239           47.86
    5       3           44.3081         168.4505             0.0059                  0.89                 0.72                  1.60        0.0239           47.76
    6       3           44.3081         168.4505             0.0059                  0.89                 0.72                  1.60        0.0239           47.76
    7       3           44.3211         168.5065             0.0059                  1.50                 1.22                  2.72        0.0238           47.66
    8       3           44.3211         168.5065             0.0059                  1.50                 1.22                  2.72        0.0238           47.66
    9       3           43.9626         167.1405             0.0060                  0.89                 1.13                  2.02        0.0239           47.84
   10       3           43.6924         166.1532             0.0060                  2.06                 1.80                  3.86        0.0239           47.75
   11       3           43.6924         166.1532             0.0060                  2.06                 1.80                  3.86        0.0239           47.75
   12       4           44.2990         168.4135             0.0059                  0.89                 0.87                  1.76        0.0239           47.76
   13       4           44.2990         168.4135             0.0059                  0.89                 0.87                  1.76        0.0239           47.76
   14       4           44.3059         168.4575             0.0059                  1.50                 1.37                  2.87        0.0238           47.66
   15       4           44.3059         168.4575             0.0059                  1.50                 1.37                  2.87        0.0238           47.66
   16       4           43.9449         167.0863             0.0060                  0.89                 1.28                  2.17        0.0239           47.84
   17       4           43.9449         167.0863             0.0060                  0.89                 1.28                  2.17        0.0239           47.84
   18       4           43.9625         167.1660             0.0060                  1.50                 1.37                  2.88        0.0239           47.79
   19       4           43.9625         167.1660             0.0060                  1.50                 1.37                  2.88        0.0239           47.79
   20       4           43.6776         166.1049             0.0060                  2.06                 1.95                  4.02        0.0239           47.75
   21       4           43.4184         165.1264             0.0061                  2.68                 2.45                  5.13        0.0238           47.63
   22       4           43.6776         166.1049             0.0060                  2.06                 1.95                  4.02        0.0239           47.75
   23       4           43.4184         165.1264             0.0061                  2.68                 2.45                  5.13        0.0238           47.63
   24       4           43.6163         165.8772             0.0060                  2.06                 1.95                  4.01        0.0239           47.75
   25       4           43.6163         165.8772             0.0060                  2.06                 1.95                  4.01        0.0239           47.75
   26       4           43.5530         165.6633             0.0060                  2.06                 2.37                  4.43        0.0239           47.72
   27       4           43.6330         165.8976             0.0060                  1.50                 1.78                  3.29        0.0238           47.66
   28       5           43.9425         167.0628             0.0060                  0.89                 1.43                  2.32        0.0239           47.85
   29       5           43.9598         167.1420             0.0060                  1.50                 1.52                  3.03        0.0239           47.81
   30       5           43.9598         167.1420             0.0060                  1.50                 1.52                  3.03        0.0239           47.81
   31       5           43.4026         165.0761             0.0061                  2.68                 2.60                  5.28        0.0238           47.64
   32       5           43.4026         165.0761             0.0061                  2.68                 2.60                  5.28        0.0238           47.64
   33       5           43.6052         165.8364             0.0060                  2.06                 2.11                  4.17        0.0239           47.75
   34       5           43.6052         165.8364             0.0060                  2.06                 2.11                  4.17        0.0239           47.75
   35       5           43.5360         165.6106             0.0060                  2.06                 2.52                  4.58        0.0239           47.72
   36       5           43.5360         165.6106             0.0060                  2.06                 2.52                  4.58        0.0239           47.72
   37       5           43.6067         165.8262             0.0060                  1.50                 1.94                  3.44        0.0238           47.65
   38       5           43.6067         165.8262             0.0060                  1.50                 1.94                  3.44        0.0238           47.65
   39       5           43.3507         164.8671             0.0061                  2.68                 2.60                  5.28        0.0238           47.64
   40       5           43.3507         164.8671             0.0061                  2.68                 2.60                  5.28        0.0238           47.64
   41       5           43.3058         164.6902             0.0061                  2.68                 3.02                  5.69        0.0238           47.64
   42       6           43.5272         165.5743             0.0060                  2.06                 2.67                  4.73        0.0239           47.73
   43       6           43.5963         165.7866             0.0060                  1.50                 2.09                  3.59        0.0238           47.65
   44       6           43.3409         164.8287             0.0061                  2.68                 2.76                  5.44        0.0238           47.64
   45       6           43.3409         164.8287             0.0061                  2.68                 2.76                  5.44        0.0238           47.64
   46       6           43.2929         164.6455             0.0061                  2.68                 3.17                  5.85        0.0238           47.65
   47       6           43.2929         164.6455             0.0061                  2.68                 3.17                  5.85        0.0238           47.65
   48       7           43.2877         164.6163             0.0061                  2.68                 3.33                  6.00        0.0238           47.65

Summary Statistics:
------------------------------------------------------------------------------------------------------------------------
        Comp     Groups  Wall Time/Evt (s)  CPU Time/Evt (s)  Throughput (evt/s)  Write Remote (MB/evt)  Read Remote (MB/evt)  Net Transfer (MB/evt)  CPU Cores/Evt  Memory/Evt (MB)
count  48.00  48.000000          48.000000         48.000000           48.000000              48.000000             48.000000              48.000000      48.000000        48.000000
mean   24.50   4.333333          43.807182        166.582502            0.006004               1.782451              1.849685               3.632136       0.023864        47.727267
std    14.00   1.117241           0.420527          1.574065            0.000056               0.668887              0.763792               1.405530       0.000039         0.078010
min     1.00   2.000000          43.287673        164.616293            0.005889               0.888672              0.562988               1.451660       0.023817        47.633600
25%    12.75   4.000000          43.500009        165.462285            0.005971               1.350435              1.280524               2.621641       0.023824        47.648000
50%    24.50   4.000000          43.655319        166.001241            0.006024               1.782451              1.936522               3.727143       0.023869        47.737600
75%    36.25   5.000000          44.046710        167.477877            0.006044               2.214468              2.519910               4.832698       0.023885        47.770400
max    48.00   7.000000          44.671130        169.819256            0.006075               2.676230              3.325614               6.001844       0.023932        47.864000
