Workflow Construction Summary Table
========================================================================================================================

 Comp  Groups Wall Time/Evt (s) CPU Time/Evt (s) Throughput (evt/s) Write Remote (MB/evt) Read Remote (MB/evt) Net Transfer (MB/evt) CPU Cores/Evt Memory/Evt (MB)
    1       1            8.4273         527.5499             0.0019                  0.45                 0.00                  0.45        0.2575          257.47
    2       2            8.1812         508.9250             0.0020                  0.45                 0.06                  0.51        0.2556          255.74
    3       2            7.9338         470.2428             0.0021                  0.45                 0.38                  0.83        0.2435          244.89
    4       2            7.8035         234.9585             0.0043                  1.23                 0.80                  2.03        0.1178          120.01
    5       2            7.8168         188.7295             0.0053                  2.54                 2.14                  4.68        0.0974          120.21
    6       3            7.9199         470.2491             0.0021                  0.45                 0.45                  0.90        0.2436          244.92
    7       3            7.6914         224.7574             0.0044                  1.23                 0.86                  2.09        0.1160          118.34
    8       3            7.7459         181.1883             0.0055                  2.54                 2.20                  4.74        0.0957          118.65
    9       3            7.5908         195.0701             0.0051                  1.23                 1.19                  2.42        0.1037          107.32
   10       3            7.6947         154.8388             0.0065                  2.54                 2.53                  5.07        0.0836          107.75
   11       3            7.6617         159.4287             0.0063                  3.32                 2.94                  6.26        0.0819           89.27
   12       4            7.5776         195.0765             0.0051                  1.23                 1.25                  2.48        0.1038          107.35
   13       4            7.6809         154.7283             0.0065                  2.54                 2.59                  5.13        0.0835          107.67
   14       4            7.5903         151.6304             0.0066                  3.32                 3.00                  6.32        0.0801           87.56
   15       4            7.5392         125.2656             0.0080                  3.32                 3.32                  6.64        0.0680           76.72
   16       5            7.5270         125.3651             0.0080                  3.32                 3.39                  6.71        0.0681           76.77

Summary Statistics:
------------------------------------------------------------------------------------------------------------------------
            Comp     Groups  Wall Time/Evt (s)  CPU Time/Evt (s)  Throughput (evt/s)  Write Remote (MB/evt)  Read Remote (MB/evt)  Net Transfer (MB/evt)  CPU Cores/Evt  Memory/Evt (MB)
count  16.000000  16.000000          16.000000         16.000000           16.000000              16.000000             16.000000              16.000000      16.000000        16.000000
mean    8.500000   3.000000           7.773885        254.250246            0.004977               1.884766              1.694698               3.579463       0.131239       140.039375
std     4.760952   1.032796           0.244857        146.809341            0.002046               1.152134              1.197157               2.340838       0.072356        67.560618
min     1.000000   1.000000           7.527049        125.265586            0.001896               0.449219              0.000000               0.449219       0.067979        76.718000
25%     4.750000   2.000000           7.590678        154.811163            0.003724               1.035156              0.711384               1.746540       0.083148       102.804500
50%     8.500000   3.000000           7.693063        191.899776            0.005212               1.884766              1.694016               3.578782       0.100555       113.047000
75%    12.250000   4.000000           7.842551        293.779550            0.006459               2.734375              2.680568               5.414943       0.149219       151.378500
max    16.000000   5.000000           8.427342        527.549886            0.007983               3.320312              3.389089               6.709401       0.257472       257.472000
