Workflow Construction Summary Table
========================================================================================================================

 Comp  Groups Wall Time/Evt (s) CPU Time/Evt (s) Throughput (evt/s) Write Remote (MB/evt) Read Remote (MB/evt) Net Transfer (MB/evt) CPU Cores/Evt Memory/Evt (MB)
    1       1            7.9438         484.2206             0.0021                  0.45                 0.00                  0.45        0.0678           67.81
    2       2            7.8792         477.1553             0.0021                  0.45                 0.07                  0.51        0.0674           67.39
    3       2            7.8123         450.0344             0.0022                  0.45                 0.40                  0.85        0.0640           64.38
    4       2            7.7760         219.5867             0.0046                  1.23                 0.82                  2.05        0.0310           31.57
    5       2            7.7764         180.4023             0.0055                  2.54                 2.20                  4.74        0.0257           31.74
    6       3            7.8094         450.1107             0.0022                  0.45                 0.47                  0.92        0.0640           64.40
    7       3            7.7450         214.6276             0.0047                  1.23                 0.89                  2.12        0.0305           31.15
    8       3            7.7575         176.0940             0.0057                  2.54                 2.27                  4.81        0.0253           31.33
    9       3            7.7201         190.4527             0.0053                  1.23                 1.22                  2.45        0.0273           28.26
   10       3            7.7413         152.0624             0.0066                  2.54                 2.58                  5.12        0.0219           28.29
   11       3            7.7319         151.7569             0.0066                  3.32                 3.02                  6.34        0.0216           23.55
   12       4            7.7152         190.2605             0.0053                  1.23                 1.29                  2.52        0.0273           28.20
   13       4            7.7397         152.4174             0.0066                  2.54                 2.65                  5.19        0.0220           28.36
   14       4            7.7135         147.3797             0.0068                  3.32                 3.09                  6.41        0.0212           23.12
   15       4            7.6996         123.9090             0.0081                  3.32                 3.42                  6.74        0.0179           20.21
   16       5            7.6960         123.8610             0.0081                  3.32                 3.48                  6.80        0.0179           20.20

Summary Statistics:
------------------------------------------------------------------------------------------------------------------------
            Comp     Groups  Wall Time/Evt (s)  CPU Time/Evt (s)  Throughput (evt/s)  Write Remote (MB/evt)  Read Remote (MB/evt)  Net Transfer (MB/evt)  CPU Cores/Evt  Memory/Evt (MB)
count  16.000000  16.000000          16.000000         16.000000           16.000000              16.000000             16.000000              16.000000      16.000000        16.000000
mean    8.500000   3.000000           7.766055        242.770698            0.005138               1.884727              1.741132               3.625859       0.034546        36.872375
std     4.760952   1.032796           0.067528        135.740977            0.002048               1.152111              1.227765               2.371404       0.019037        17.774251
min     1.000000   1.000000           7.695971        123.860983            0.002065               0.449219              0.000000               0.449219       0.017911        20.204000
25%     4.750000   2.000000           7.718891        151.986024            0.003971               1.035156              0.733317               1.768473       0.021814        27.037600
50%     8.500000   3.000000           7.743171        185.331367            0.005400               1.884459              1.743863               3.628628       0.026490        29.752000
75%    12.250000   4.000000           7.784641        277.198650            0.006580               2.734375              2.743655               5.478030       0.039239        39.899200
max    16.000000   5.000000           7.943804        484.220577            0.008074               3.320312              3.481212               6.801524       0.067814        67.814400
