Workflow Construction Summary Table
========================================================================================================================

 Comp  Groups Wall Time/Evt (s) CPU Time/Evt (s) Throughput (evt/s) Write Remote (MB/evt) Read Remote (MB/evt) Net Transfer (MB/evt) CPU Cores/Evt Memory/Evt (MB)
    1       1            6.9647          55.4588             0.0180                  0.45                 0.00                  0.45        0.0155           15.50
    2       2            6.9647          55.4589             0.0180                  0.45                 0.06                  0.51        0.0155           15.50
    3       2            6.9647          55.4588             0.0180                  0.45                 0.38                  0.83        0.0155           15.52
    4       2            6.9647          55.4590             0.0180                  2.54                 2.10                  4.63        0.0155           15.50
    5       2            6.9648          55.4591             0.0180                  1.23                 0.78                  2.01        0.0155           15.49
    6       3            6.9647          55.4588             0.0180                  0.45                 0.44                  0.89        0.0155           15.52
    7       3            6.9647          55.4590             0.0180                  2.54                 2.16                  4.70        0.0155           15.50
    8       3            6.9648          55.4591             0.0180                  1.23                 0.85                  2.08        0.0155           15.50
    9       3            6.9647          55.4590             0.0180                  2.54                 2.47                  5.01        0.0155           15.50
   10       3            6.9648          55.4591             0.0180                  1.23                 1.16                  2.39        0.0155           15.50
   11       3            6.9648          55.4591             0.0180                  3.32                 2.88                  6.20        0.0155           15.50
   12       4            6.9647          55.4590             0.0180                  2.54                 2.54                  5.07        0.0155           15.51
   13       4            6.9648          55.4591             0.0180                  1.23                 1.23                  2.46        0.0155           15.50
   14       4            6.9648          55.4591             0.0180                  3.32                 2.94                  6.26        0.0155           15.51
   15       4            6.9648          55.4591             0.0180                  3.32                 3.26                  6.58        0.0155           15.51
   16       5            6.9648          55.4591             0.0180                  3.32                 3.32                  6.64        0.0155           15.52

Summary Statistics:
------------------------------------------------------------------------------------------------------------------------
            Comp     Groups  Wall Time/Evt (s)  CPU Time/Evt (s)  Throughput (evt/s)  Write Remote (MB/evt)  Read Remote (MB/evt)  Net Transfer (MB/evt)  CPU Cores/Evt  Memory/Evt (MB)
count  16.000000  16.000000          16.000000         16.000000        1.600000e+01              16.000000             16.000000              16.000000      16.000000        16.000000
mean    8.500000   3.000000           6.964755         55.459021        1.803133e-02               1.884766              1.660411               3.545177       0.015506        15.506500
std     4.760952   1.032796           0.000029          0.000115        3.725924e-08               1.152134              1.172290               2.316098       0.000009         0.009107
min     1.000000   1.000000           6.964706         55.458825        1.803130e-02               0.449219              0.000000               0.449219       0.015488        15.488000
25%     4.750000   2.000000           6.964744         55.458977        1.803130e-02               1.035156              0.698325               1.733481       0.015504        15.504000
50%     8.500000   3.000000           6.964763         55.459052        1.803132e-02               1.884766              1.660363               3.545129       0.015504        15.504000
75%    12.250000   4.000000           6.964779         55.459116        1.803135e-02               2.734375              2.622092               5.356467       0.015512        15.512000
max    16.000000   5.000000           6.964781         55.459123        1.803140e-02               3.320312              3.321017               6.641329       0.015520        15.520000
