Workflow Construction Summary Table
========================================================================================================================

 Comp  Groups Wall Time/Evt (s) CPU Time/Evt (s) Throughput (evt/s) Write Remote (MB/evt) Read Remote (MB/evt) Net Transfer (MB/evt) CPU Cores/Evt Memory/Evt (MB)
    1       1           12.2121          85.5363             0.0117                  0.45                 0.00                  0.45        0.0816           81.61
    2       2           11.5871          81.1595             0.0123                  0.45                 0.07                  0.52        0.0816           81.59
    3       2           10.9534          76.7199             0.0130                  0.45                 0.43                  0.88        0.0816           81.60
    4       2           10.5606          73.9722             0.0135                  2.53                 2.42                  4.96        0.0816           81.59
    5       2           10.5860          74.1523             0.0135                  1.23                 0.91                  2.13        0.0815           81.53
    6       3           10.9172          76.4672             0.0131                  0.45                 0.51                  0.96        0.0816           81.61
    7       3           10.3809          72.7103             0.0138                  2.53                 2.50                  5.03        0.0816           81.63
    8       3           10.3037          72.1710             0.0139                  1.23                 0.98                  2.21        0.0815           81.52
    9       3           10.2457          71.7627             0.0139                  2.53                 2.87                  5.40        0.0816           81.63
   10       3           10.0386          70.3147             0.0142                  1.23                 1.34                  2.57        0.0815           81.53
   11       3           10.1212          70.8990             0.0141                  3.31                 3.33                  6.64        0.0815           81.50
   12       4           10.2065          71.4885             0.0140                  2.53                 2.94                  5.47        0.0816           81.61
   13       4           10.0100          70.1120             0.0143                  1.23                 1.42                  2.64        0.0816           81.59
   14       4            9.9427          69.6464             0.0144                  3.31                 3.41                  6.71        0.0815           81.54
   15       4            9.8072          68.6962             0.0146                  3.31                 3.77                  7.08        0.0815           81.54
   16       5            9.7767          68.4805             0.0146                  3.31                 3.85                  7.15        0.0816           81.59

Summary Statistics:
------------------------------------------------------------------------------------------------------------------------
            Comp     Groups  Wall Time/Evt (s)  CPU Time/Evt (s)  Throughput (evt/s)  Write Remote (MB/evt)  Read Remote (MB/evt)  Net Transfer (MB/evt)  CPU Cores/Evt  Memory/Evt (MB)
count  16.000000  16.000000          16.000000         16.000000           16.000000              16.000000             16.000000              16.000000      16.000000        16.000000
mean    8.500000   3.000000          10.478107         73.393047            0.013673               1.877637              1.921890               3.799527       0.081576        81.575800
std     4.760952   1.032796           0.663808          4.648608            0.000806               1.147737              1.357497               2.496249       0.000042         0.041718
min     1.000000   1.000000           9.776736         68.480527            0.011691               0.447455              0.000000               0.447455       0.081499        81.499200
25%     4.750000   2.000000          10.031458         70.264013            0.013384               1.030999              0.807654               1.838653       0.081540        81.540000
50%     8.500000   3.000000          10.274684         71.966866            0.013895               1.877723              1.920477               3.798716       0.081589        81.588800
75%    12.250000   4.000000          10.668805         74.731018            0.014232               2.724420              3.038131               5.761642       0.081607        81.606800
max    16.000000   5.000000          12.212068         85.536342            0.014603               3.308351              3.846328               7.154508       0.081630        81.630400
