Workflow Construction Summary Table
========================================================================================================================

 Comp  Groups Wall Time/Evt (s) CPU Time/Evt (s) Throughput (evt/s) Write Remote (MB/evt) Read Remote (MB/evt) Net Transfer (MB/evt) CPU Cores/Evt Memory/Evt (MB)
    1       1            7.2024          56.4094             0.0177                  0.45                 0.00                  0.45        0.0027            2.67
    2       2            7.2024          56.4095             0.0177                  0.45                 0.06                  0.51        0.0027            2.70
    3       2            7.2024          56.4096             0.0177                  0.45                 0.39                  0.84        0.0027            2.67
    4       2            7.2024          56.4096             0.0177                  2.54                 2.13                  4.67        0.0027            2.68
    5       2            7.2024          56.4095             0.0177                  1.23                 0.79                  2.02        0.0027            2.68
    6       3            7.2024          56.4096             0.0177                  0.45                 0.45                  0.90        0.0027            2.69
    7       3            7.1837          56.3349             0.0178                  2.54                 2.19                  4.73        0.0027            2.68
    8       3            7.2024          56.4095             0.0177                  1.23                 0.86                  2.09        0.0027            2.70
    9       3            7.2024          56.4096             0.0177                  2.54                 2.52                  5.06        0.0027            2.68
   10       3            7.2024          56.4095             0.0177                  1.23                 1.17                  2.40        0.0027            2.70
   11       3            7.2024          56.4096             0.0177                  3.32                 2.92                  6.24        0.0027            2.69
   12       4            7.2024          56.4096             0.0177                  2.54                 2.59                  5.12        0.0027            2.71
   13       4            7.2024          56.4095             0.0177                  1.23                 1.24                  2.47        0.0027            2.72
   14       4            7.1831          56.3323             0.0178                  3.32                 2.97                  6.29        0.0027            2.70
   15       4            7.2024          56.4096             0.0177                  3.32                 3.30                  6.62        0.0027            2.69
   16       5            7.2024          56.4096             0.0177                  3.32                 3.37                  6.69        0.0027            2.72

Summary Statistics:
------------------------------------------------------------------------------------------------------------------------
            Comp     Groups  Wall Time/Evt (s)  CPU Time/Evt (s)  Throughput (evt/s)  Write Remote (MB/evt)  Read Remote (MB/evt)  Net Transfer (MB/evt)  CPU Cores/Evt  Memory/Evt (MB)
count  16.000000  16.000000          16.000000         16.000000           16.000000              16.000000             16.000000              16.000000      16.000000        16.000000
mean    8.500000   3.000000           7.200013         56.400052            0.017730               1.884766              1.683948               3.568713       0.002692         2.692000
std     4.760952   1.032796           0.006485          0.025941            0.000008               1.152134              1.188607               2.332166       0.000015         0.015457
min     1.000000   1.000000           7.183083         56.332333            0.017727               0.449219              0.000000               0.449219       0.002672         2.672000
25%     4.750000   2.000000           7.202378         56.409513            0.017727               1.035156              0.706866               1.742022       0.002680         2.680000
50%     8.500000   3.000000           7.202389         56.409556            0.017727               1.884766              1.686769               3.571535       0.002688         2.688000
75%    12.250000   4.000000           7.202392         56.409568            0.017728               2.734375              2.668351               5.402726       0.002698         2.698000
max    16.000000   5.000000           7.202394         56.409574            0.017752               3.320312              3.366973               6.687285       0.002720         2.720000
