Workflow Construction Summary Table
========================================================================================================================

 Comp  Groups Wall Time/Evt (s) CPU Time/Evt (s) Throughput (evt/s) Write Remote (MB/evt) Read Remote (MB/evt) Net Transfer (MB/evt) CPU Cores/Evt Memory/Evt (MB)
    1       1            7.3072          57.2310             0.0175                  0.45                 0.00                  0.45        0.0027            2.67
    2       2            7.2877          57.0777             0.0175                  0.45                 0.06                  0.51        0.0027            2.70
    3       2            7.2700          56.9387             0.0176                  0.45                 0.39                  0.84        0.0027            2.67
    4       2            7.2968          57.1489             0.0175                  2.54                 2.13                  4.67        0.0027            2.68
    5       2            7.2702          56.9427             0.0176                  1.23                 0.79                  2.02        0.0027            2.68
    6       3            7.2696          56.9355             0.0176                  0.45                 0.45                  0.90        0.0027            2.69
    7       3            7.2724          57.0307             0.0175                  2.54                 2.19                  4.73        0.0027            2.68
    8       3            7.2618          56.8768             0.0176                  1.23                 0.86                  2.09        0.0027            2.70
    9       3            7.2901          57.0968             0.0175                  2.54                 2.52                  5.06        0.0027            2.68
   10       3            7.2564          56.8334             0.0176                  1.23                 1.18                  2.41        0.0027            2.69
   11       3            7.2979          57.1618             0.0175                  3.32                 2.91                  6.23        0.0027            2.69
   12       4            7.2899          57.0948             0.0175                  2.54                 2.59                  5.12        0.0027            2.71
   13       4            7.2558          56.8287             0.0176                  1.23                 1.24                  2.47        0.0027            2.69
   14       4            7.2729          57.0413             0.0175                  3.32                 2.97                  6.29        0.0027            2.70
   15       4            7.2911          57.1090             0.0175                  3.32                 3.30                  6.62        0.0027            2.69
   16       5            7.2909          57.1070             0.0175                  3.32                 3.37                  6.69        0.0027            2.72

Summary Statistics:
------------------------------------------------------------------------------------------------------------------------
            Comp     Groups  Wall Time/Evt (s)  CPU Time/Evt (s)  Throughput (evt/s)  Write Remote (MB/evt)  Read Remote (MB/evt)  Net Transfer (MB/evt)  CPU Cores/Evt  Memory/Evt (MB)
count  16.000000  16.000000          16.000000         16.000000           16.000000              16.000000             16.000000              16.000000      16.000000        16.000000
mean    8.500000   3.000000           7.280041         57.028417            0.017535               1.884766              1.684112               3.568878       0.002690         2.689500
std     4.760952   1.032796           0.015778          0.121819            0.000037               1.152134              1.188190               2.331688       0.000013         0.013456
min     1.000000   1.000000           7.255788         56.828721            0.017473               0.449219              0.000000               0.449219       0.002672         2.672000
25%     4.750000   2.000000           7.269866         56.937928            0.017511               1.035156              0.706866               1.742022       0.002680         2.680000
50%     8.500000   3.000000           7.280272         57.059479            0.017526               1.884766              1.688331               3.573097       0.002688         2.688000
75%    12.250000   4.000000           7.290935         57.107479            0.017563               2.734375              2.667447               5.401822       0.002696         2.696000
max    16.000000   5.000000           7.307247         57.230957            0.017597               3.320312              3.366973               6.687285       0.002720         2.720000
