Workflow Construction Summary Table
========================================================================================================================

 Comp  Groups Wall Time/Evt (s) CPU Time/Evt (s) Throughput (evt/s) Write Remote (MB/evt) Read Remote (MB/evt) Net Transfer (MB/evt) CPU Cores/Evt Memory/Evt (MB)
    1       1            7.3156          58.1929             0.0172                  0.45                 0.00                  0.45        0.0078            7.76
    2       2            7.2626          57.7712             0.0173                  0.45                 0.06                  0.51        0.0078            7.77
    3       2            7.2335          57.5420             0.0174                  0.45                 0.38                  0.83        0.0078            7.77
    4       2            7.5796          60.2983             0.0166                  2.54                 2.09                  4.63        0.0078            7.78
    5       2            7.3186          58.2206             0.0172                  1.23                 0.78                  2.01        0.0078            7.77
    6       3            7.2367          57.5669             0.0174                  0.45                 0.44                  0.89        0.0078            7.78
    7       3            7.5688          60.2121             0.0166                  2.54                 2.16                  4.70        0.0078            7.79
    8       3            7.2982          58.0574             0.0172                  1.23                 0.85                  2.08        0.0078            7.78
    9       3            7.5871          60.3584             0.0166                  2.54                 2.47                  5.01        0.0078            7.78
   10       3            7.3043          58.1069             0.0172                  1.23                 1.16                  2.39        0.0078            7.78
   11       3            7.6944          61.2186             0.0163                  3.32                 2.88                  6.20        0.0078            7.78
   12       4            7.5902          60.3828             0.0166                  2.54                 2.53                  5.07        0.0078            7.80
   13       4            7.3073          58.1308             0.0172                  1.23                 1.22                  2.45        0.0078            7.78
   14       4            7.6836          61.1324             0.0164                  3.32                 2.94                  6.26        0.0078            7.78
   15       4            7.7019          61.2787             0.0163                  3.32                 3.25                  6.57        0.0078            7.78
   16       5            7.7050          61.3035             0.0163                  3.32                 3.32                  6.64        0.0078            7.79

Summary Statistics:
------------------------------------------------------------------------------------------------------------------------
            Comp     Groups  Wall Time/Evt (s)  CPU Time/Evt (s)  Throughput (evt/s)  Write Remote (MB/evt)  Read Remote (MB/evt)  Net Transfer (MB/evt)  CPU Cores/Evt  Memory/Evt (MB)
count  16.000000  16.000000          16.000000         16.000000           16.000000              16.000000             16.000000              16.000000      16.000000        16.000000
mean    8.500000   3.000000           7.461701         59.360833            0.016856               1.884766              1.658530               3.543295       0.007779         7.779000
std     4.760952   1.032796           0.189274          1.509670            0.000428               1.152134              1.171457               2.315290       0.000010         0.010482
min     1.000000   1.000000           7.233548         57.542030            0.016312               0.449219              0.000000               0.449219       0.007760         7.760000
25%     4.750000   2.000000           7.302772         58.094495            0.016510               1.035156              0.697161               1.732318       0.007774         7.774000
50%     8.500000   3.000000           7.443694         59.216358            0.016892               1.884766              1.658196               3.542961       0.007776         7.776000
75%    12.250000   4.000000           7.613509         60.570172            0.017213               2.734375              2.619852               5.354227       0.007784         7.784000
max    16.000000   5.000000           7.705021         61.303547            0.017379               3.320312              3.317806               6.638118       0.007800         7.800000
