Workflow Construction Summary Table
========================================================================================================================

 Comp  Groups Wall Time/Evt (s) CPU Time/Evt (s) Throughput (evt/s) Write Remote (MB/evt) Read Remote (MB/evt) Net Transfer (MB/evt) CPU Cores/Evt Memory/Evt (MB)
    1       2           39.5727         158.2908             0.0063                  0.89                 0.54                  1.43        0.0108           21.50
    2       2           39.5727         158.2908             0.0063                  0.89                 0.54                  1.43        0.0108           21.50
    3       3           39.5819         158.3278             0.0063                  0.89                 0.68                  1.57        0.0108           21.51
    4       3           39.5819         158.3278             0.0063                  0.89                 0.68                  1.57        0.0108           21.51
    5       3           39.4279         157.7116             0.0063                  0.89                 0.68                  1.57        0.0108           21.51
    6       3           39.4279         157.7116             0.0063                  0.89                 0.68                  1.57        0.0108           21.51
    7       3           39.5385         158.1541             0.0063                  1.50                 1.15                  2.66        0.0107           21.47
    8       3           39.5385         158.1541             0.0063                  1.50                 1.15                  2.66        0.0107           21.47
    9       3           39.3091         157.2365             0.0064                  0.89                 1.07                  1.96        0.0107           21.50
   10       3           39.3696         157.4785             0.0064                  2.06                 1.71                  3.77        0.0107           21.48
   11       3           39.3696         157.4785             0.0064                  2.06                 1.71                  3.77        0.0107           21.48
   12       4           39.4371         157.7486             0.0063                  0.89                 0.83                  1.72        0.0108           21.51
   13       4           39.4371         157.7486             0.0063                  0.89                 0.83                  1.72        0.0108           21.51
   14       4           39.5478         158.1910             0.0063                  1.50                 1.30                  2.80        0.0107           21.47
   15       4           39.5478         158.1910             0.0063                  1.50                 1.30                  2.80        0.0107           21.47
   16       4           39.3184         157.2735             0.0064                  0.89                 1.22                  2.11        0.0107           21.50
   17       4           39.3184         157.2735             0.0064                  0.89                 1.22                  2.11        0.0107           21.50
   18       4           39.3954         157.5815             0.0063                  1.50                 1.30                  2.80        0.0107           21.48
   19       4           39.3954         157.5815             0.0063                  1.50                 1.30                  2.80        0.0107           21.48
   20       4           39.3789         157.5155             0.0063                  2.06                 1.86                  3.92        0.0107           21.48
   21       4           39.3674         157.4696             0.0064                  2.68                 2.32                  5.00        0.0107           21.47
   22       4           39.3789         157.5155             0.0063                  2.06                 1.86                  3.92        0.0107           21.48
   23       4           39.3674         157.4696             0.0064                  2.68                 2.32                  5.00        0.0107           21.47
   24       4           39.3526         157.4104             0.0064                  2.06                 1.86                  3.92        0.0107           21.48
   25       4           39.3526         157.4104             0.0064                  2.06                 1.86                  3.92        0.0107           21.48
   26       4           39.3679         157.4716             0.0064                  2.06                 2.25                  4.31        0.0107           21.48
   27       4           39.2813         157.1252             0.0064                  1.50                 1.69                  3.19        0.0107           21.47
   28       5           39.3276         157.3104             0.0064                  0.89                 1.37                  2.26        0.0108           21.50
   29       5           39.4046         157.6185             0.0063                  1.50                 1.45                  2.95        0.0107           21.48
   30       5           39.4046         157.6185             0.0063                  1.50                 1.45                  2.95        0.0107           21.48
   31       5           39.3766         157.5066             0.0063                  2.68                 2.47                  5.15        0.0107           21.47
   32       5           39.3766         157.5066             0.0063                  2.68                 2.47                  5.15        0.0107           21.47
   33       5           39.3618         157.4473             0.0064                  2.06                 2.00                  4.06        0.0107           21.48
   34       5           39.3618         157.4473             0.0064                  2.06                 2.00                  4.06        0.0107           21.48
   35       5           39.3771         157.5086             0.0063                  2.06                 2.39                  4.45        0.0107           21.48
   36       5           39.3771         157.5086             0.0063                  2.06                 2.39                  4.45        0.0107           21.48
   37       5           39.2905         157.1621             0.0064                  1.50                 1.84                  3.34        0.0107           21.47
   38       5           39.2905         157.1621             0.0064                  1.50                 1.84                  3.34        0.0107           21.47
   39       5           39.3504         157.4014             0.0064                  2.68                 2.47                  5.15        0.0107           21.47
   40       5           39.3504         157.4014             0.0064                  2.68                 2.47                  5.15        0.0107           21.47
   41       5           39.3657         157.4627             0.0064                  2.68                 2.86                  5.54        0.0107           21.47
   42       6           39.3864         157.5455             0.0063                  2.06                 2.54                  4.60        0.0107           21.49
   43       6           39.2998         157.1991             0.0064                  1.50                 1.98                  3.49        0.0107           21.47
   44       6           39.3596         157.4384             0.0064                  2.68                 2.62                  5.29        0.0107           21.47
   45       6           39.3596         157.4384             0.0064                  2.68                 2.62                  5.29        0.0107           21.47
   46       6           39.3749         157.4997             0.0063                  2.68                 3.01                  5.68        0.0107           21.47
   47       6           39.3749         157.4997             0.0063                  2.68                 3.01                  5.68        0.0107           21.47
   48       7           39.3841         157.5366             0.0063                  2.68                 3.15                  5.83        0.0107           21.47

Summary Statistics:
------------------------------------------------------------------------------------------------------------------------
        Comp     Groups  Wall Time/Evt (s)  CPU Time/Evt (s)  Throughput (evt/s)  Write Remote (MB/evt)  Read Remote (MB/evt)  Net Transfer (MB/evt)  CPU Cores/Evt  Memory/Evt (MB)
count  48.00  48.000000          48.000000         48.000000           48.000000              48.000000             48.000000              48.000000      48.000000        48.000000
mean   24.50   4.333333          39.397701        157.590804            0.006346               1.782451              1.756410               3.538861       0.010742        21.483867
std    14.00   1.117241           0.081670          0.326679            0.000013               0.668887              0.723768               1.366042       0.000007         0.013704
min     1.00   2.000000          39.281290        157.125159            0.006316               0.888672              0.537109               1.425781       0.010734        21.468800
25%    12.75   4.000000          39.357846        157.431386            0.006343               1.350435              1.220703               2.556826       0.010736        21.472000
50%    24.50   4.000000          39.375778        157.503111            0.006349               1.782451              1.836387               3.628379       0.010741        21.482400
75%    36.25   5.000000          39.410442        157.641770            0.006352               2.214468              2.392578               4.699932       0.010745        21.489200
max    48.00   7.000000          39.581943        158.327770            0.006364               2.676230              3.154746               5.830977       0.010756        21.512000
