Workflow Construction Summary Table
========================================================================================================================

 Comp  Groups Wall Time/Evt (s) CPU Time/Evt (s) Throughput (evt/s) Write Remote (MB/evt) Read Remote (MB/evt) Net Transfer (MB/evt) CPU Cores/Evt Memory/Evt (MB)
    1       2           50.9990         179.5697             0.0056                  0.89                 0.62                  1.51        0.0024            4.71
    2       2           50.9990         179.5697             0.0056                  0.89                 0.62                  1.51        0.0024            4.71
    3       3           50.9753         179.5234             0.0056                  0.89                 0.79                  1.68        0.0024            4.72
    4       3           50.9753         179.5234             0.0056                  0.89                 0.79                  1.68        0.0024            4.72
    5       3           50.9634         179.4486             0.0056                  0.89                 0.78                  1.67        0.0024            4.72
    6       3           50.9634         179.4486             0.0056                  0.89                 0.78                  1.67        0.0024            4.72
    7       3           50.9951         179.5346             0.0056                  1.50                 1.33                  2.84        0.0024            4.72
    8       3           50.9951         179.5346             0.0056                  1.50                 1.33                  2.84        0.0024            4.72
    9       3           50.9168         179.3106             0.0056                  0.89                 1.23                  2.12        0.0024            4.72
   10       3           50.9184         179.3100             0.0056                  2.06                 1.98                  4.05        0.0024            4.72
   11       3           50.9184         179.3100             0.0056                  2.06                 1.98                  4.05        0.0024            4.72
   12       4           51.0585         179.6398             0.0056                  0.89                 0.98                  1.87        0.0024            4.74
   13       4           51.0585         179.6398             0.0056                  0.89                 0.98                  1.87        0.0024            4.74
   14       4           50.9487         179.4428             0.0056                  1.50                 1.50                  3.01        0.0024            4.72
   15       4           50.9487         179.4428             0.0056                  1.50                 1.50                  3.01        0.0024            4.72
   16       4           50.9394         179.3570             0.0056                  0.89                 1.40                  2.29        0.0024            4.72
   17       4           50.9394         179.3570             0.0056                  0.89                 1.40                  2.29        0.0024            4.72
   18       4           51.0884         179.6716             0.0056                  1.50                 1.49                  3.00        0.0024            4.74
   19       4           51.0884         179.6716             0.0056                  1.50                 1.49                  3.00        0.0024            4.74
   20       4           50.9271         179.3287             0.0056                  2.06                 2.14                  4.20        0.0024            4.73
   21       4           50.7900         179.0364             0.0056                  2.68                 2.68                  5.36        0.0024            4.71
   22       4           50.9271         179.3287             0.0056                  2.06                 2.14                  4.20        0.0024            4.73
   23       4           50.7900         179.0364             0.0056                  2.68                 2.68                  5.36        0.0024            4.71
   24       4           50.9559         179.3774             0.0056                  2.06                 2.16                  4.22        0.0024            4.73
   25       4           50.9559         179.3774             0.0056                  2.06                 2.16                  4.22        0.0024            4.73
   26       4           50.9303         179.3262             0.0056                  2.06                 2.62                  4.68        0.0024            4.73
   27       4           50.9248         179.3012             0.0056                  1.50                 1.96                  3.47        0.0024            4.72
   28       5           50.9411         179.3615             0.0056                  0.89                 1.57                  2.46        0.0024            4.73
   29       5           51.0763         179.6485             0.0056                  1.50                 1.67                  3.17        0.0024            4.75
   30       5           51.0763         179.6485             0.0056                  1.50                 1.67                  3.17        0.0024            4.75
   31       5           50.6850         178.8273             0.0056                  2.68                 2.81                  5.49        0.0024            4.71
   32       5           50.6850         178.8273             0.0056                  2.68                 2.81                  5.49        0.0024            4.71
   33       5           50.9327         179.3322             0.0056                  2.06                 2.30                  4.36        0.0024            4.73
   34       5           50.9327         179.3322             0.0056                  2.06                 2.30                  4.36        0.0024            4.73
   35       5           50.8802         179.2271             0.0056                  2.06                 2.79                  4.85        0.0024            4.72
   36       5           50.8802         179.2271             0.0056                  2.06                 2.79                  4.85        0.0024            4.72
   37       5           50.9157         179.2840             0.0056                  1.50                 2.13                  3.64        0.0024            4.72
   38       5           50.9157         179.2840             0.0056                  1.50                 2.13                  3.64        0.0024            4.72
   39       5           50.7098         178.8681             0.0056                  2.68                 2.84                  5.51        0.0024            4.71
   40       5           50.7098         178.8681             0.0056                  2.68                 2.84                  5.51        0.0024            4.71
   41       5           50.7775         179.0038             0.0056                  2.68                 3.31                  5.99        0.0024            4.72
   42       6           50.9240         179.3158             0.0056                  2.06                 2.97                  5.03        0.0024            4.73
   43       6           50.9141         179.2820             0.0056                  1.50                 2.30                  3.80        0.0024            4.73
   44       6           50.7778         179.0053             0.0056                  2.68                 3.03                  5.70        0.0024            4.72
   45       6           50.7778         179.0053             0.0056                  2.68                 3.03                  5.70        0.0024            4.72
   46       6           50.7613         178.9723             0.0056                  2.68                 3.50                  6.18        0.0024            4.72
   47       6           50.7613         178.9723             0.0056                  2.68                 3.50                  6.18        0.0024            4.72
   48       7           50.7493         178.9494             0.0056                  2.68                 3.66                  6.34        0.0024            4.72

Summary Statistics:
------------------------------------------------------------------------------------------------------------------------
        Comp     Groups  Wall Time/Evt (s)  CPU Time/Evt (s)  Throughput (evt/s)  Write Remote (MB/evt)  Read Remote (MB/evt)  Net Transfer (MB/evt)  CPU Cores/Evt  Memory/Evt (MB)
count  48.00  48.000000          48.000000         48.000000           48.000000              48.000000             48.000000              48.000000      48.000000        48.000000
mean   24.50   4.333333          50.909880        179.305417            0.005577               1.782451              2.031172               3.813624       0.002362         4.723433
std    14.00   1.117241           0.108646          0.243459            0.000008               0.668887              0.839393               1.478645       0.000005         0.009451
min     1.00   2.000000          50.684961        178.827294            0.005566               0.888672              0.620564               1.509236       0.002354         4.708800
25%    12.75   4.000000          50.857693        179.179443            0.005572               1.350435              1.398742               2.741320       0.002358         4.716800
50%    24.50   4.000000          50.928720        179.328712            0.005576               1.782451              2.134388               3.925126       0.002361         4.721600
75%    36.25   5.000000          50.966414        179.467288            0.005581               2.214468              2.792456               5.109899       0.002365         4.729600
max    48.00   7.000000          51.088385        179.671626            0.005592               2.676230              3.662977               6.339208       0.002373         4.745600
