Workflow Construction Summary Table
========================================================================================================================

 Comp  Groups Wall Time/Evt (s) CPU Time/Evt (s) Throughput (evt/s) Write Remote (MB/evt) Read Remote (MB/evt) Net Transfer (MB/evt) CPU Cores/Evt Memory/Evt (MB)
    1       1            9.5131         528.9011             0.0019                  0.45                 0.00                  0.45        0.0415           41.47
    2       2            9.4769         524.1799             0.0019                  0.45                 0.06                  0.51        0.0412           41.26
    3       2            9.4258         494.5834             0.0020                  0.45                 0.46                  0.91        0.0390           39.27
    4       2            9.3973         237.2678             0.0042                  1.22                 0.90                  2.12        0.0185           18.90
    5       2            9.4549         198.7352             0.0050                  2.54                 2.45                  4.99        0.0158           19.50
    6       3            9.4153         494.0928             0.0020                  0.45                 0.53                  0.98        0.0390           39.26
    7       3            9.3728         232.4581             0.0043                  1.22                 0.98                  2.20        0.0182           18.60
    8       3            9.4140         193.8418             0.0052                  2.54                 2.51                  5.04        0.0154           19.18
    9       3            9.3543         208.5473             0.0048                  1.22                 1.33                  2.55        0.0166           17.20
   10       3            9.4130         167.9681             0.0060                  2.53                 2.89                  5.43        0.0135           17.45
   11       3            9.3405         163.1485             0.0061                  3.26                 3.30                  6.56        0.0129           14.07
   12       4            9.3632         206.7575             0.0048                  1.22                 1.43                  2.66        0.0164           16.99
   13       4            9.4180         166.7008             0.0060                  2.52                 2.95                  5.47        0.0132           17.22
   14       4            9.3290         157.8373             0.0063                  3.23                 3.34                  6.57        0.0126           13.83
   15       4            9.3493         139.8563             0.0072                  3.31                 3.80                  7.11        0.0115           12.88
   16       5            9.3873         139.0606             0.0072                  3.31                 3.89                  7.20        0.0114           12.84

Summary Statistics:
------------------------------------------------------------------------------------------------------------------------
            Comp     Groups  Wall Time/Evt (s)  CPU Time/Evt (s)  Throughput (evt/s)  Write Remote (MB/evt)  Read Remote (MB/evt)  Net Transfer (MB/evt)  CPU Cores/Evt  Memory/Evt (MB)
count  16.000000  16.000000          16.000000         16.000000           16.000000              16.000000             16.000000              16.000000      16.000000        16.000000
mean    8.500000   3.000000           9.401539        265.871023            0.004684               1.869925              1.926756               3.796681       0.021052        22.495625
std     4.760952   1.032796           0.050846        148.843701            0.001843               1.138769              1.357778               2.487036       0.011620        10.851535
min     1.000000   1.000000           9.328957        139.060590            0.001891               0.446720              0.000000               0.447345       0.011437        12.836000
25%     4.750000   2.000000           9.360981        165.812714            0.003667               1.027477              0.809180               1.837707       0.013147        16.259000
50%     8.500000   3.000000           9.405130        202.746342            0.004934               1.874259              1.941868               3.821532       0.016081        18.025000
75%    12.250000   4.000000           9.419991        301.474030            0.006031               2.708998              3.035694               5.743523       0.023659        24.444000
max    16.000000   5.000000           9.513098        528.901069            0.007191               3.311008              3.888253               7.199261       0.041472        41.472000
