Workflow Construction Summary Table
========================================================================================================================

 Comp  Groups Wall Time/Evt (s) CPU Time/Evt (s) Throughput (evt/s) Write Remote (MB/evt) Read Remote (MB/evt) Net Transfer (MB/evt) CPU Cores/Evt Memory/Evt (MB)
    1       1            7.5514          60.1092             0.0166                  0.45                 0.00                  0.45        0.0155           15.51
    2       2            7.4325          58.9587             0.0170                  0.45                 0.06                  0.51        0.0155           15.45
    3       2            7.3114          56.5418             0.0177                  0.45                 0.38                  0.83        0.0151           15.06
    4       2            7.2365          49.1583             0.0203                  2.54                 2.10                  4.64        0.0133           14.12
    5       2            7.2406          44.3532             0.0225                  1.23                 0.78                  2.02        0.0120           10.16
    6       3            7.3047          55.7988             0.0179                  0.45                 0.44                  0.89        0.0149           15.06
    7       3            7.2020          49.0211             0.0204                  2.54                 2.16                  4.70        0.0133           14.07
    8       3            7.1868          44.1389             0.0227                  1.23                 0.85                  2.08        0.0120           10.10
    9       3            7.1751          48.9157             0.0204                  2.54                 2.48                  5.02        0.0133           13.68
   10       3            7.1363          43.9379             0.0228                  1.23                 1.16                  2.39        0.0120            9.71
   11       3            7.1518          43.9997             0.0227                  3.32                 2.88                  6.21        0.0120            9.85
   12       4            7.1684          48.1743             0.0208                  2.54                 2.54                  5.08        0.0131           13.68
   13       4            7.1296          43.1957             0.0232                  1.23                 1.23                  2.46        0.0118            9.71
   14       4            7.1174          43.8625             0.0228                  3.32                 2.95                  6.27        0.0120            9.80
   15       4            7.0913          43.7586             0.0229                  3.32                 3.26                  6.58        0.0120            9.40
   16       5            7.0838          43.0158             0.0232                  3.32                 3.33                  6.65        0.0118            9.40

Summary Statistics:
------------------------------------------------------------------------------------------------------------------------
            Comp     Groups  Wall Time/Evt (s)  CPU Time/Evt (s)  Throughput (evt/s)  Write Remote (MB/evt)  Read Remote (MB/evt)  Net Transfer (MB/evt)  CPU Cores/Evt  Memory/Evt (MB)
count  16.000000  16.000000          16.000000         16.000000           16.000000              16.000000             16.000000              16.000000      16.000000        16.000000
mean    8.500000   3.000000           7.219968         48.558759            0.020868               1.884766              1.663246               3.548012       0.013089        12.173200
std     4.760952   1.032796           0.127223          6.013917            0.002370               1.152134              1.174581               2.318393       0.001385         2.548018
min     1.000000   1.000000           7.083832         43.015787            0.016636               0.449219              0.000000               0.449219       0.011817         9.401800
25%     4.750000   2.000000           7.134611         43.919073            0.019737               1.035156              0.699091               1.734247       0.012013         9.774700
50%     8.500000   3.000000           7.180955         46.263749            0.021652               1.884766              1.663558               3.548323       0.012537        11.917000
75%    12.250000   4.000000           7.256620         50.818402            0.022769               2.734375              2.627481               5.361856       0.013660        14.359250
max    16.000000   5.000000           7.551426         60.109165            0.023247               3.320312              3.326232               6.646544       0.015510        15.510400
